# BEGIN PLOT
LegendOnly=//itp/scratch/rauch/Projekte/VBFNLO/VBSCAN/VBSComparison/parton-shower/VBFNLO/VBFNLO-NLO.yoda/MC_VBSCAN_MCComparison/m_jj //itp/scratch/rauch/Projekte/VBFNLO/VBSCAN/VBSComparison/parton-shower/MG5_aMC/run_PY8_5M_NLOPS_error_scalestat.yoda/MC_VBSCAN_MCComparison/m_jj //itp/scratch/rauch/Projekte/VBFNLO/VBSCAN/VBSComparison/parton-shower/MG5_aMC/run_PY8_5M_NLOPS_error_scale.yoda/MC_VBSCAN_MCComparison/m_jj
DrawOnly=//itp/scratch/rauch/Projekte/VBFNLO/VBSCAN/VBSComparison/parton-shower/VBFNLO/VBFNLO-NLO.yoda/MC_VBSCAN_MCComparison/m_jj //itp/scratch/rauch/Projekte/VBFNLO/VBSCAN/VBSComparison/parton-shower/MG5_aMC/run_PY8_5M_NLOPS_error_scalestat.yoda/MC_VBSCAN_MCComparison/m_jj //itp/scratch/rauch/Projekte/VBFNLO/VBSCAN/VBSComparison/parton-shower/MG5_aMC/run_PY8_5M_NLOPS_error_scale.yoda/MC_VBSCAN_MCComparison/m_jj
YMax=2e-3
Title=Dijet invariant mass
RatioPlotReference=//itp/scratch/rauch/Projekte/VBFNLO/VBSCAN/VBSComparison/parton-shower/VBFNLO/VBFNLO-NLO.yoda/MC_VBSCAN_MCComparison/m_jj
RatioPlotSameStyle=1
RatioPlot=1
LogY=1
RatioPlotYLabel=Ratio
LegendXPos=0.075
XLabel=$m_{j1,j2}$~[GeV]
XMax=4000
YLabel=$d~\sigma_{WW\to e^+\nu \mu^+\nu}/d~m_{j1,j2}$~[fb/GeV]
XMin=500
YMin=2e-5
LegendYPos=0.575
Legend=1
# END PLOT

# BEGIN HISTO1D //itp/scratch/rauch/Projekte/VBFNLO/VBSCAN/VBSComparison/parton-shower/VBFNLO/VBFNLO-NLO.yoda/MC_VBSCAN_MCComparison/m_jj
ErrorBandColor=red
ErrorBandOpacity=0.3
ErrorBands=1
LineColor=red
LineStyle=solid
Path=//itp/scratch/rauch/Projekte/VBFNLO/VBSCAN/VBSComparison/parton-shower/VBFNLO/VBFNLO-NLO.yoda/MC_VBSCAN_MCComparison/m_jj
RatioPlotErrorBandColor=red
ScaledBy=1
Title=NLO
XLabel=
YLabel=
# xlow	 xhigh	 val	 errminus	 errplus
0.000000e+00	1.000000e+02	0.000000e+00	0.000000e+00	0.000000e+00
1.000000e+02	2.000000e+02	0.000000e+00	0.000000e+00	0.000000e+00
2.000000e+02	3.000000e+02	0.000000e+00	0.000000e+00	0.000000e+00
3.000000e+02	4.000000e+02	0.000000e+00	0.000000e+00	0.000000e+00
4.000000e+02	5.000000e+02	0.000000e+00	0.000000e+00	0.000000e+00
5.000000e+02	6.000000e+02	9.041958e-04	7.013303e-07	7.013303e-07
6.000000e+02	7.000000e+02	9.486498e-04	7.442472e-07	7.442472e-07
7.000000e+02	8.000000e+02	9.509942e-04	6.907194e-07	6.907194e-07
8.000000e+02	9.000000e+02	9.216770e-04	6.802529e-07	6.802529e-07
9.000000e+02	1.000000e+03	8.796100e-04	6.343001e-07	6.343001e-07
1.000000e+03	1.100000e+03	8.249475e-04	6.471657e-07	6.471657e-07
1.100000e+03	1.200000e+03	7.706226e-04	6.851826e-07	6.851826e-07
1.200000e+03	1.300000e+03	7.115303e-04	6.842235e-07	6.842235e-07
1.300000e+03	1.400000e+03	6.551821e-04	6.263044e-07	6.263044e-07
1.400000e+03	1.500000e+03	6.016570e-04	5.872650e-07	5.872650e-07
1.500000e+03	1.600000e+03	5.490100e-04	5.672956e-07	5.672956e-07
1.600000e+03	1.700000e+03	5.007971e-04	5.911631e-07	5.911631e-07
1.700000e+03	1.800000e+03	4.564806e-04	5.159837e-07	5.159837e-07
1.800000e+03	1.900000e+03	4.135266e-04	5.063245e-07	5.063245e-07
1.900000e+03	2.000000e+03	3.751297e-04	5.055852e-07	5.055852e-07
2.000000e+03	2.100000e+03	3.406678e-04	4.873735e-07	4.873735e-07
2.100000e+03	2.200000e+03	3.076576e-04	4.914107e-07	4.914107e-07
2.200000e+03	2.300000e+03	2.764118e-04	5.807374e-07	5.807374e-07
2.300000e+03	2.400000e+03	2.508620e-04	5.469257e-07	5.469257e-07
2.400000e+03	2.500000e+03	2.260220e-04	4.089384e-07	4.089384e-07
2.500000e+03	2.600000e+03	2.026182e-04	3.960447e-07	3.960447e-07
2.600000e+03	2.700000e+03	1.818474e-04	3.826153e-07	3.826153e-07
2.700000e+03	2.800000e+03	1.640363e-04	3.547490e-07	3.547490e-07
2.800000e+03	2.900000e+03	1.459385e-04	4.279916e-07	4.279916e-07
2.900000e+03	3.000000e+03	1.321498e-04	4.691791e-07	4.691791e-07
3.000000e+03	3.100000e+03	1.165522e-04	3.739393e-07	3.739393e-07
3.100000e+03	3.200000e+03	1.047639e-04	3.006673e-07	3.006673e-07
3.200000e+03	3.300000e+03	9.382653e-05	2.777072e-07	2.777072e-07
3.300000e+03	3.400000e+03	8.315300e-05	2.774625e-07	2.774625e-07
3.400000e+03	3.500000e+03	7.413458e-05	2.403925e-07	2.403925e-07
3.500000e+03	3.600000e+03	6.587054e-05	2.118951e-07	2.118951e-07
3.600000e+03	3.700000e+03	5.827796e-05	2.214171e-07	2.214171e-07
3.700000e+03	3.800000e+03	5.174078e-05	2.151162e-07	2.151162e-07
3.800000e+03	3.900000e+03	4.561684e-05	1.905980e-07	1.905980e-07
3.900000e+03	4.000000e+03	4.065015e-05	1.917039e-07	1.917039e-07
# END HISTO1D

# BEGIN HISTO1D //itp/scratch/rauch/Projekte/VBFNLO/VBSCAN/VBSComparison/parton-shower/MG5_aMC/run_PY8_5M_NLOPS_error_scalestat.yoda/MC_VBSCAN_MCComparison/m_jj
ErrorBandColor=green
ErrorBandOpacity=0.3
ErrorBands=1
LineColor=green
LineStyle=solid
Path=//itp/scratch/rauch/Projekte/VBFNLO/VBSCAN/VBSComparison/parton-shower/MG5_aMC/run_PY8_5M_NLOPS_error_scalestat.yoda/MC_VBSCAN_MCComparison/m_jj
RatioPlotErrorBandColor=green
Title=MG5_aMC+Pythia 8(scale+stat)
# xlow	 xhigh	 val	 errminus	 errplus
0.000000e+00	1.000000e+02	0.000000e+00	0.000000e+00	0.000000e+00
1.000000e+02	2.000000e+02	0.000000e+00	0.000000e+00	0.000000e+00
2.000000e+02	3.000000e+02	0.000000e+00	0.000000e+00	0.000000e+00
3.000000e+02	4.000000e+02	0.000000e+00	0.000000e+00	0.000000e+00
4.000000e+02	5.000000e+02	0.000000e+00	0.000000e+00	0.000000e+00
5.000000e+02	6.000000e+02	9.932710e-04	9.795643e-06	4.814552e-05
6.000000e+02	7.000000e+02	1.018749e-03	2.827186e-05	2.357037e-05
7.000000e+02	8.000000e+02	1.024735e-03	1.668541e-05	3.166764e-05
8.000000e+02	9.000000e+02	9.935786e-04	2.746697e-05	1.812834e-05
9.000000e+02	1.000000e+03	9.629671e-04	1.270568e-05	3.439169e-05
1.000000e+03	1.100000e+03	8.725112e-04	9.011758e-06	3.547919e-05
1.100000e+03	1.200000e+03	8.192800e-04	8.707821e-06	3.777269e-05
1.200000e+03	1.300000e+03	7.490189e-04	9.571877e-06	3.333326e-05
1.300000e+03	1.400000e+03	7.027521e-04	1.218268e-05	2.869058e-05
1.400000e+03	1.500000e+03	6.377535e-04	1.657146e-05	2.991587e-05
1.500000e+03	1.600000e+03	5.771225e-04	7.138056e-06	3.082583e-05
1.600000e+03	1.700000e+03	5.388369e-04	2.232718e-05	2.087942e-05
1.700000e+03	1.800000e+03	4.917667e-04	2.745982e-05	1.244284e-05
1.800000e+03	1.900000e+03	4.378643e-04	1.407326e-05	2.019369e-05
1.900000e+03	2.000000e+03	4.016460e-04	2.004221e-05	2.015527e-05
2.000000e+03	2.100000e+03	3.410369e-04	5.470423e-06	3.545078e-05
2.100000e+03	2.200000e+03	3.125179e-04	8.438598e-06	2.018320e-05
2.200000e+03	2.300000e+03	2.958356e-04	2.370507e-05	4.875936e-06
2.300000e+03	2.400000e+03	2.640528e-04	5.865733e-06	3.263470e-05
2.400000e+03	2.500000e+03	2.225928e-04	6.593237e-06	3.040898e-05
2.500000e+03	2.600000e+03	2.070872e-04	1.334465e-05	1.478711e-05
2.600000e+03	2.700000e+03	1.855919e-04	4.952572e-06	2.177515e-05
2.700000e+03	2.800000e+03	1.677273e-04	1.570392e-05	9.883068e-06
2.800000e+03	2.900000e+03	1.466202e-04	9.982634e-06	1.193353e-05
2.900000e+03	3.000000e+03	1.334503e-04	1.812225e-05	6.443297e-06
3.000000e+03	3.100000e+03	1.149223e-04	5.560734e-06	1.706712e-05
3.100000e+03	3.200000e+03	1.074892e-04	4.579176e-06	2.085373e-05
3.200000e+03	3.300000e+03	9.427953e-05	1.093952e-05	7.968735e-06
3.300000e+03	3.400000e+03	8.481337e-05	1.332308e-05	2.472449e-06
3.400000e+03	3.500000e+03	8.156919e-05	8.594569e-06	7.745152e-06
3.500000e+03	3.600000e+03	6.787087e-05	6.995592e-06	9.498206e-06
3.600000e+03	3.700000e+03	5.910699e-05	7.240680e-06	4.097092e-06
3.700000e+03	3.800000e+03	5.062159e-05	5.564484e-06	7.053082e-06
3.800000e+03	3.900000e+03	4.408530e-05	5.612375e-06	4.886178e-06
3.900000e+03	4.000000e+03	3.828636e-05	4.535618e-06	8.402091e-06
# END HISTO1D

# BEGIN HISTO1D //itp/scratch/rauch/Projekte/VBFNLO/VBSCAN/VBSComparison/parton-shower/MG5_aMC/run_PY8_5M_NLOPS_error_scale.yoda/MC_VBSCAN_MCComparison/m_jj
ErrorBandColor=brown
ErrorBandOpacity=0.3
ErrorBands=1
LineColor=brown
LineStyle=solid
Path=//itp/scratch/rauch/Projekte/VBFNLO/VBSCAN/VBSComparison/parton-shower/MG5_aMC/run_PY8_5M_NLOPS_error_scale.yoda/MC_VBSCAN_MCComparison/m_jj
RatioPlotErrorBandColor=brown
Title=MG5_aMC+Pythia 8(scale)
# xlow	 xhigh	 val	 errminus	 errplus
0.000000e+00	1.000000e+02	0.000000e+00	0.000000e+00	0.000000e+00
1.000000e+02	2.000000e+02	0.000000e+00	0.000000e+00	0.000000e+00
2.000000e+02	3.000000e+02	0.000000e+00	0.000000e+00	0.000000e+00
3.000000e+02	4.000000e+02	0.000000e+00	0.000000e+00	0.000000e+00
4.000000e+02	5.000000e+02	0.000000e+00	0.000000e+00	0.000000e+00
5.000000e+02	6.000000e+02	9.932710e-04	0.000000e+00	3.334800e-05
6.000000e+02	7.000000e+02	1.018749e-03	1.213500e-05	9.754000e-06
7.000000e+02	8.000000e+02	1.024735e-03	5.050000e-07	1.688400e-05
8.000000e+02	9.000000e+02	9.935786e-04	1.161020e-05	4.538500e-06
9.000000e+02	1.000000e+03	9.629671e-04	7.313000e-07	2.111410e-05
1.000000e+03	1.100000e+03	8.725112e-04	0.000000e+00	2.217840e-05
1.100000e+03	1.200000e+03	8.192800e-04	0.000000e+00	2.510890e-05
1.200000e+03	1.300000e+03	7.490189e-04	0.000000e+00	2.148060e-05
1.300000e+03	1.400000e+03	7.027521e-04	2.220100e-06	1.712730e-05
1.400000e+03	1.500000e+03	6.377535e-04	7.110900e-06	1.717380e-05
1.500000e+03	1.600000e+03	5.771225e-04	0.000000e+00	2.037180e-05
1.600000e+03	1.700000e+03	5.388369e-04	1.390070e-05	9.350000e-06
1.700000e+03	1.800000e+03	4.917667e-04	1.944710e-05	1.411000e-06
1.800000e+03	1.900000e+03	4.378643e-04	6.456800e-06	1.144120e-05
1.900000e+03	2.000000e+03	4.016460e-04	1.292630e-05	1.027290e-05
2.000000e+03	2.100000e+03	3.410369e-04	0.000000e+00	2.605290e-05
2.100000e+03	2.200000e+03	3.125179e-04	1.981800e-06	1.132740e-05
2.200000e+03	2.300000e+03	2.958356e-04	1.769170e-05	0.000000e+00
2.300000e+03	2.400000e+03	2.640528e-04	2.537000e-07	2.460970e-05
2.400000e+03	2.500000e+03	2.225928e-04	1.304500e-06	2.278710e-05
2.500000e+03	2.600000e+03	2.070872e-04	8.302000e-06	7.471300e-06
2.600000e+03	2.700000e+03	1.855919e-04	1.940000e-07	1.484250e-05
2.700000e+03	2.800000e+03	1.677273e-04	1.112630e-05	3.082900e-06
2.800000e+03	2.900000e+03	1.466202e-04	5.820200e-06	5.718200e-06
2.900000e+03	3.000000e+03	1.334503e-04	1.432710e-05	7.917000e-07
3.000000e+03	3.100000e+03	1.149223e-04	1.914500e-06	1.164390e-05
3.100000e+03	3.200000e+03	1.074892e-04	1.188200e-06	1.575040e-05
3.200000e+03	3.300000e+03	9.427953e-05	7.770810e-06	3.196460e-06
3.300000e+03	3.400000e+03	8.481337e-05	1.037457e-05	0.000000e+00
3.400000e+03	3.500000e+03	8.156919e-05	5.641190e-06	3.244990e-06
3.500000e+03	3.600000e+03	6.787087e-05	4.375150e-06	5.477190e-06
3.600000e+03	3.700000e+03	5.910699e-05	4.465270e-06	0.000000e+00
3.700000e+03	3.800000e+03	5.062159e-05	3.315740e-06	3.516640e-06
3.800000e+03	3.900000e+03	4.408530e-05	3.549260e-06	1.577190e-06
3.900000e+03	4.000000e+03	3.828636e-05	2.625190e-06	5.323600e-06
# END HISTO1D

