# BEGIN PLOT
LegendOnly=//itp/scratch/rauch/Projekte/VBFNLO/VBSCAN/VBSComparison/parton-shower/VBFNLO/VBFNLO-NLO.yoda/MC_VBSCAN_MCComparison/pT_j3 //itp/scratch/rauch/Projekte/VBFNLO/VBSCAN/VBSComparison/parton-shower/MG5_aMC/run_PY8_5M_NLOPS_error_scalestat.yoda/MC_VBSCAN_MCComparison/pT_j3 //itp/scratch/rauch/Projekte/VBFNLO/VBSCAN/VBSComparison/parton-shower/MG5_aMC/run_PY8_5M_NLOPS_error_scale.yoda/MC_VBSCAN_MCComparison/pT_j3
DrawOnly=//itp/scratch/rauch/Projekte/VBFNLO/VBSCAN/VBSComparison/parton-shower/VBFNLO/VBFNLO-NLO.yoda/MC_VBSCAN_MCComparison/pT_j3 //itp/scratch/rauch/Projekte/VBFNLO/VBSCAN/VBSComparison/parton-shower/MG5_aMC/run_PY8_5M_NLOPS_error_scalestat.yoda/MC_VBSCAN_MCComparison/pT_j3 //itp/scratch/rauch/Projekte/VBFNLO/VBSCAN/VBSComparison/parton-shower/MG5_aMC/run_PY8_5M_NLOPS_error_scale.yoda/MC_VBSCAN_MCComparison/pT_j3
Title=Transverse momentum of the third jet
RatioPlot=1
LogY=1
RatioPlotYLabel=Ratio
RatioPlotSameStyle=1
RatioPlotReference=//itp/scratch/rauch/Projekte/VBFNLO/VBSCAN/VBSComparison/parton-shower/VBFNLO/VBFNLO-NLO.yoda/MC_VBSCAN_MCComparison/pT_j3
XLabel=$p_{T,j3}$~[GeV]
YLabel=$d~\sigma_{WW\to e^+\nu \mu^+\nu}/d~p_{T,j3}$~[fb/GeV]
Legend=1
# END PLOT

# BEGIN HISTO1D //itp/scratch/rauch/Projekte/VBFNLO/VBSCAN/VBSComparison/parton-shower/VBFNLO/VBFNLO-NLO.yoda/MC_VBSCAN_MCComparison/pT_j3
ErrorBandColor=red
ErrorBandOpacity=0.3
ErrorBands=1
LineColor=red
LineStyle=solid
Path=//itp/scratch/rauch/Projekte/VBFNLO/VBSCAN/VBSComparison/parton-shower/VBFNLO/VBFNLO-NLO.yoda/MC_VBSCAN_MCComparison/pT_j3
RatioPlotErrorBandColor=red
ScaledBy=1
Title=NLO
XLabel=
YLabel=
# xlow	 xhigh	 val	 errminus	 errplus
0.000000e+00	1.000000e+01	0.000000e+00	0.000000e+00	0.000000e+00
1.000000e+01	2.000000e+01	0.000000e+00	0.000000e+00	0.000000e+00
2.000000e+01	3.000000e+01	0.000000e+00	0.000000e+00	0.000000e+00
3.000000e+01	4.000000e+01	1.314822e-02	2.569347e-06	2.569347e-06
4.000000e+01	5.000000e+01	8.507726e-03	2.030931e-06	2.030931e-06
5.000000e+01	6.000000e+01	5.723414e-03	1.602476e-06	1.602476e-06
6.000000e+01	7.000000e+01	3.945186e-03	1.279956e-06	1.279956e-06
7.000000e+01	8.000000e+01	2.768209e-03	1.089248e-06	1.089248e-06
8.000000e+01	9.000000e+01	1.969960e-03	8.921063e-07	8.921063e-07
9.000000e+01	1.000000e+02	1.417965e-03	7.480269e-07	7.480269e-07
1.000000e+02	1.100000e+02	1.033489e-03	6.623004e-07	6.623004e-07
1.100000e+02	1.200000e+02	7.591589e-04	5.814301e-07	5.814301e-07
1.200000e+02	1.300000e+02	5.626472e-04	5.063952e-07	5.063952e-07
1.300000e+02	1.400000e+02	4.212226e-04	4.444211e-07	4.444211e-07
1.400000e+02	1.500000e+02	3.183174e-04	4.133922e-07	4.133922e-07
1.500000e+02	1.600000e+02	2.425399e-04	3.557639e-07	3.557639e-07
1.600000e+02	1.700000e+02	1.865912e-04	3.246735e-07	3.246735e-07
1.700000e+02	1.800000e+02	1.443297e-04	2.986904e-07	2.986904e-07
1.800000e+02	1.900000e+02	1.130668e-04	2.659288e-07	2.659288e-07
1.900000e+02	2.000000e+02	8.893217e-05	2.677609e-07	2.677609e-07
2.000000e+02	2.100000e+02	7.054922e-05	2.401068e-07	2.401068e-07
2.100000e+02	2.200000e+02	5.612966e-05	2.520789e-07	2.520789e-07
2.200000e+02	2.300000e+02	4.440582e-05	1.815147e-07	1.815147e-07
2.300000e+02	2.400000e+02	3.577390e-05	1.750094e-07	1.750094e-07
2.400000e+02	2.500000e+02	2.890860e-05	1.704973e-07	1.704973e-07
2.500000e+02	2.600000e+02	2.343087e-05	1.551901e-07	1.551901e-07
2.600000e+02	2.700000e+02	1.938508e-05	1.577755e-07	1.577755e-07
2.700000e+02	2.800000e+02	1.549387e-05	1.408090e-07	1.408090e-07
2.800000e+02	2.900000e+02	1.288778e-05	1.340245e-07	1.340245e-07
2.900000e+02	3.000000e+02	1.068851e-05	1.211433e-07	1.211433e-07
3.000000e+02	3.100000e+02	8.571781e-06	1.061640e-07	1.061640e-07
3.100000e+02	3.200000e+02	7.264743e-06	1.476039e-07	1.476039e-07
3.200000e+02	3.300000e+02	6.087933e-06	9.823466e-08	9.823466e-08
3.300000e+02	3.400000e+02	4.687504e-06	7.341784e-08	7.341784e-08
3.400000e+02	3.500000e+02	4.093124e-06	7.527837e-08	7.527837e-08
3.500000e+02	3.600000e+02	3.334846e-06	6.197751e-08	6.197751e-08
3.600000e+02	3.700000e+02	2.879429e-06	6.161668e-08	6.161668e-08
3.700000e+02	3.800000e+02	2.297003e-06	5.371149e-08	5.371149e-08
3.800000e+02	3.900000e+02	1.943978e-06	4.989272e-08	4.989272e-08
3.900000e+02	4.000000e+02	1.770971e-06	6.104149e-08	6.104149e-08
4.000000e+02	4.100000e+02	1.471784e-06	5.276423e-08	5.276423e-08
4.100000e+02	4.200000e+02	1.146489e-06	3.655559e-08	3.655559e-08
4.200000e+02	4.300000e+02	9.858974e-07	3.180126e-08	3.180126e-08
4.300000e+02	4.400000e+02	8.382570e-07	3.647385e-08	3.647385e-08
4.400000e+02	4.500000e+02	7.173216e-07	3.327933e-08	3.327933e-08
4.500000e+02	4.600000e+02	6.708836e-07	3.590565e-08	3.590565e-08
4.600000e+02	4.700000e+02	5.346950e-07	2.678060e-08	2.678060e-08
4.700000e+02	4.800000e+02	4.360846e-07	2.561072e-08	2.561072e-08
4.800000e+02	4.900000e+02	4.172977e-07	3.016984e-08	3.016984e-08
4.900000e+02	5.000000e+02	3.177166e-07	2.112362e-08	2.112362e-08
5.000000e+02	5.100000e+02	2.787313e-07	1.865570e-08	1.865570e-08
5.100000e+02	5.200000e+02	2.528571e-07	1.986600e-08	1.986600e-08
5.200000e+02	5.300000e+02	1.980113e-07	2.472990e-08	2.472990e-08
5.300000e+02	5.400000e+02	2.107710e-07	2.574415e-08	2.574415e-08
5.400000e+02	5.500000e+02	1.321903e-07	1.023245e-08	1.023245e-08
5.500000e+02	5.600000e+02	1.388997e-07	1.954168e-08	1.954168e-08
5.600000e+02	5.700000e+02	1.145126e-07	1.347286e-08	1.347286e-08
5.700000e+02	5.800000e+02	8.880386e-08	1.108853e-08	1.108853e-08
5.800000e+02	5.900000e+02	6.997223e-08	6.454506e-09	6.454506e-09
5.900000e+02	6.000000e+02	5.647028e-08	6.546374e-09	6.546374e-09
6.000000e+02	6.100000e+02	5.025818e-08	9.689544e-09	9.689544e-09
6.100000e+02	6.200000e+02	5.656866e-08	9.603274e-09	9.603274e-09
6.200000e+02	6.300000e+02	4.935639e-08	1.501917e-08	1.501917e-08
6.300000e+02	6.400000e+02	3.998561e-08	7.108006e-09	7.108006e-09
6.400000e+02	6.500000e+02	3.102952e-08	4.664000e-09	4.664000e-09
6.500000e+02	6.600000e+02	1.929468e-08	2.674663e-09	2.674663e-09
6.600000e+02	6.700000e+02	1.426831e-08	2.542202e-09	2.542202e-09
6.700000e+02	6.800000e+02	1.622029e-08	2.726937e-09	2.726937e-09
6.800000e+02	6.900000e+02	1.622602e-08	3.770070e-09	3.770070e-09
6.900000e+02	7.000000e+02	1.291980e-08	2.079730e-09	2.079730e-09
7.000000e+02	7.100000e+02	1.572360e-08	4.409905e-09	4.409905e-09
7.100000e+02	7.200000e+02	9.544610e-09	1.599378e-09	1.599378e-09
7.200000e+02	7.300000e+02	1.122707e-08	4.243673e-09	4.243673e-09
7.300000e+02	7.400000e+02	6.242832e-09	1.577575e-09	1.577575e-09
7.400000e+02	7.500000e+02	8.706799e-09	2.644560e-09	2.644560e-09
7.500000e+02	7.600000e+02	7.328351e-09	2.867876e-09	2.867876e-09
7.600000e+02	7.700000e+02	4.329783e-09	8.161626e-10	8.161626e-10
7.700000e+02	7.800000e+02	3.031108e-09	5.297582e-10	5.297582e-10
7.800000e+02	7.900000e+02	3.132991e-09	8.197769e-10	8.197769e-10
7.900000e+02	8.000000e+02	3.794834e-09	2.043757e-09	2.043757e-09
8.000000e+02	8.100000e+02	1.276608e-09	2.373575e-10	2.373575e-10
8.100000e+02	8.200000e+02	1.540919e-09	4.746748e-10	4.746748e-10
8.200000e+02	8.300000e+02	1.941482e-09	7.346511e-10	7.346511e-10
8.300000e+02	8.400000e+02	2.505323e-09	1.064942e-09	1.064942e-09
8.400000e+02	8.500000e+02	6.825089e-10	1.419409e-10	1.419409e-10
8.500000e+02	8.600000e+02	7.691698e-10	2.271270e-10	2.271270e-10
8.600000e+02	8.700000e+02	1.297631e-09	4.269900e-10	4.269900e-10
8.700000e+02	8.800000e+02	1.049935e-09	4.471874e-10	4.471874e-10
8.800000e+02	8.900000e+02	3.725021e-10	6.568454e-11	6.568454e-11
8.900000e+02	9.000000e+02	1.163542e-09	3.095265e-10	3.095265e-10
9.000000e+02	9.100000e+02	1.062627e-09	4.247630e-10	4.247630e-10
9.100000e+02	9.200000e+02	4.793827e-10	1.136453e-10	1.136453e-10
9.200000e+02	9.300000e+02	7.795210e-10	4.277118e-10	4.277118e-10
9.300000e+02	9.400000e+02	2.417955e-10	1.011749e-10	1.011749e-10
9.400000e+02	9.500000e+02	1.397340e-10	2.403282e-11	2.403282e-11
9.500000e+02	9.600000e+02	1.042585e-10	1.103189e-11	1.103189e-11
9.600000e+02	9.700000e+02	1.078083e-10	4.623820e-11	4.623820e-11
9.700000e+02	9.800000e+02	1.262708e-10	6.198395e-11	6.198395e-11
9.800000e+02	9.900000e+02	9.493134e-11	3.253808e-12	3.253808e-12
9.900000e+02	1.000000e+03	2.254758e-11	5.296470e-12	5.296470e-12
# END HISTO1D

# BEGIN HISTO1D //itp/scratch/rauch/Projekte/VBFNLO/VBSCAN/VBSComparison/parton-shower/MG5_aMC/run_PY8_5M_NLOPS_error_scalestat.yoda/MC_VBSCAN_MCComparison/pT_j3
ErrorBandColor=green
ErrorBandOpacity=0.3
ErrorBands=1
LineColor=green
LineStyle=solid
Path=//itp/scratch/rauch/Projekte/VBFNLO/VBSCAN/VBSComparison/parton-shower/MG5_aMC/run_PY8_5M_NLOPS_error_scalestat.yoda/MC_VBSCAN_MCComparison/pT_j3
RatioPlotErrorBandColor=green
Title=MG5_aMC+Pythia 8(scale+stat)
# xlow	 xhigh	 val	 errminus	 errplus
0.000000e+00	1.000000e+01	0.000000e+00	0.000000e+00	0.000000e+00
1.000000e+01	2.000000e+01	0.000000e+00	0.000000e+00	0.000000e+00
2.000000e+01	3.000000e+01	0.000000e+00	0.000000e+00	0.000000e+00
3.000000e+01	4.000000e+01	1.669389e-02	4.453572e-04	5.725163e-04
4.000000e+01	5.000000e+01	1.078608e-02	5.595814e-04	4.586365e-04
5.000000e+01	6.000000e+01	7.195306e-03	2.188162e-04	5.738887e-04
6.000000e+01	7.000000e+01	4.830399e-03	7.446928e-04	8.057380e-05
7.000000e+01	8.000000e+01	3.379841e-03	2.133340e-04	3.529967e-04
8.000000e+01	9.000000e+01	2.368022e-03	3.426590e-04	1.055976e-04
9.000000e+01	1.000000e+02	1.593537e-03	2.389231e-04	1.443912e-04
1.000000e+02	1.100000e+02	1.198412e-03	2.351236e-04	5.952964e-05
1.100000e+02	1.200000e+02	8.772926e-04	9.891703e-05	1.082244e-04
1.200000e+02	1.300000e+02	5.849635e-04	9.189275e-05	7.964530e-05
1.300000e+02	1.400000e+02	4.117396e-04	6.292080e-05	6.703017e-05
1.400000e+02	1.500000e+02	2.947988e-04	1.131801e-04	3.008452e-05
1.500000e+02	1.600000e+02	2.653837e-04	3.750359e-05	4.111512e-05
1.600000e+02	1.700000e+02	1.468708e-04	1.601914e-05	6.740185e-05
1.700000e+02	1.800000e+02	1.466200e-04	4.093521e-05	1.946861e-05
1.800000e+02	1.900000e+02	9.925927e-05	1.245769e-05	3.813573e-05
1.900000e+02	2.000000e+02	8.918643e-05	2.337971e-05	2.571820e-05
2.000000e+02	2.100000e+02	7.115543e-05	4.502434e-05	9.550996e-06
2.100000e+02	2.200000e+02	6.636699e-05	3.144450e-05	8.422696e-06
2.200000e+02	2.300000e+02	2.722290e-05	7.327583e-06	2.841714e-05
2.300000e+02	2.400000e+02	2.858088e-05	6.683634e-06	2.635139e-05
2.400000e+02	2.500000e+02	3.360232e-05	1.992895e-05	5.910662e-06
2.500000e+02	2.600000e+02	1.797886e-05	1.150140e-05	1.056688e-05
2.600000e+02	2.700000e+02	2.170665e-05	2.191522e-05	4.806225e-06
2.700000e+02	2.800000e+02	1.111239e-05	6.044005e-06	7.712238e-06
2.800000e+02	2.900000e+02	1.136424e-05	3.951695e-06	1.361320e-05
2.900000e+02	3.000000e+02	5.289921e-06	3.326331e-06	1.374429e-05
3.000000e+02	3.100000e+02	7.932662e-06	3.501617e-06	7.641253e-06
3.100000e+02	3.200000e+02	8.212246e-06	7.924812e-06	3.440044e-06
3.200000e+02	3.300000e+02	4.231493e-06	2.799980e-06	7.564706e-06
3.300000e+02	3.400000e+02	5.293250e-06	2.450076e-06	5.568159e-06
3.400000e+02	3.500000e+02	5.810262e-06	2.213601e-06	6.502477e-06
3.500000e+02	3.600000e+02	1.320262e-06	5.011136e-06	1.925991e-06
3.600000e+02	3.700000e+02	1.851694e-06	1.852332e-06	4.650747e-06
3.700000e+02	3.800000e+02	2.380908e-06	1.775951e-06	3.734518e-06
3.800000e+02	3.900000e+02	1.060647e-06	4.558170e-06	1.399752e-06
3.900000e+02	4.000000e+02	2.119075e-06	4.206969e-06	1.399752e-06
4.000000e+02	4.100000e+02	5.292140e-07	2.190641e-06	2.946333e-06
4.100000e+02	4.200000e+02	2.662713e-07	1.269592e-06	5.196837e-06
4.200000e+02	4.300000e+02	5.314327e-07	9.169478e-07	5.564510e-06
4.300000e+02	4.400000e+02	-1.109400e-09	8.381647e-07	2.572471e-06
4.400000e+02	4.500000e+02	-5.281045e-07	9.573205e-07	1.615577e-06
4.500000e+02	4.600000e+02	-1.109400e-09	2.297395e-06	6.472472e-07
4.600000e+02	4.700000e+02	5.303235e-07	6.486064e-07	2.689749e-06
4.700000e+02	4.800000e+02	1.322481e-06	1.091249e-06	9.234447e-07
4.800000e+02	4.900000e+02	1.587642e-06	2.506407e-06	6.481536e-07
4.900000e+02	5.000000e+02	5.292140e-07	5.292140e-07	3.742116e-07
5.000000e+02	5.100000e+02	2.651617e-07	7.727170e-07	1.361154e-06
5.100000e+02	5.200000e+02	5.303235e-07	5.303236e-07	6.759565e-07
5.200000e+02	5.300000e+02	0.000000e+00	4.304778e-14	1.321840e-06
5.300000e+02	5.400000e+02	0.000000e+00	3.749953e-07	1.369520e-06
5.400000e+02	5.500000e+02	5.281045e-07	1.908784e-06	3.734263e-07
5.500000e+02	5.600000e+02	0.000000e+00	1.335299e-13	1.410920e-06
5.600000e+02	5.700000e+02	0.000000e+00	0.000000e+00	0.000000e+00
5.700000e+02	5.800000e+02	0.000000e+00	3.687623e-14	1.345040e-06
5.800000e+02	5.900000e+02	-1.109400e-09	3.742116e-07	3.742116e-07
5.900000e+02	6.000000e+02	0.000000e+00	0.000000e+00	0.000000e+00
6.000000e+02	6.100000e+02	2.651617e-07	2.651618e-07	1.003318e-06
6.100000e+02	6.200000e+02	2.651617e-07	2.651617e-07	2.651617e-07
6.200000e+02	6.300000e+02	0.000000e+00	1.417840e-06	3.721913e-14
6.300000e+02	6.400000e+02	0.000000e+00	0.000000e+00	0.000000e+00
6.400000e+02	6.500000e+02	0.000000e+00	0.000000e+00	0.000000e+00
6.500000e+02	6.600000e+02	0.000000e+00	1.376840e-06	6.096467e-14
6.600000e+02	6.700000e+02	0.000000e+00	0.000000e+00	0.000000e+00
6.700000e+02	6.800000e+02	0.000000e+00	0.000000e+00	0.000000e+00
6.800000e+02	6.900000e+02	0.000000e+00	0.000000e+00	0.000000e+00
6.900000e+02	7.000000e+02	0.000000e+00	0.000000e+00	0.000000e+00
7.000000e+02	7.100000e+02	0.000000e+00	0.000000e+00	0.000000e+00
7.100000e+02	7.200000e+02	0.000000e+00	0.000000e+00	0.000000e+00
7.200000e+02	7.300000e+02	0.000000e+00	0.000000e+00	0.000000e+00
7.300000e+02	7.400000e+02	0.000000e+00	0.000000e+00	0.000000e+00
7.400000e+02	7.500000e+02	0.000000e+00	0.000000e+00	0.000000e+00
7.500000e+02	7.600000e+02	0.000000e+00	0.000000e+00	0.000000e+00
7.600000e+02	7.700000e+02	0.000000e+00	0.000000e+00	0.000000e+00
7.700000e+02	7.800000e+02	0.000000e+00	0.000000e+00	0.000000e+00
7.800000e+02	7.900000e+02	0.000000e+00	0.000000e+00	0.000000e+00
7.900000e+02	8.000000e+02	0.000000e+00	0.000000e+00	0.000000e+00
8.000000e+02	8.100000e+02	0.000000e+00	0.000000e+00	0.000000e+00
8.100000e+02	8.200000e+02	0.000000e+00	0.000000e+00	0.000000e+00
8.200000e+02	8.300000e+02	0.000000e+00	0.000000e+00	0.000000e+00
8.300000e+02	8.400000e+02	0.000000e+00	0.000000e+00	0.000000e+00
8.400000e+02	8.500000e+02	0.000000e+00	0.000000e+00	0.000000e+00
8.500000e+02	8.600000e+02	0.000000e+00	0.000000e+00	0.000000e+00
8.600000e+02	8.700000e+02	0.000000e+00	0.000000e+00	0.000000e+00
8.700000e+02	8.800000e+02	0.000000e+00	0.000000e+00	0.000000e+00
8.800000e+02	8.900000e+02	0.000000e+00	0.000000e+00	0.000000e+00
8.900000e+02	9.000000e+02	0.000000e+00	0.000000e+00	0.000000e+00
9.000000e+02	9.100000e+02	0.000000e+00	0.000000e+00	0.000000e+00
9.100000e+02	9.200000e+02	0.000000e+00	0.000000e+00	0.000000e+00
9.200000e+02	9.300000e+02	0.000000e+00	0.000000e+00	0.000000e+00
9.300000e+02	9.400000e+02	0.000000e+00	0.000000e+00	0.000000e+00
9.400000e+02	9.500000e+02	0.000000e+00	0.000000e+00	0.000000e+00
9.500000e+02	9.600000e+02	0.000000e+00	0.000000e+00	0.000000e+00
9.600000e+02	9.700000e+02	0.000000e+00	0.000000e+00	0.000000e+00
9.700000e+02	9.800000e+02	0.000000e+00	0.000000e+00	0.000000e+00
9.800000e+02	9.900000e+02	0.000000e+00	0.000000e+00	0.000000e+00
9.900000e+02	1.000000e+03	0.000000e+00	0.000000e+00	0.000000e+00
# END HISTO1D

# BEGIN HISTO1D //itp/scratch/rauch/Projekte/VBFNLO/VBSCAN/VBSComparison/parton-shower/MG5_aMC/run_PY8_5M_NLOPS_error_scale.yoda/MC_VBSCAN_MCComparison/pT_j3
ErrorBandColor=brown
ErrorBandOpacity=0.3
ErrorBands=1
LineColor=brown
LineStyle=solid
Path=//itp/scratch/rauch/Projekte/VBFNLO/VBSCAN/VBSComparison/parton-shower/MG5_aMC/run_PY8_5M_NLOPS_error_scale.yoda/MC_VBSCAN_MCComparison/pT_j3
RatioPlotErrorBandColor=brown
Title=MG5_aMC+Pythia 8(scale)
# xlow	 xhigh	 val	 errminus	 errplus
0.000000e+00	1.000000e+01	0.000000e+00	0.000000e+00	0.000000e+00
1.000000e+01	2.000000e+01	0.000000e+00	0.000000e+00	0.000000e+00
2.000000e+01	3.000000e+01	0.000000e+00	0.000000e+00	0.000000e+00
3.000000e+01	4.000000e+01	1.669389e-02	2.170700e-04	3.780000e-04
4.000000e+01	5.000000e+01	1.078608e-02	3.638400e-04	2.980500e-04
5.000000e+01	6.000000e+01	7.195306e-03	5.610200e-05	4.344900e-04
6.000000e+01	7.000000e+01	4.830399e-03	6.092420e-04	0.000000e+00
7.000000e+01	8.000000e+01	3.379841e-03	9.766300e-05	2.672400e-04
8.000000e+01	9.000000e+01	2.368022e-03	2.480970e-04	3.539000e-05
9.000000e+01	1.000000e+02	1.593537e-03	1.549510e-04	8.350800e-05
1.000000e+02	1.100000e+02	1.198412e-03	1.672620e-04	9.039000e-06
1.100000e+02	1.200000e+02	8.772926e-04	4.137120e-05	6.555670e-05
1.200000e+02	1.300000e+02	5.849635e-04	4.249890e-05	4.305970e-05
1.300000e+02	1.400000e+02	4.117396e-04	2.081800e-05	3.609610e-05
1.400000e+02	1.500000e+02	2.947988e-04	7.702100e-05	3.245200e-06
1.500000e+02	1.600000e+02	2.653837e-04	6.561100e-06	1.395030e-05
1.600000e+02	1.700000e+02	1.468708e-04	0.000000e+00	4.731380e-05
1.700000e+02	1.800000e+02	1.466200e-04	1.701890e-05	1.934000e-06
1.800000e+02	1.900000e+02	9.925927e-05	0.000000e+00	2.300753e-05
1.900000e+02	2.000000e+02	8.918643e-05	4.557910e-06	1.173117e-05
2.000000e+02	2.100000e+02	7.115543e-05	2.921227e-05	0.000000e+00
2.100000e+02	2.200000e+02	6.636699e-05	1.780059e-05	0.000000e+00
2.200000e+02	2.300000e+02	2.722290e-05	0.000000e+00	1.859716e-05
2.300000e+02	2.400000e+02	2.858088e-05	0.000000e+00	1.618239e-05
2.400000e+02	2.500000e+02	3.360232e-05	9.867740e-06	0.000000e+00
2.500000e+02	2.600000e+02	1.797886e-05	2.912180e-06	4.085860e-06
2.600000e+02	2.700000e+02	2.170665e-05	1.352501e-05	0.000000e+00
2.700000e+02	2.800000e+02	1.111239e-05	0.000000e+00	1.662810e-06
2.800000e+02	2.900000e+02	1.136424e-05	0.000000e+00	7.122530e-06
2.900000e+02	3.000000e+02	5.289921e-06	0.000000e+00	8.264619e-06
3.000000e+02	3.100000e+02	7.932662e-06	0.000000e+00	2.588538e-06
3.100000e+02	3.200000e+02	8.212246e-06	2.957086e-06	0.000000e+00
3.200000e+02	3.300000e+02	4.231493e-06	0.000000e+00	3.784227e-06
3.300000e+02	3.400000e+02	5.293250e-06	0.000000e+00	2.321110e-06
3.400000e+02	3.500000e+02	5.810262e-06	0.000000e+00	2.544168e-06
3.500000e+02	3.600000e+02	1.320262e-06	2.151222e-06	0.000000e+00
3.600000e+02	3.700000e+02	1.851694e-06	0.000000e+00	2.201666e-06
3.700000e+02	3.800000e+02	2.380908e-06	0.000000e+00	1.021832e-06
3.800000e+02	3.900000e+02	1.060647e-06	2.453127e-06	0.000000e+00
3.900000e+02	4.000000e+02	2.119075e-06	1.936455e-06	0.000000e+00
4.000000e+02	4.100000e+02	5.292140e-07	0.000000e+00	6.385460e-07
4.100000e+02	4.200000e+02	2.662713e-07	0.000000e+00	3.123429e-06
4.200000e+02	4.300000e+02	5.314327e-07	0.000000e+00	3.934327e-06
4.300000e+02	4.400000e+02	-1.109400e-09	0.000000e+00	1.270929e-06
4.400000e+02	4.500000e+02	-5.281045e-07	0.000000e+00	6.830445e-07
4.500000e+02	4.600000e+02	-1.109400e-09	1.344671e-06	0.000000e+00
4.600000e+02	4.700000e+02	5.303235e-07	0.000000e+00	1.510976e-06
4.700000e+02	4.800000e+02	1.322481e-06	4.759210e-07	0.000000e+00
4.800000e+02	4.900000e+02	1.587642e-06	1.593562e-06	0.000000e+00
4.900000e+02	5.000000e+02	5.292140e-07	5.292140e-07	0.000000e+00
5.000000e+02	5.100000e+02	2.651617e-07	0.000000e+00	2.947983e-07
5.100000e+02	5.200000e+02	5.303235e-07	6.316350e-08	7.281650e-08
5.200000e+02	5.300000e+02	0.000000e+00	0.000000e+00	6.609200e-07
5.300000e+02	5.400000e+02	0.000000e+00	0.000000e+00	6.847600e-07
5.400000e+02	5.500000e+02	5.281045e-07	1.218445e-06	0.000000e+00
5.500000e+02	5.600000e+02	0.000000e+00	0.000000e+00	7.054600e-07
5.600000e+02	5.700000e+02	0.000000e+00	0.000000e+00	0.000000e+00
5.700000e+02	5.800000e+02	0.000000e+00	0.000000e+00	6.725200e-07
5.800000e+02	5.900000e+02	-1.109400e-09	0.000000e+00	1.109400e-09
5.900000e+02	6.000000e+02	0.000000e+00	0.000000e+00	0.000000e+00
6.000000e+02	6.100000e+02	2.651617e-07	0.000000e+00	3.690783e-07
6.100000e+02	6.200000e+02	2.651617e-07	2.651617e-07	0.000000e+00
6.200000e+02	6.300000e+02	0.000000e+00	7.089200e-07	0.000000e+00
6.300000e+02	6.400000e+02	0.000000e+00	0.000000e+00	0.000000e+00
6.400000e+02	6.500000e+02	0.000000e+00	0.000000e+00	0.000000e+00
6.500000e+02	6.600000e+02	0.000000e+00	6.884200e-07	0.000000e+00
6.600000e+02	6.700000e+02	0.000000e+00	0.000000e+00	0.000000e+00
6.700000e+02	6.800000e+02	0.000000e+00	0.000000e+00	0.000000e+00
6.800000e+02	6.900000e+02	0.000000e+00	0.000000e+00	0.000000e+00
6.900000e+02	7.000000e+02	0.000000e+00	0.000000e+00	0.000000e+00
7.000000e+02	7.100000e+02	0.000000e+00	0.000000e+00	0.000000e+00
7.100000e+02	7.200000e+02	0.000000e+00	0.000000e+00	0.000000e+00
7.200000e+02	7.300000e+02	0.000000e+00	0.000000e+00	0.000000e+00
7.300000e+02	7.400000e+02	0.000000e+00	0.000000e+00	0.000000e+00
7.400000e+02	7.500000e+02	0.000000e+00	0.000000e+00	0.000000e+00
7.500000e+02	7.600000e+02	0.000000e+00	0.000000e+00	0.000000e+00
7.600000e+02	7.700000e+02	0.000000e+00	0.000000e+00	0.000000e+00
7.700000e+02	7.800000e+02	0.000000e+00	0.000000e+00	0.000000e+00
7.800000e+02	7.900000e+02	0.000000e+00	0.000000e+00	0.000000e+00
7.900000e+02	8.000000e+02	0.000000e+00	0.000000e+00	0.000000e+00
8.000000e+02	8.100000e+02	0.000000e+00	0.000000e+00	0.000000e+00
8.100000e+02	8.200000e+02	0.000000e+00	0.000000e+00	0.000000e+00
8.200000e+02	8.300000e+02	0.000000e+00	0.000000e+00	0.000000e+00
8.300000e+02	8.400000e+02	0.000000e+00	0.000000e+00	0.000000e+00
8.400000e+02	8.500000e+02	0.000000e+00	0.000000e+00	0.000000e+00
8.500000e+02	8.600000e+02	0.000000e+00	0.000000e+00	0.000000e+00
8.600000e+02	8.700000e+02	0.000000e+00	0.000000e+00	0.000000e+00
8.700000e+02	8.800000e+02	0.000000e+00	0.000000e+00	0.000000e+00
8.800000e+02	8.900000e+02	0.000000e+00	0.000000e+00	0.000000e+00
8.900000e+02	9.000000e+02	0.000000e+00	0.000000e+00	0.000000e+00
9.000000e+02	9.100000e+02	0.000000e+00	0.000000e+00	0.000000e+00
9.100000e+02	9.200000e+02	0.000000e+00	0.000000e+00	0.000000e+00
9.200000e+02	9.300000e+02	0.000000e+00	0.000000e+00	0.000000e+00
9.300000e+02	9.400000e+02	0.000000e+00	0.000000e+00	0.000000e+00
9.400000e+02	9.500000e+02	0.000000e+00	0.000000e+00	0.000000e+00
9.500000e+02	9.600000e+02	0.000000e+00	0.000000e+00	0.000000e+00
9.600000e+02	9.700000e+02	0.000000e+00	0.000000e+00	0.000000e+00
9.700000e+02	9.800000e+02	0.000000e+00	0.000000e+00	0.000000e+00
9.800000e+02	9.900000e+02	0.000000e+00	0.000000e+00	0.000000e+00
9.900000e+02	1.000000e+03	0.000000e+00	0.000000e+00	0.000000e+00
# END HISTO1D

