# BEGIN PLOT
LegendOnly=/run_FIX_NLOPS_HWPP_UNC_MUFACT1/run_HWPP_10M_mush1.yoda/MC_VBSCAN_MCComparison/m_jj /run_FIX_NLOPS_HWPP_UNC_MUFACT05/run_HWPP_10M_mush05.yoda/MC_VBSCAN_MCComparison/m_jj /run_FIX_NLOPS_HWPP_UNC_MUFACT1/run_H7_10M_mush1.yoda/MC_VBSCAN_MCComparison/m_jj /run_FIX_NLOPS_HWPP_UNC_MUFACT05/run_H7_10M_mush05.yoda/MC_VBSCAN_MCComparison/m_jj
DrawOnly=/run_FIX_NLOPS_HWPP_UNC_MUFACT1/run_HWPP_10M_mush1.yoda/MC_VBSCAN_MCComparison/m_jj /run_FIX_NLOPS_HWPP_UNC_MUFACT05/run_HWPP_10M_mush05.yoda/MC_VBSCAN_MCComparison/m_jj /run_FIX_NLOPS_HWPP_UNC_MUFACT1/run_H7_10M_mush1.yoda/MC_VBSCAN_MCComparison/m_jj /run_FIX_NLOPS_HWPP_UNC_MUFACT05/run_H7_10M_mush05.yoda/MC_VBSCAN_MCComparison/m_jj
RatioPlotReference=/run_FIX_NLOPS_HWPP_UNC_MUFACT1/run_HWPP_10M_mush1.yoda/MC_VBSCAN_MCComparison/m_jj
RatioPlot=1
LogY=1
RatioPlotYLabel=Ratio
Legend=1
# END PLOT

# BEGIN HISTO1D /run_FIX_NLOPS_HWPP_UNC_MUFACT1/run_HWPP_10M_mush1.yoda/MC_VBSCAN_MCComparison/m_jj
LineColor=blue
LineStyle=dashed
Path=/run_FIX_NLOPS_HWPP_UNC_MUFACT1/run_HWPP_10M_mush1.yoda/MC_VBSCAN_MCComparison/m_jj
ScaledBy=2.14720579011889420e-06
Title=MG5aMC-HWpp-new-mush1
XLabel=
YLabel=
# xlow	 xhigh	 val	 errminus	 errplus
0.000000e+00	1.000000e+02	0.000000e+00	0.000000e+00	0.000000e+00
1.000000e+02	2.000000e+02	0.000000e+00	0.000000e+00	0.000000e+00
2.000000e+02	3.000000e+02	0.000000e+00	0.000000e+00	0.000000e+00
3.000000e+02	4.000000e+02	0.000000e+00	0.000000e+00	0.000000e+00
4.000000e+02	5.000000e+02	0.000000e+00	0.000000e+00	0.000000e+00
5.000000e+02	6.000000e+02	1.024496e-03	6.958106e-06	6.958106e-06
6.000000e+02	7.000000e+02	1.063940e-03	7.109553e-06	7.109553e-06
7.000000e+02	8.000000e+02	1.051122e-03	7.037432e-06	7.037432e-06
8.000000e+02	9.000000e+02	1.018763e-03	6.926861e-06	6.926861e-06
9.000000e+02	1.000000e+03	9.643745e-04	6.692844e-06	6.692844e-06
1.000000e+03	1.100000e+03	9.017620e-04	6.469293e-06	6.469293e-06
1.100000e+03	1.200000e+03	8.423488e-04	6.218450e-06	6.218450e-06
1.200000e+03	1.300000e+03	7.820768e-04	5.960150e-06	5.960150e-06
1.300000e+03	1.400000e+03	7.067957e-04	5.681500e-06	5.681500e-06
1.400000e+03	1.500000e+03	6.438397e-04	5.413983e-06	5.413983e-06
1.500000e+03	1.600000e+03	5.894724e-04	5.167544e-06	5.167544e-06
1.600000e+03	1.700000e+03	5.344610e-04	4.883796e-06	4.883796e-06
1.700000e+03	1.800000e+03	4.839158e-04	4.634931e-06	4.634931e-06
1.800000e+03	1.900000e+03	4.315669e-04	4.389395e-06	4.389395e-06
1.900000e+03	2.000000e+03	3.916718e-04	4.183747e-06	4.183747e-06
2.000000e+03	2.100000e+03	3.560497e-04	3.973317e-06	3.973317e-06
2.100000e+03	2.200000e+03	3.255164e-04	3.767596e-06	3.767596e-06
2.200000e+03	2.300000e+03	2.845692e-04	3.543020e-06	3.543020e-06
2.300000e+03	2.400000e+03	2.617444e-04	3.363103e-06	3.363103e-06
2.400000e+03	2.500000e+03	2.308461e-04	3.155662e-06	3.155662e-06
2.500000e+03	2.600000e+03	2.051870e-04	2.988244e-06	2.988244e-06
2.600000e+03	2.700000e+03	1.848959e-04	2.796071e-06	2.796071e-06
2.700000e+03	2.800000e+03	1.620281e-04	2.642546e-06	2.642546e-06
2.800000e+03	2.900000e+03	1.475560e-04	2.491314e-06	2.491314e-06
2.900000e+03	3.000000e+03	1.278017e-04	2.345865e-06	2.345865e-06
3.000000e+03	3.100000e+03	1.147467e-04	2.217139e-06	2.217139e-06
3.100000e+03	3.200000e+03	9.926532e-05	2.071470e-06	2.071470e-06
3.200000e+03	3.300000e+03	8.876549e-05	1.951242e-06	1.951242e-06
3.300000e+03	3.400000e+03	8.150793e-05	1.841597e-06	1.841597e-06
3.400000e+03	3.500000e+03	6.862470e-05	1.710772e-06	1.710772e-06
3.500000e+03	3.600000e+03	5.885491e-05	1.600065e-06	1.600065e-06
3.600000e+03	3.700000e+03	5.288568e-05	1.500435e-06	1.500435e-06
3.700000e+03	3.800000e+03	4.749619e-05	1.433330e-06	1.433330e-06
3.800000e+03	3.900000e+03	4.305148e-05	1.321361e-06	1.321361e-06
3.900000e+03	4.000000e+03	3.796260e-05	1.244639e-06	1.244639e-06
# END HISTO1D

# BEGIN HISTO1D /run_FIX_NLOPS_HWPP_UNC_MUFACT05/run_HWPP_10M_mush05.yoda/MC_VBSCAN_MCComparison/m_jj
LineColor=red
LineStyle=dashed
Path=/run_FIX_NLOPS_HWPP_UNC_MUFACT05/run_HWPP_10M_mush05.yoda/MC_VBSCAN_MCComparison/m_jj
ScaledBy=2.14430019505800050e-06
Title=MG5aMC-HWpp-new-mush05
XLabel=
YLabel=
# xlow	 xhigh	 val	 errminus	 errplus
0.000000e+00	1.000000e+02	0.000000e+00	0.000000e+00	0.000000e+00
1.000000e+02	2.000000e+02	0.000000e+00	0.000000e+00	0.000000e+00
2.000000e+02	3.000000e+02	0.000000e+00	0.000000e+00	0.000000e+00
3.000000e+02	4.000000e+02	0.000000e+00	0.000000e+00	0.000000e+00
4.000000e+02	5.000000e+02	0.000000e+00	0.000000e+00	0.000000e+00
5.000000e+02	6.000000e+02	1.022124e-03	7.008123e-06	7.008123e-06
6.000000e+02	7.000000e+02	1.056625e-03	7.105565e-06	7.105565e-06
7.000000e+02	8.000000e+02	1.049614e-03	7.050184e-06	7.050184e-06
8.000000e+02	9.000000e+02	1.030486e-03	6.927749e-06	6.927749e-06
9.000000e+02	1.000000e+03	9.712822e-04	6.712036e-06	6.712036e-06
1.000000e+03	1.100000e+03	9.041442e-04	6.473124e-06	6.473124e-06
1.100000e+03	1.200000e+03	8.514158e-04	6.241866e-06	6.241866e-06
1.200000e+03	1.300000e+03	7.772445e-04	5.934058e-06	5.934058e-06
1.300000e+03	1.400000e+03	6.968976e-04	5.666636e-06	5.666636e-06
1.400000e+03	1.500000e+03	6.483720e-04	5.414730e-06	5.414730e-06
1.500000e+03	1.600000e+03	5.911836e-04	5.157210e-06	5.157210e-06
1.600000e+03	1.700000e+03	5.371472e-04	4.907685e-06	4.907685e-06
1.700000e+03	1.800000e+03	4.936608e-04	4.643190e-06	4.643190e-06
1.800000e+03	1.900000e+03	4.325697e-04	4.411164e-06	4.411164e-06
1.900000e+03	2.000000e+03	3.819856e-04	4.180891e-06	4.180891e-06
2.000000e+03	2.100000e+03	3.504430e-04	3.955928e-06	3.955928e-06
2.100000e+03	2.200000e+03	3.213877e-04	3.766773e-06	3.766773e-06
2.200000e+03	2.300000e+03	2.890088e-04	3.537510e-06	3.537510e-06
2.300000e+03	2.400000e+03	2.547643e-04	3.343802e-06	3.343802e-06
2.400000e+03	2.500000e+03	2.249371e-04	3.161371e-06	3.161371e-06
2.500000e+03	2.600000e+03	2.112136e-04	2.993738e-06	2.993738e-06
2.600000e+03	2.700000e+03	1.819224e-04	2.833236e-06	2.833236e-06
2.700000e+03	2.800000e+03	1.624951e-04	2.642453e-06	2.642453e-06
2.800000e+03	2.900000e+03	1.481497e-04	2.520716e-06	2.520716e-06
2.900000e+03	3.000000e+03	1.280576e-04	2.342691e-06	2.342691e-06
3.000000e+03	3.100000e+03	1.144199e-04	2.212477e-06	2.212477e-06
3.100000e+03	3.200000e+03	9.910956e-05	2.088905e-06	2.088905e-06
3.200000e+03	3.300000e+03	9.143296e-05	1.970891e-06	1.970891e-06
3.300000e+03	3.400000e+03	8.199804e-05	1.837604e-06	1.837604e-06
3.400000e+03	3.500000e+03	6.883204e-05	1.728524e-06	1.728524e-06
3.500000e+03	3.600000e+03	5.969732e-05	1.611510e-06	1.611510e-06
3.600000e+03	3.700000e+03	5.386482e-05	1.501929e-06	1.501929e-06
3.700000e+03	3.800000e+03	5.043394e-05	1.431070e-06	1.431070e-06
3.800000e+03	3.900000e+03	4.099902e-05	1.322183e-06	1.322183e-06
3.900000e+03	4.000000e+03	3.992687e-05	1.261680e-06	1.261680e-06
# END HISTO1D

# BEGIN HISTO1D /run_FIX_NLOPS_HWPP_UNC_MUFACT1/run_H7_10M_mush1.yoda/MC_VBSCAN_MCComparison/m_jj
LineColor=blue
LineStyle=solid
Path=/run_FIX_NLOPS_HWPP_UNC_MUFACT1/run_H7_10M_mush1.yoda/MC_VBSCAN_MCComparison/m_jj
ScaledBy=2.06314518852397269e-06
Title=MG5aMC-HW7-new-mush1
XLabel=
YLabel=
# xlow	 xhigh	 val	 errminus	 errplus
0.000000e+00	1.000000e+02	0.000000e+00	0.000000e+00	0.000000e+00
1.000000e+02	2.000000e+02	0.000000e+00	0.000000e+00	0.000000e+00
2.000000e+02	3.000000e+02	0.000000e+00	0.000000e+00	0.000000e+00
3.000000e+02	4.000000e+02	0.000000e+00	0.000000e+00	0.000000e+00
4.000000e+02	5.000000e+02	0.000000e+00	0.000000e+00	0.000000e+00
5.000000e+02	6.000000e+02	9.952200e-04	6.692291e-06	6.692291e-06
6.000000e+02	7.000000e+02	1.022474e-03	6.819031e-06	6.819031e-06
7.000000e+02	8.000000e+02	1.020328e-03	6.800215e-06	6.800215e-06
8.000000e+02	9.000000e+02	9.782196e-04	6.661244e-06	6.661244e-06
9.000000e+02	1.000000e+03	9.298802e-04	6.474628e-06	6.474628e-06
1.000000e+03	1.100000e+03	8.849861e-04	6.247038e-06	6.247038e-06
1.100000e+03	1.200000e+03	8.151487e-04	5.994138e-06	5.994138e-06
1.200000e+03	1.300000e+03	7.611562e-04	5.756840e-06	5.756840e-06
1.300000e+03	1.400000e+03	6.843659e-04	5.492269e-06	5.492269e-06
1.400000e+03	1.500000e+03	6.207179e-04	5.216861e-06	5.216861e-06
1.500000e+03	1.600000e+03	5.662302e-04	4.984749e-06	4.984749e-06
1.600000e+03	1.700000e+03	5.222233e-04	4.736525e-06	4.736525e-06
1.700000e+03	1.800000e+03	4.659201e-04	4.498461e-06	4.498461e-06
1.800000e+03	1.900000e+03	4.348285e-04	4.282008e-06	4.282008e-06
1.900000e+03	2.000000e+03	3.850035e-04	4.059156e-06	4.059156e-06
2.000000e+03	2.100000e+03	3.431423e-04	3.854495e-06	3.854495e-06
2.100000e+03	2.200000e+03	3.150216e-04	3.644883e-06	3.644883e-06
2.200000e+03	2.300000e+03	2.857043e-04	3.454891e-06	3.454891e-06
2.300000e+03	2.400000e+03	2.506721e-04	3.237363e-06	3.237363e-06
2.400000e+03	2.500000e+03	2.248003e-04	3.074571e-06	3.074571e-06
2.500000e+03	2.600000e+03	2.017962e-04	2.922902e-06	2.922902e-06
2.600000e+03	2.700000e+03	1.822170e-04	2.746076e-06	2.746076e-06
2.700000e+03	2.800000e+03	1.645771e-04	2.588487e-06	2.588487e-06
2.800000e+03	2.900000e+03	1.465246e-04	2.439053e-06	2.439053e-06
2.900000e+03	3.000000e+03	1.303289e-04	2.281525e-06	2.281525e-06
3.000000e+03	3.100000e+03	1.113686e-04	2.162861e-06	2.162861e-06
3.100000e+03	3.200000e+03	1.044983e-04	2.047301e-06	2.047301e-06
3.200000e+03	3.300000e+03	8.883903e-05	1.907935e-06	1.907935e-06
3.300000e+03	3.400000e+03	8.066898e-05	1.790068e-06	1.790068e-06
3.400000e+03	3.500000e+03	7.049767e-05	1.704438e-06	1.704438e-06
3.500000e+03	3.600000e+03	6.003753e-05	1.569889e-06	1.569889e-06
3.600000e+03	3.700000e+03	5.417819e-05	1.475978e-06	1.475978e-06
3.700000e+03	3.800000e+03	4.869023e-05	1.390750e-06	1.390750e-06
3.800000e+03	3.900000e+03	4.231511e-05	1.311193e-06	1.311193e-06
3.900000e+03	4.000000e+03	3.839513e-05	1.226661e-06	1.226661e-06
# END HISTO1D

# BEGIN HISTO1D /run_FIX_NLOPS_HWPP_UNC_MUFACT05/run_H7_10M_mush05.yoda/MC_VBSCAN_MCComparison/m_jj
LineColor=red
LineStyle=solid
Path=/run_FIX_NLOPS_HWPP_UNC_MUFACT05/run_H7_10M_mush05.yoda/MC_VBSCAN_MCComparison/m_jj
ScaledBy=2.06587351912331250e-06
Title=MG5aMC-HW7-new-mush05
XLabel=
YLabel=
# xlow	 xhigh	 val	 errminus	 errplus
0.000000e+00	1.000000e+02	0.000000e+00	0.000000e+00	0.000000e+00
1.000000e+02	2.000000e+02	0.000000e+00	0.000000e+00	0.000000e+00
2.000000e+02	3.000000e+02	0.000000e+00	0.000000e+00	0.000000e+00
3.000000e+02	4.000000e+02	0.000000e+00	0.000000e+00	0.000000e+00
4.000000e+02	5.000000e+02	0.000000e+00	0.000000e+00	0.000000e+00
5.000000e+02	6.000000e+02	9.746791e-04	6.722379e-06	6.722379e-06
6.000000e+02	7.000000e+02	1.024859e-03	6.851758e-06	6.851758e-06
7.000000e+02	8.000000e+02	1.019467e-03	6.817383e-06	6.817383e-06
8.000000e+02	9.000000e+02	9.906897e-04	6.686444e-06	6.686444e-06
9.000000e+02	1.000000e+03	9.358820e-04	6.477098e-06	6.477098e-06
1.000000e+03	1.100000e+03	8.822106e-04	6.259699e-06	6.259699e-06
1.100000e+03	1.200000e+03	8.178380e-04	6.007040e-06	6.007040e-06
1.200000e+03	1.300000e+03	7.481148e-04	5.759787e-06	5.759787e-06
1.300000e+03	1.400000e+03	6.892374e-04	5.498523e-06	5.498523e-06
1.400000e+03	1.500000e+03	6.275091e-04	5.254511e-06	5.254511e-06
1.500000e+03	1.600000e+03	5.779694e-04	5.002699e-06	5.002699e-06
1.600000e+03	1.700000e+03	5.205382e-04	4.750925e-06	4.750925e-06
1.700000e+03	1.800000e+03	4.811626e-04	4.520771e-06	4.520771e-06
1.800000e+03	1.900000e+03	4.226364e-04	4.289462e-06	4.289462e-06
1.900000e+03	2.000000e+03	3.814635e-04	4.067464e-06	4.067464e-06
2.000000e+03	2.100000e+03	3.522108e-04	3.857213e-06	3.857213e-06
2.100000e+03	2.200000e+03	3.152316e-04	3.656245e-06	3.656245e-06
2.200000e+03	2.300000e+03	2.873010e-04	3.451617e-06	3.451617e-06
2.300000e+03	2.400000e+03	2.492063e-04	3.262053e-06	3.262053e-06
2.400000e+03	2.500000e+03	2.307581e-04	3.106239e-06	3.106239e-06
2.500000e+03	2.600000e+03	2.012574e-04	2.923047e-06	2.923047e-06
2.600000e+03	2.700000e+03	1.769421e-04	2.764182e-06	2.764182e-06
2.700000e+03	2.800000e+03	1.637618e-04	2.603246e-06	2.603246e-06
2.800000e+03	2.900000e+03	1.416156e-04	2.442191e-06	2.442191e-06
2.900000e+03	3.000000e+03	1.289518e-04	2.306943e-06	2.306943e-06
3.000000e+03	3.100000e+03	1.137883e-04	2.167888e-06	2.167888e-06
3.100000e+03	3.200000e+03	1.038515e-04	2.044171e-06	2.044171e-06
3.200000e+03	3.300000e+03	9.333616e-05	1.937961e-06	1.937961e-06
3.300000e+03	3.400000e+03	7.891637e-05	1.809262e-06	1.809262e-06
3.400000e+03	3.500000e+03	7.139659e-05	1.690738e-06	1.690738e-06
3.500000e+03	3.600000e+03	6.001363e-05	1.574814e-06	1.574814e-06
3.600000e+03	3.700000e+03	5.602649e-05	1.495727e-06	1.495727e-06
3.700000e+03	3.800000e+03	4.778365e-05	1.406160e-06	1.406160e-06
3.800000e+03	3.900000e+03	4.332137e-05	1.309347e-06	1.309347e-06
3.900000e+03	4.000000e+03	3.573961e-05	1.212722e-06	1.212722e-06
# END HISTO1D

