# BEGIN PLOT
LegendOnly=/run_FIX_NLOPS_HWPP_UNC_MUFACT1/run_HWPP_10M_mush1.yoda/MC_VBSCAN_MCComparison/pT_j3 /run_FIX_NLOPS_HWPP_UNC_MUFACT05/run_HWPP_10M_mush05.yoda/MC_VBSCAN_MCComparison/pT_j3 /run_FIX_NLOPS_HWPP_UNC_MUFACT1/run_H7_10M_mush1.yoda/MC_VBSCAN_MCComparison/pT_j3 /run_FIX_NLOPS_HWPP_UNC_MUFACT05/run_H7_10M_mush05.yoda/MC_VBSCAN_MCComparison/pT_j3
DrawOnly=/run_FIX_NLOPS_HWPP_UNC_MUFACT1/run_HWPP_10M_mush1.yoda/MC_VBSCAN_MCComparison/pT_j3 /run_FIX_NLOPS_HWPP_UNC_MUFACT05/run_HWPP_10M_mush05.yoda/MC_VBSCAN_MCComparison/pT_j3 /run_FIX_NLOPS_HWPP_UNC_MUFACT1/run_H7_10M_mush1.yoda/MC_VBSCAN_MCComparison/pT_j3 /run_FIX_NLOPS_HWPP_UNC_MUFACT05/run_H7_10M_mush05.yoda/MC_VBSCAN_MCComparison/pT_j3
RatioPlotReference=/run_FIX_NLOPS_HWPP_UNC_MUFACT1/run_HWPP_10M_mush1.yoda/MC_VBSCAN_MCComparison/pT_j3
RatioPlot=1
LogY=1
RatioPlotYLabel=Ratio
Legend=1
# END PLOT

# BEGIN HISTO1D /run_FIX_NLOPS_HWPP_UNC_MUFACT1/run_HWPP_10M_mush1.yoda/MC_VBSCAN_MCComparison/pT_j3
LineColor=blue
LineStyle=dashed
Path=/run_FIX_NLOPS_HWPP_UNC_MUFACT1/run_HWPP_10M_mush1.yoda/MC_VBSCAN_MCComparison/pT_j3
ScaledBy=2.14720579011889420e-06
Title=MG5aMC-HWpp-new-mush1
XLabel=
YLabel=
# xlow	 xhigh	 val	 errminus	 errplus
0.000000e+00	1.000000e+01	0.000000e+00	0.000000e+00	0.000000e+00
1.000000e+01	2.000000e+01	0.000000e+00	0.000000e+00	0.000000e+00
2.000000e+01	3.000000e+01	0.000000e+00	0.000000e+00	0.000000e+00
3.000000e+01	4.000000e+01	1.180255e-02	7.424459e-05	7.424459e-05
4.000000e+01	5.000000e+01	7.905582e-03	6.005885e-05	6.005885e-05
5.000000e+01	6.000000e+01	5.437369e-03	4.906212e-05	4.906212e-05
6.000000e+01	7.000000e+01	3.770064e-03	4.033319e-05	4.033319e-05
7.000000e+01	8.000000e+01	2.621524e-03	3.358095e-05	3.358095e-05
8.000000e+01	9.000000e+01	1.872793e-03	2.810462e-05	2.810462e-05
9.000000e+01	1.000000e+02	1.310225e-03	2.377297e-05	2.377297e-05
1.000000e+02	1.100000e+02	9.771934e-04	2.010477e-05	2.010477e-05
1.100000e+02	1.200000e+02	6.974124e-04	1.698058e-05	1.698058e-05
1.200000e+02	1.300000e+02	5.264949e-04	1.455989e-05	1.455989e-05
1.300000e+02	1.400000e+02	4.036747e-04	1.252394e-05	1.252394e-05
1.400000e+02	1.500000e+02	3.040443e-04	1.098648e-05	1.098648e-05
1.500000e+02	1.600000e+02	2.273891e-04	9.347130e-06	9.347130e-06
1.600000e+02	1.700000e+02	1.599668e-04	8.150902e-06	8.150902e-06
1.700000e+02	1.800000e+02	1.397831e-04	7.328863e-06	7.328863e-06
1.800000e+02	1.900000e+02	8.803544e-05	6.148662e-06	6.148662e-06
1.900000e+02	2.000000e+02	7.343444e-05	5.337869e-06	5.337869e-06
2.000000e+02	2.100000e+02	5.024462e-05	4.886957e-06	4.886957e-06
2.100000e+02	2.200000e+02	4.294412e-05	4.452541e-06	4.452541e-06
2.200000e+02	2.300000e+02	3.435529e-05	3.876881e-06	3.876881e-06
2.300000e+02	2.400000e+02	2.898728e-05	3.305582e-06	3.305582e-06
2.400000e+02	2.500000e+02	2.276038e-05	2.990712e-06	2.990712e-06
2.500000e+02	2.600000e+02	1.975429e-05	2.832359e-06	2.832359e-06
2.600000e+02	2.700000e+02	1.631876e-05	2.504051e-06	2.504051e-06
2.700000e+02	2.800000e+02	1.588932e-05	2.252008e-06	2.252008e-06
2.800000e+02	2.900000e+02	8.588824e-06	1.821965e-06	1.821965e-06
2.900000e+02	3.000000e+02	9.018265e-06	1.896361e-06	1.896361e-06
3.000000e+02	3.100000e+02	4.509133e-06	1.440390e-06	1.440390e-06
3.100000e+02	3.200000e+02	7.515221e-06	1.677021e-06	1.677021e-06
3.200000e+02	3.300000e+02	3.864970e-06	1.323626e-06	1.323626e-06
3.300000e+02	3.400000e+02	4.723853e-06	1.424295e-06	1.424295e-06
3.400000e+02	3.500000e+02	4.079691e-06	1.115721e-06	1.115721e-06
3.500000e+02	3.600000e+02	1.717764e-06	9.602597e-07	9.602597e-07
3.600000e+02	3.700000e+02	3.220809e-06	9.359453e-07	9.359453e-07
3.700000e+02	3.800000e+02	1.503044e-06	7.741862e-07	7.741862e-07
3.800000e+02	3.900000e+02	1.717765e-06	8.034108e-07	8.034108e-07
3.900000e+02	4.000000e+02	1.288324e-06	6.790061e-07	6.790061e-07
4.000000e+02	4.100000e+02	8.588821e-07	6.790061e-07	6.790061e-07
4.100000e+02	4.200000e+02	1.932485e-06	7.121476e-07	7.121476e-07
4.200000e+02	4.300000e+02	8.588821e-07	5.259559e-07	5.259559e-07
4.300000e+02	4.400000e+02	2.147205e-07	4.801298e-07	4.801298e-07
4.400000e+02	4.500000e+02	6.441618e-07	4.801298e-07	4.801298e-07
4.500000e+02	4.600000e+02	-1.808642e-14	5.259559e-07	5.259559e-07
4.600000e+02	4.700000e+02	8.588825e-07	5.259559e-07	5.259559e-07
4.700000e+02	4.800000e+02	-2.147205e-07	3.719068e-07	3.719068e-07
4.800000e+02	4.900000e+02	4.294411e-07	3.036608e-07	3.036608e-07
4.900000e+02	5.000000e+02	2.147205e-07	3.719070e-07	3.719070e-07
5.000000e+02	5.100000e+02	0.000000e+00	0.000000e+00	0.000000e+00
5.100000e+02	5.200000e+02	2.147205e-07	3.719070e-07	3.719070e-07
5.200000e+02	5.300000e+02	0.000000e+00	0.000000e+00	0.000000e+00
5.300000e+02	5.400000e+02	2.147206e-07	2.147206e-07	2.147206e-07
5.400000e+02	5.500000e+02	2.147205e-07	3.719070e-07	3.719070e-07
5.500000e+02	5.600000e+02	0.000000e+00	0.000000e+00	0.000000e+00
5.600000e+02	5.700000e+02	0.000000e+00	0.000000e+00	0.000000e+00
5.700000e+02	5.800000e+02	0.000000e+00	0.000000e+00	0.000000e+00
5.800000e+02	5.900000e+02	0.000000e+00	0.000000e+00	0.000000e+00
5.900000e+02	6.000000e+02	0.000000e+00	0.000000e+00	0.000000e+00
6.000000e+02	6.100000e+02	0.000000e+00	0.000000e+00	0.000000e+00
6.100000e+02	6.200000e+02	0.000000e+00	0.000000e+00	0.000000e+00
6.200000e+02	6.300000e+02	0.000000e+00	0.000000e+00	0.000000e+00
6.300000e+02	6.400000e+02	0.000000e+00	0.000000e+00	0.000000e+00
6.400000e+02	6.500000e+02	2.147206e-07	2.147206e-07	2.147206e-07
6.500000e+02	6.600000e+02	0.000000e+00	0.000000e+00	0.000000e+00
6.600000e+02	6.700000e+02	0.000000e+00	0.000000e+00	0.000000e+00
6.700000e+02	6.800000e+02	0.000000e+00	0.000000e+00	0.000000e+00
6.800000e+02	6.900000e+02	0.000000e+00	0.000000e+00	0.000000e+00
6.900000e+02	7.000000e+02	0.000000e+00	0.000000e+00	0.000000e+00
7.000000e+02	7.100000e+02	0.000000e+00	0.000000e+00	0.000000e+00
7.100000e+02	7.200000e+02	0.000000e+00	0.000000e+00	0.000000e+00
7.200000e+02	7.300000e+02	0.000000e+00	0.000000e+00	0.000000e+00
7.300000e+02	7.400000e+02	2.147205e-07	2.147206e-07	2.147206e-07
7.400000e+02	7.500000e+02	0.000000e+00	0.000000e+00	0.000000e+00
7.500000e+02	7.600000e+02	0.000000e+00	0.000000e+00	0.000000e+00
7.600000e+02	7.700000e+02	0.000000e+00	0.000000e+00	0.000000e+00
7.700000e+02	7.800000e+02	0.000000e+00	0.000000e+00	0.000000e+00
7.800000e+02	7.900000e+02	0.000000e+00	0.000000e+00	0.000000e+00
7.900000e+02	8.000000e+02	0.000000e+00	0.000000e+00	0.000000e+00
8.000000e+02	8.100000e+02	0.000000e+00	0.000000e+00	0.000000e+00
8.100000e+02	8.200000e+02	0.000000e+00	0.000000e+00	0.000000e+00
8.200000e+02	8.300000e+02	0.000000e+00	0.000000e+00	0.000000e+00
8.300000e+02	8.400000e+02	0.000000e+00	0.000000e+00	0.000000e+00
8.400000e+02	8.500000e+02	0.000000e+00	0.000000e+00	0.000000e+00
8.500000e+02	8.600000e+02	0.000000e+00	0.000000e+00	0.000000e+00
8.600000e+02	8.700000e+02	0.000000e+00	0.000000e+00	0.000000e+00
8.700000e+02	8.800000e+02	0.000000e+00	0.000000e+00	0.000000e+00
8.800000e+02	8.900000e+02	0.000000e+00	0.000000e+00	0.000000e+00
8.900000e+02	9.000000e+02	0.000000e+00	0.000000e+00	0.000000e+00
9.000000e+02	9.100000e+02	0.000000e+00	0.000000e+00	0.000000e+00
9.100000e+02	9.200000e+02	0.000000e+00	0.000000e+00	0.000000e+00
9.200000e+02	9.300000e+02	0.000000e+00	0.000000e+00	0.000000e+00
9.300000e+02	9.400000e+02	0.000000e+00	0.000000e+00	0.000000e+00
9.400000e+02	9.500000e+02	0.000000e+00	0.000000e+00	0.000000e+00
9.500000e+02	9.600000e+02	0.000000e+00	0.000000e+00	0.000000e+00
9.600000e+02	9.700000e+02	0.000000e+00	0.000000e+00	0.000000e+00
9.700000e+02	9.800000e+02	0.000000e+00	0.000000e+00	0.000000e+00
9.800000e+02	9.900000e+02	0.000000e+00	0.000000e+00	0.000000e+00
9.900000e+02	1.000000e+03	0.000000e+00	0.000000e+00	0.000000e+00
# END HISTO1D

# BEGIN HISTO1D /run_FIX_NLOPS_HWPP_UNC_MUFACT05/run_HWPP_10M_mush05.yoda/MC_VBSCAN_MCComparison/pT_j3
LineColor=red
LineStyle=dashed
Path=/run_FIX_NLOPS_HWPP_UNC_MUFACT05/run_HWPP_10M_mush05.yoda/MC_VBSCAN_MCComparison/pT_j3
ScaledBy=2.14430019505800050e-06
Title=MG5aMC-HWpp-new-mush05
XLabel=
YLabel=
# xlow	 xhigh	 val	 errminus	 errplus
0.000000e+00	1.000000e+01	0.000000e+00	0.000000e+00	0.000000e+00
1.000000e+01	2.000000e+01	0.000000e+00	0.000000e+00	0.000000e+00
2.000000e+01	3.000000e+01	0.000000e+00	0.000000e+00	0.000000e+00
3.000000e+01	4.000000e+01	1.184940e-02	7.436055e-05	7.436055e-05
4.000000e+01	5.000000e+01	7.936484e-03	6.000057e-05	6.000057e-05
5.000000e+01	6.000000e+01	5.501845e-03	4.880156e-05	4.880156e-05
6.000000e+01	7.000000e+01	3.829291e-03	4.026034e-05	4.026034e-05
7.000000e+01	8.000000e+01	2.732482e-03	3.352043e-05	3.352043e-05
8.000000e+01	9.000000e+01	1.913788e-03	2.786683e-05	2.786683e-05
9.000000e+01	1.000000e+02	1.411164e-03	2.352191e-05	2.352191e-05
1.000000e+02	1.100000e+02	1.012324e-03	1.999495e-05	1.999495e-05
1.100000e+02	1.200000e+02	7.258456e-04	1.683105e-05	1.683105e-05
1.200000e+02	1.300000e+02	5.354318e-04	1.428658e-05	1.428658e-05
1.300000e+02	1.400000e+02	3.866173e-04	1.221499e-05	1.221499e-05
1.400000e+02	1.500000e+02	2.909815e-04	1.046322e-05	1.046322e-05
1.500000e+02	1.600000e+02	2.373740e-04	9.210512e-06	9.210512e-06
1.600000e+02	1.700000e+02	1.711152e-04	8.006025e-06	8.006025e-06
1.700000e+02	1.800000e+02	1.301590e-04	6.891849e-06	6.891849e-06
1.800000e+02	1.900000e+02	1.031408e-04	6.211072e-06	6.211072e-06
1.900000e+02	2.000000e+02	8.405657e-05	5.575181e-06	5.575181e-06
2.000000e+02	2.100000e+02	7.140520e-05	4.941204e-06	4.941204e-06
2.100000e+02	2.200000e+02	5.360750e-05	4.352454e-06	4.352454e-06
2.200000e+02	2.300000e+02	3.516652e-05	3.763231e-06	3.763231e-06
2.300000e+02	2.400000e+02	3.023463e-05	3.437575e-06	3.437575e-06
2.400000e+02	2.500000e+02	2.272958e-05	2.860853e-06	2.860853e-06
2.500000e+02	2.600000e+02	2.487388e-05	2.695344e-06	2.695344e-06
2.600000e+02	2.700000e+02	1.693997e-05	2.472928e-06	2.472928e-06
2.700000e+02	2.800000e+02	1.543896e-05	2.056740e-06	2.056740e-06
2.800000e+02	2.900000e+02	1.007821e-05	1.781189e-06	1.781189e-06
2.900000e+02	3.000000e+02	7.505051e-06	1.674752e-06	1.674752e-06
3.000000e+02	3.100000e+02	1.243694e-05	1.794050e-06	1.794050e-06
3.100000e+02	3.200000e+02	6.861761e-06	1.604647e-06	1.604647e-06
3.200000e+02	3.300000e+02	4.074170e-06	1.114211e-06	1.114211e-06
3.300000e+02	3.400000e+02	4.288601e-06	1.134657e-06	1.134657e-06
3.400000e+02	3.500000e+02	2.144300e-06	8.577201e-07	8.577201e-07
3.500000e+02	3.600000e+02	3.002020e-06	1.005766e-06	1.005766e-06
3.600000e+02	3.700000e+02	1.715440e-06	8.577201e-07	8.577201e-07
3.700000e+02	3.800000e+02	1.072150e-06	8.304839e-07	8.304839e-07
3.800000e+02	3.900000e+02	1.929870e-06	7.111839e-07	7.111839e-07
3.900000e+02	4.000000e+02	8.577201e-07	5.252441e-07	5.252441e-07
4.000000e+02	4.100000e+02	8.577201e-07	6.064996e-07	6.064996e-07
4.100000e+02	4.200000e+02	1.072150e-06	5.673285e-07	5.673285e-07
4.200000e+02	4.300000e+02	1.072150e-06	4.794801e-07	4.794801e-07
4.300000e+02	4.400000e+02	2.144301e-07	2.144301e-07	2.144301e-07
4.400000e+02	4.500000e+02	2.144299e-07	2.144301e-07	2.144301e-07
4.500000e+02	4.600000e+02	4.288601e-07	4.288600e-07	4.288600e-07
4.600000e+02	4.700000e+02	-2.144301e-07	3.714037e-07	3.714037e-07
4.700000e+02	4.800000e+02	2.144301e-07	2.144300e-07	2.144300e-07
4.800000e+02	4.900000e+02	2.144299e-07	2.144300e-07	2.144300e-07
4.900000e+02	5.000000e+02	0.000000e+00	0.000000e+00	0.000000e+00
5.000000e+02	5.100000e+02	8.577200e-07	4.288600e-07	4.288600e-07
5.100000e+02	5.200000e+02	1.286580e-06	5.252441e-07	5.252441e-07
5.200000e+02	5.300000e+02	6.432900e-07	3.714037e-07	3.714037e-07
5.300000e+02	5.400000e+02	0.000000e+00	0.000000e+00	0.000000e+00
5.400000e+02	5.500000e+02	2.144301e-07	2.144300e-07	2.144300e-07
5.500000e+02	5.600000e+02	2.144300e-07	2.144301e-07	2.144301e-07
5.600000e+02	5.700000e+02	2.144300e-07	2.144301e-07	2.144301e-07
5.700000e+02	5.800000e+02	2.144300e-07	2.144300e-07	2.144300e-07
5.800000e+02	5.900000e+02	2.144300e-07	2.144300e-07	2.144300e-07
5.900000e+02	6.000000e+02	0.000000e+00	0.000000e+00	0.000000e+00
6.000000e+02	6.100000e+02	0.000000e+00	0.000000e+00	0.000000e+00
6.100000e+02	6.200000e+02	0.000000e+00	0.000000e+00	0.000000e+00
6.200000e+02	6.300000e+02	0.000000e+00	0.000000e+00	0.000000e+00
6.300000e+02	6.400000e+02	0.000000e+00	0.000000e+00	0.000000e+00
6.400000e+02	6.500000e+02	0.000000e+00	0.000000e+00	0.000000e+00
6.500000e+02	6.600000e+02	0.000000e+00	0.000000e+00	0.000000e+00
6.600000e+02	6.700000e+02	0.000000e+00	0.000000e+00	0.000000e+00
6.700000e+02	6.800000e+02	0.000000e+00	0.000000e+00	0.000000e+00
6.800000e+02	6.900000e+02	0.000000e+00	0.000000e+00	0.000000e+00
6.900000e+02	7.000000e+02	2.144301e-07	2.144300e-07	2.144300e-07
7.000000e+02	7.100000e+02	0.000000e+00	0.000000e+00	0.000000e+00
7.100000e+02	7.200000e+02	0.000000e+00	0.000000e+00	0.000000e+00
7.200000e+02	7.300000e+02	0.000000e+00	0.000000e+00	0.000000e+00
7.300000e+02	7.400000e+02	0.000000e+00	0.000000e+00	0.000000e+00
7.400000e+02	7.500000e+02	0.000000e+00	0.000000e+00	0.000000e+00
7.500000e+02	7.600000e+02	0.000000e+00	0.000000e+00	0.000000e+00
7.600000e+02	7.700000e+02	0.000000e+00	0.000000e+00	0.000000e+00
7.700000e+02	7.800000e+02	0.000000e+00	0.000000e+00	0.000000e+00
7.800000e+02	7.900000e+02	0.000000e+00	0.000000e+00	0.000000e+00
7.900000e+02	8.000000e+02	0.000000e+00	0.000000e+00	0.000000e+00
8.000000e+02	8.100000e+02	0.000000e+00	0.000000e+00	0.000000e+00
8.100000e+02	8.200000e+02	0.000000e+00	0.000000e+00	0.000000e+00
8.200000e+02	8.300000e+02	2.144299e-07	2.144300e-07	2.144300e-07
8.300000e+02	8.400000e+02	0.000000e+00	0.000000e+00	0.000000e+00
8.400000e+02	8.500000e+02	0.000000e+00	0.000000e+00	0.000000e+00
8.500000e+02	8.600000e+02	0.000000e+00	0.000000e+00	0.000000e+00
8.600000e+02	8.700000e+02	0.000000e+00	0.000000e+00	0.000000e+00
8.700000e+02	8.800000e+02	0.000000e+00	0.000000e+00	0.000000e+00
8.800000e+02	8.900000e+02	0.000000e+00	0.000000e+00	0.000000e+00
8.900000e+02	9.000000e+02	0.000000e+00	0.000000e+00	0.000000e+00
9.000000e+02	9.100000e+02	0.000000e+00	0.000000e+00	0.000000e+00
9.100000e+02	9.200000e+02	0.000000e+00	0.000000e+00	0.000000e+00
9.200000e+02	9.300000e+02	0.000000e+00	0.000000e+00	0.000000e+00
9.300000e+02	9.400000e+02	0.000000e+00	0.000000e+00	0.000000e+00
9.400000e+02	9.500000e+02	0.000000e+00	0.000000e+00	0.000000e+00
9.500000e+02	9.600000e+02	0.000000e+00	0.000000e+00	0.000000e+00
9.600000e+02	9.700000e+02	0.000000e+00	0.000000e+00	0.000000e+00
9.700000e+02	9.800000e+02	0.000000e+00	0.000000e+00	0.000000e+00
9.800000e+02	9.900000e+02	0.000000e+00	0.000000e+00	0.000000e+00
9.900000e+02	1.000000e+03	0.000000e+00	0.000000e+00	0.000000e+00
# END HISTO1D

# BEGIN HISTO1D /run_FIX_NLOPS_HWPP_UNC_MUFACT1/run_H7_10M_mush1.yoda/MC_VBSCAN_MCComparison/pT_j3
LineColor=blue
LineStyle=solid
Path=/run_FIX_NLOPS_HWPP_UNC_MUFACT1/run_H7_10M_mush1.yoda/MC_VBSCAN_MCComparison/pT_j3
ScaledBy=2.06314518852397269e-06
Title=MG5aMC-HW7-new-mush1
XLabel=
YLabel=
# xlow	 xhigh	 val	 errminus	 errplus
0.000000e+00	1.000000e+01	0.000000e+00	0.000000e+00	0.000000e+00
1.000000e+01	2.000000e+01	0.000000e+00	0.000000e+00	0.000000e+00
2.000000e+01	3.000000e+01	0.000000e+00	0.000000e+00	0.000000e+00
3.000000e+01	4.000000e+01	1.137680e-02	7.120900e-05	7.120900e-05
4.000000e+01	5.000000e+01	7.696976e-03	5.762827e-05	5.762827e-05
5.000000e+01	6.000000e+01	5.278557e-03	4.716035e-05	4.716035e-05
6.000000e+01	7.000000e+01	3.607409e-03	3.904581e-05	3.904581e-05
7.000000e+01	8.000000e+01	2.586978e-03	3.262836e-05	3.262836e-05
8.000000e+01	9.000000e+01	1.810823e-03	2.727334e-05	2.727334e-05
9.000000e+01	1.000000e+02	1.297718e-03	2.299829e-05	2.299829e-05
1.000000e+02	1.100000e+02	9.529668e-04	1.956728e-05	1.956728e-05
1.100000e+02	1.200000e+02	7.214819e-04	1.667067e-05	1.667067e-05
1.200000e+02	1.300000e+02	5.102158e-04	1.421476e-05	1.421476e-05
1.300000e+02	1.400000e+02	3.833324e-04	1.228914e-05	1.228914e-05
1.400000e+02	1.500000e+02	2.758425e-04	1.048557e-05	1.048557e-05
1.500000e+02	1.600000e+02	2.281839e-04	9.147903e-06	9.147903e-06
1.600000e+02	1.700000e+02	1.879525e-04	8.151382e-06	8.151382e-06
1.700000e+02	1.800000e+02	1.283276e-04	6.965980e-06	6.965980e-06
1.800000e+02	1.900000e+02	8.727104e-05	6.116799e-06	6.116799e-06
1.900000e+02	2.000000e+02	7.798689e-05	5.474143e-06	5.474143e-06
2.000000e+02	2.100000e+02	5.714912e-05	4.718246e-06	4.718246e-06
2.100000e+02	2.200000e+02	5.632386e-05	4.410501e-06	4.410501e-06
2.200000e+02	2.300000e+02	3.589873e-05	3.713661e-06	3.713661e-06
2.300000e+02	2.400000e+02	3.197875e-05	3.229333e-06	3.229333e-06
2.400000e+02	2.500000e+02	2.455143e-05	2.910425e-06	2.910425e-06
2.500000e+02	2.600000e+02	2.166302e-05	2.851323e-06	2.851323e-06
2.600000e+02	2.700000e+02	1.753673e-05	2.449849e-06	2.449849e-06
2.700000e+02	2.800000e+02	1.031573e-05	2.083675e-06	2.083675e-06
2.800000e+02	2.900000e+02	1.031573e-05	1.890904e-06	1.890904e-06
2.900000e+02	3.000000e+02	7.014694e-06	1.798608e-06	1.798608e-06
3.000000e+02	3.100000e+02	7.221008e-06	1.557641e-06	1.557641e-06
3.100000e+02	3.200000e+02	6.808379e-06	1.637571e-06	1.637571e-06
3.200000e+02	3.300000e+02	4.745234e-06	1.384000e-06	1.384000e-06
3.300000e+02	3.400000e+02	4.332605e-06	1.220573e-06	1.220573e-06
3.400000e+02	3.500000e+02	2.269460e-06	1.072042e-06	1.072042e-06
3.500000e+02	3.600000e+02	3.094718e-06	1.031573e-06	1.031573e-06
3.600000e+02	3.700000e+02	2.269460e-06	7.990528e-07	7.990528e-07
3.700000e+02	3.800000e+02	2.475774e-06	8.753185e-07	8.753185e-07
3.800000e+02	3.900000e+02	1.237887e-06	8.753184e-07	8.753184e-07
3.900000e+02	4.000000e+02	1.444202e-06	7.990528e-07	7.990528e-07
4.000000e+02	4.100000e+02	6.189436e-07	6.189436e-07	6.189436e-07
4.100000e+02	4.200000e+02	1.650516e-06	7.719583e-07	7.719583e-07
4.200000e+02	4.300000e+02	6.189436e-07	4.613333e-07	4.613333e-07
4.300000e+02	4.400000e+02	8.252580e-07	5.835456e-07	5.835456e-07
4.400000e+02	4.500000e+02	-4.126290e-07	4.126290e-07	4.126290e-07
4.500000e+02	4.600000e+02	2.063145e-07	3.573473e-07	3.573473e-07
4.600000e+02	4.700000e+02	2.063145e-07	3.573473e-07	3.573473e-07
4.700000e+02	4.800000e+02	-2.290551e-23	4.126290e-07	4.126290e-07
4.800000e+02	4.900000e+02	4.126291e-07	5.053653e-07	5.053653e-07
4.900000e+02	5.000000e+02	4.126290e-07	2.917728e-07	2.917728e-07
5.000000e+02	5.100000e+02	4.126290e-07	2.917728e-07	2.917728e-07
5.100000e+02	5.200000e+02	2.063145e-07	2.063145e-07	2.063145e-07
5.200000e+02	5.300000e+02	0.000000e+00	0.000000e+00	0.000000e+00
5.300000e+02	5.400000e+02	0.000000e+00	0.000000e+00	0.000000e+00
5.400000e+02	5.500000e+02	0.000000e+00	0.000000e+00	0.000000e+00
5.500000e+02	5.600000e+02	4.126291e-07	2.917728e-07	2.917728e-07
5.600000e+02	5.700000e+02	0.000000e+00	0.000000e+00	0.000000e+00
5.700000e+02	5.800000e+02	4.126291e-07	2.917728e-07	2.917728e-07
5.800000e+02	5.900000e+02	0.000000e+00	0.000000e+00	0.000000e+00
5.900000e+02	6.000000e+02	-2.063145e-07	2.063145e-07	2.063145e-07
6.000000e+02	6.100000e+02	0.000000e+00	0.000000e+00	0.000000e+00
6.100000e+02	6.200000e+02	0.000000e+00	0.000000e+00	0.000000e+00
6.200000e+02	6.300000e+02	2.063145e-07	2.063145e-07	2.063145e-07
6.300000e+02	6.400000e+02	0.000000e+00	0.000000e+00	0.000000e+00
6.400000e+02	6.500000e+02	0.000000e+00	0.000000e+00	0.000000e+00
6.500000e+02	6.600000e+02	0.000000e+00	0.000000e+00	0.000000e+00
6.600000e+02	6.700000e+02	0.000000e+00	0.000000e+00	0.000000e+00
6.700000e+02	6.800000e+02	0.000000e+00	0.000000e+00	0.000000e+00
6.800000e+02	6.900000e+02	0.000000e+00	0.000000e+00	0.000000e+00
6.900000e+02	7.000000e+02	0.000000e+00	0.000000e+00	0.000000e+00
7.000000e+02	7.100000e+02	0.000000e+00	0.000000e+00	0.000000e+00
7.100000e+02	7.200000e+02	0.000000e+00	0.000000e+00	0.000000e+00
7.200000e+02	7.300000e+02	0.000000e+00	0.000000e+00	0.000000e+00
7.300000e+02	7.400000e+02	0.000000e+00	0.000000e+00	0.000000e+00
7.400000e+02	7.500000e+02	0.000000e+00	0.000000e+00	0.000000e+00
7.500000e+02	7.600000e+02	0.000000e+00	0.000000e+00	0.000000e+00
7.600000e+02	7.700000e+02	0.000000e+00	0.000000e+00	0.000000e+00
7.700000e+02	7.800000e+02	0.000000e+00	0.000000e+00	0.000000e+00
7.800000e+02	7.900000e+02	0.000000e+00	0.000000e+00	0.000000e+00
7.900000e+02	8.000000e+02	0.000000e+00	0.000000e+00	0.000000e+00
8.000000e+02	8.100000e+02	0.000000e+00	0.000000e+00	0.000000e+00
8.100000e+02	8.200000e+02	0.000000e+00	0.000000e+00	0.000000e+00
8.200000e+02	8.300000e+02	0.000000e+00	0.000000e+00	0.000000e+00
8.300000e+02	8.400000e+02	0.000000e+00	0.000000e+00	0.000000e+00
8.400000e+02	8.500000e+02	0.000000e+00	0.000000e+00	0.000000e+00
8.500000e+02	8.600000e+02	0.000000e+00	0.000000e+00	0.000000e+00
8.600000e+02	8.700000e+02	0.000000e+00	0.000000e+00	0.000000e+00
8.700000e+02	8.800000e+02	0.000000e+00	0.000000e+00	0.000000e+00
8.800000e+02	8.900000e+02	0.000000e+00	0.000000e+00	0.000000e+00
8.900000e+02	9.000000e+02	0.000000e+00	0.000000e+00	0.000000e+00
9.000000e+02	9.100000e+02	0.000000e+00	0.000000e+00	0.000000e+00
9.100000e+02	9.200000e+02	0.000000e+00	0.000000e+00	0.000000e+00
9.200000e+02	9.300000e+02	0.000000e+00	0.000000e+00	0.000000e+00
9.300000e+02	9.400000e+02	0.000000e+00	0.000000e+00	0.000000e+00
9.400000e+02	9.500000e+02	0.000000e+00	0.000000e+00	0.000000e+00
9.500000e+02	9.600000e+02	0.000000e+00	0.000000e+00	0.000000e+00
9.600000e+02	9.700000e+02	0.000000e+00	0.000000e+00	0.000000e+00
9.700000e+02	9.800000e+02	0.000000e+00	0.000000e+00	0.000000e+00
9.800000e+02	9.900000e+02	0.000000e+00	0.000000e+00	0.000000e+00
9.900000e+02	1.000000e+03	0.000000e+00	0.000000e+00	0.000000e+00
# END HISTO1D

# BEGIN HISTO1D /run_FIX_NLOPS_HWPP_UNC_MUFACT05/run_H7_10M_mush05.yoda/MC_VBSCAN_MCComparison/pT_j3
LineColor=red
LineStyle=solid
Path=/run_FIX_NLOPS_HWPP_UNC_MUFACT05/run_H7_10M_mush05.yoda/MC_VBSCAN_MCComparison/pT_j3
ScaledBy=2.06587351912331250e-06
Title=MG5aMC-HW7-new-mush05
XLabel=
YLabel=
# xlow	 xhigh	 val	 errminus	 errplus
0.000000e+00	1.000000e+01	0.000000e+00	0.000000e+00	0.000000e+00
1.000000e+01	2.000000e+01	0.000000e+00	0.000000e+00	0.000000e+00
2.000000e+01	3.000000e+01	0.000000e+00	0.000000e+00	0.000000e+00
3.000000e+01	4.000000e+01	1.153171e-02	7.127533e-05	7.127533e-05
4.000000e+01	5.000000e+01	7.635882e-03	5.746174e-05	5.746174e-05
5.000000e+01	6.000000e+01	5.236989e-03	4.691853e-05	4.691853e-05
6.000000e+01	7.000000e+01	3.697087e-03	3.875261e-05	3.875261e-05
7.000000e+01	8.000000e+01	2.582135e-03	3.239867e-05	3.239867e-05
8.000000e+01	9.000000e+01	1.870648e-03	2.705348e-05	2.705348e-05
9.000000e+01	1.000000e+02	1.394671e-03	2.287716e-05	2.287716e-05
1.000000e+02	1.100000e+02	9.434844e-04	1.927915e-05	1.927915e-05
1.100000e+02	1.200000e+02	7.081814e-04	1.648562e-05	1.648562e-05
1.200000e+02	1.300000e+02	5.350612e-04	1.391976e-05	1.391976e-05
1.300000e+02	1.400000e+02	3.830129e-04	1.188551e-05	1.188551e-05
1.400000e+02	1.500000e+02	3.018241e-04	1.038089e-05	1.038089e-05
1.500000e+02	1.600000e+02	2.332371e-04	9.096884e-06	9.096884e-06
1.600000e+02	1.700000e+02	1.654765e-04	7.955625e-06	7.955625e-06
1.700000e+02	1.800000e+02	1.423387e-04	6.873494e-06	6.873494e-06
1.800000e+02	1.900000e+02	1.059793e-04	5.861404e-06	5.861404e-06
1.900000e+02	2.000000e+02	8.304811e-05	5.363320e-06	5.363320e-06
2.000000e+02	2.100000e+02	6.796723e-05	4.697308e-06	4.697308e-06
2.100000e+02	2.200000e+02	4.730850e-05	4.218634e-06	4.218634e-06
2.200000e+02	2.300000e+02	3.801207e-05	3.707077e-06	3.707077e-06
2.300000e+02	2.400000e+02	3.243421e-05	3.375666e-06	3.375666e-06
2.400000e+02	2.500000e+02	2.664977e-05	2.794662e-06	2.794662e-06
2.500000e+02	2.600000e+02	1.776651e-05	2.513244e-06	2.513244e-06
2.600000e+02	2.700000e+02	1.260183e-05	2.272461e-06	2.272461e-06
2.700000e+02	2.800000e+02	1.487429e-05	2.263051e-06	2.263051e-06
2.800000e+02	2.900000e+02	1.487429e-05	2.002939e-06	2.002939e-06
2.900000e+02	3.000000e+02	7.437145e-06	1.626671e-06	1.626671e-06
3.000000e+02	3.100000e+02	7.023970e-06	1.652699e-06	1.652699e-06
3.100000e+02	3.200000e+02	4.751509e-06	1.385830e-06	1.385830e-06
3.200000e+02	3.300000e+02	4.131747e-06	1.370346e-06	1.370346e-06
3.300000e+02	3.400000e+02	3.925160e-06	1.112507e-06	1.112507e-06
3.400000e+02	3.500000e+02	4.544922e-06	1.273490e-06	1.273490e-06
3.500000e+02	3.600000e+02	2.479048e-06	9.238867e-07	9.238867e-07
3.600000e+02	3.700000e+02	3.511985e-06	9.467022e-07	9.467022e-07
3.700000e+02	3.800000e+02	2.479048e-06	7.156396e-07	7.156396e-07
3.800000e+02	3.900000e+02	8.263494e-07	8.263494e-07	8.263494e-07
3.900000e+02	4.000000e+02	1.032937e-06	6.851727e-07	6.851727e-07
4.000000e+02	4.100000e+02	1.652699e-06	7.729790e-07	7.729790e-07
4.100000e+02	4.200000e+02	6.197620e-07	6.197621e-07	6.197621e-07
4.200000e+02	4.300000e+02	1.032937e-06	5.465787e-07	5.465787e-07
4.300000e+02	4.400000e+02	1.239524e-06	5.060336e-07	5.060336e-07
4.400000e+02	4.500000e+02	2.065873e-07	3.578198e-07	3.578198e-07
4.500000e+02	4.600000e+02	4.131747e-07	2.921586e-07	2.921586e-07
4.600000e+02	4.700000e+02	2.065874e-07	2.065873e-07	2.065873e-07
4.700000e+02	4.800000e+02	6.197621e-07	3.578198e-07	3.578198e-07
4.800000e+02	4.900000e+02	1.032937e-06	4.619434e-07	4.619434e-07
4.900000e+02	5.000000e+02	2.065873e-07	2.065873e-07	2.065873e-07
5.000000e+02	5.100000e+02	2.065874e-07	2.065873e-07	2.065873e-07
5.100000e+02	5.200000e+02	2.065873e-07	2.065873e-07	2.065873e-07
5.200000e+02	5.300000e+02	2.065874e-07	2.065873e-07	2.065873e-07
5.300000e+02	5.400000e+02	0.000000e+00	0.000000e+00	0.000000e+00
5.400000e+02	5.500000e+02	2.065874e-07	2.065873e-07	2.065873e-07
5.500000e+02	5.600000e+02	2.065873e-07	2.065873e-07	2.065873e-07
5.600000e+02	5.700000e+02	2.065873e-07	2.065873e-07	2.065873e-07
5.700000e+02	5.800000e+02	0.000000e+00	0.000000e+00	0.000000e+00
5.800000e+02	5.900000e+02	-2.065873e-07	2.065873e-07	2.065873e-07
5.900000e+02	6.000000e+02	0.000000e+00	0.000000e+00	0.000000e+00
6.000000e+02	6.100000e+02	0.000000e+00	0.000000e+00	0.000000e+00
6.100000e+02	6.200000e+02	0.000000e+00	0.000000e+00	0.000000e+00
6.200000e+02	6.300000e+02	0.000000e+00	0.000000e+00	0.000000e+00
6.300000e+02	6.400000e+02	0.000000e+00	0.000000e+00	0.000000e+00
6.400000e+02	6.500000e+02	0.000000e+00	0.000000e+00	0.000000e+00
6.500000e+02	6.600000e+02	-2.065874e-07	2.065873e-07	2.065873e-07
6.600000e+02	6.700000e+02	0.000000e+00	0.000000e+00	0.000000e+00
6.700000e+02	6.800000e+02	0.000000e+00	0.000000e+00	0.000000e+00
6.800000e+02	6.900000e+02	0.000000e+00	0.000000e+00	0.000000e+00
6.900000e+02	7.000000e+02	0.000000e+00	0.000000e+00	0.000000e+00
7.000000e+02	7.100000e+02	0.000000e+00	0.000000e+00	0.000000e+00
7.100000e+02	7.200000e+02	0.000000e+00	0.000000e+00	0.000000e+00
7.200000e+02	7.300000e+02	0.000000e+00	0.000000e+00	0.000000e+00
7.300000e+02	7.400000e+02	0.000000e+00	0.000000e+00	0.000000e+00
7.400000e+02	7.500000e+02	0.000000e+00	0.000000e+00	0.000000e+00
7.500000e+02	7.600000e+02	0.000000e+00	0.000000e+00	0.000000e+00
7.600000e+02	7.700000e+02	0.000000e+00	0.000000e+00	0.000000e+00
7.700000e+02	7.800000e+02	0.000000e+00	0.000000e+00	0.000000e+00
7.800000e+02	7.900000e+02	0.000000e+00	0.000000e+00	0.000000e+00
7.900000e+02	8.000000e+02	0.000000e+00	0.000000e+00	0.000000e+00
8.000000e+02	8.100000e+02	0.000000e+00	0.000000e+00	0.000000e+00
8.100000e+02	8.200000e+02	0.000000e+00	0.000000e+00	0.000000e+00
8.200000e+02	8.300000e+02	0.000000e+00	0.000000e+00	0.000000e+00
8.300000e+02	8.400000e+02	0.000000e+00	0.000000e+00	0.000000e+00
8.400000e+02	8.500000e+02	0.000000e+00	0.000000e+00	0.000000e+00
8.500000e+02	8.600000e+02	0.000000e+00	0.000000e+00	0.000000e+00
8.600000e+02	8.700000e+02	0.000000e+00	0.000000e+00	0.000000e+00
8.700000e+02	8.800000e+02	0.000000e+00	0.000000e+00	0.000000e+00
8.800000e+02	8.900000e+02	0.000000e+00	0.000000e+00	0.000000e+00
8.900000e+02	9.000000e+02	0.000000e+00	0.000000e+00	0.000000e+00
9.000000e+02	9.100000e+02	0.000000e+00	0.000000e+00	0.000000e+00
9.100000e+02	9.200000e+02	0.000000e+00	0.000000e+00	0.000000e+00
9.200000e+02	9.300000e+02	0.000000e+00	0.000000e+00	0.000000e+00
9.300000e+02	9.400000e+02	0.000000e+00	0.000000e+00	0.000000e+00
9.400000e+02	9.500000e+02	0.000000e+00	0.000000e+00	0.000000e+00
9.500000e+02	9.600000e+02	0.000000e+00	0.000000e+00	0.000000e+00
9.600000e+02	9.700000e+02	0.000000e+00	0.000000e+00	0.000000e+00
9.700000e+02	9.800000e+02	0.000000e+00	0.000000e+00	0.000000e+00
9.800000e+02	9.900000e+02	0.000000e+00	0.000000e+00	0.000000e+00
9.900000e+02	1.000000e+03	0.000000e+00	0.000000e+00	0.000000e+00
# END HISTO1D

