  +0.0000000e+00   +1.0000000e+02   +5.4363241e-04   +7.2342879e-07  +5.4363241e-04   +5.0770085e-04   +5.8460973e-04   +5.4363241e-04   +5.4363241e-04   +5.4363241e-04   +5.0770085e-04   +5.0770085e-04   +5.0770085e-04   +5.8460973e-04   +5.8460973e-04   +5.8460973e-04
  +1.0000000e+02   +2.0000000e+02   +5.3271470e-04   +6.0608666e-07  +5.3271470e-04   +4.9340975e-04   +5.7828215e-04   +5.3271470e-04   +5.3271470e-04   +5.3271470e-04   +4.9340975e-04   +4.9340975e-04   +4.9340975e-04   +5.7828215e-04   +5.7828215e-04   +5.7828215e-04
  +2.0000000e+02   +3.0000000e+02   +2.0144796e-04   +6.6159784e-07  +2.0144796e-04   +1.8456819e-04   +2.2138098e-04   +2.0144796e-04   +2.0144796e-04   +2.0144796e-04   +1.8456819e-04   +1.8456819e-04   +1.8456819e-04   +2.2138098e-04   +2.2138098e-04   +2.2138098e-04
  +3.0000000e+02   +4.0000000e+02   +8.0751254e-05   +1.4868362e-07  +8.0751254e-05   +7.3312670e-05   +8.9657701e-05   +8.0751254e-05   +8.0751254e-05   +8.0751254e-05   +7.3312670e-05   +7.3312670e-05   +7.3312670e-05   +8.9657701e-05   +8.9657701e-05   +8.9657701e-05
  +4.0000000e+02   +5.0000000e+02   +3.5444225e-05   +1.0648550e-07  +3.5444225e-05   +3.1923854e-05   +3.9706204e-05   +3.5444225e-05   +3.5444225e-05   +3.5444225e-05   +3.1923854e-05   +3.1923854e-05   +3.1923854e-05   +3.9706204e-05   +3.9706204e-05   +3.9706204e-05
  +5.0000000e+02   +6.0000000e+02   +1.6892471e-05   +4.8067114e-08  +1.6892471e-05   +1.5110578e-05   +1.9069470e-05   +1.6892471e-05   +1.6892471e-05   +1.6892471e-05   +1.5110578e-05   +1.5110578e-05   +1.5110578e-05   +1.9069470e-05   +1.9069470e-05   +1.9069470e-05
  +6.0000000e+02   +7.0000000e+02   +8.5390830e-06   +3.6899296e-08  +8.5390830e-06   +7.5869532e-06   +9.7126766e-06   +8.5390830e-06   +8.5390830e-06   +8.5390830e-06   +7.5869532e-06   +7.5869532e-06   +7.5869532e-06   +9.7126766e-06   +9.7126766e-06   +9.7126766e-06
  +7.0000000e+02   +8.0000000e+02   +4.5497498e-06   +2.2564887e-08  +4.5497498e-06   +4.0180004e-06   +5.2101748e-06   +4.5497498e-06   +4.5497498e-06   +4.5497498e-06   +4.0180004e-06   +4.0180004e-06   +4.0180004e-06   +5.2101748e-06   +5.2101748e-06   +5.2101748e-06
  +8.0000000e+02   +9.0000000e+02   +2.4950170e-06   +1.7057053e-08  +2.4950170e-06   +2.1906170e-06   +2.8759287e-06   +2.4950170e-06   +2.4950170e-06   +2.4950170e-06   +2.1906170e-06   +2.1906170e-06   +2.1906170e-06   +2.8759287e-06   +2.8759287e-06   +2.8759287e-06
  +9.0000000e+02   +1.0000000e+03   +1.4129136e-06   +1.0554396e-08  +1.4129136e-06   +1.2349907e-06   +1.6367713e-06   +1.4129136e-06   +1.4129136e-06   +1.4129136e-06   +1.2349907e-06   +1.2349907e-06   +1.2349907e-06   +1.6367713e-06   +1.6367713e-06   +1.6367713e-06
  +1.0000000e+03   +1.1000000e+03   +8.6449872e-07   +1.8191984e-08  +8.6449872e-07   +7.5146983e-07   +1.0075568e-06   +8.6449872e-07   +8.6449872e-07   +8.6449872e-07   +7.5146983e-07   +7.5146983e-07   +7.5146983e-07   +1.0075568e-06   +1.0075568e-06   +1.0075568e-06
  +1.1000000e+03   +1.2000000e+03   +5.0798747e-07   +7.6323471e-09  +5.0798747e-07   +4.3978253e-07   +5.9472438e-07   +5.0798747e-07   +5.0798747e-07   +5.0798747e-07   +4.3978253e-07   +4.3978253e-07   +4.3978253e-07   +5.9472438e-07   +5.9472438e-07   +5.9472438e-07
  +1.2000000e+03   +1.3000000e+03   +3.0947127e-07   +6.4374499e-09  +3.0947127e-07   +2.6645281e-07   +3.6455069e-07   +3.0947127e-07   +3.0947127e-07   +3.0947127e-07   +2.6645281e-07   +2.6645281e-07   +2.6645281e-07   +3.6455069e-07   +3.6455069e-07   +3.6455069e-07
  +1.3000000e+03   +1.4000000e+03   +1.8475901e-07   +2.1343525e-09  +1.8475901e-07   +1.5851775e-07   +2.1850988e-07   +1.8475901e-07   +1.8475901e-07   +1.8475901e-07   +1.5851775e-07   +1.5851775e-07   +1.5851775e-07   +2.1850988e-07   +2.1850988e-07   +2.1850988e-07
  +1.4000000e+03   +1.5000000e+03   +1.7018891e-07   +5.1402149e-08  +1.7018891e-07   +1.4480217e-07   +2.0286372e-07   +1.7018891e-07   +1.7018891e-07   +1.7018891e-07   +1.4480217e-07   +1.4480217e-07   +1.4480217e-07   +2.0286372e-07   +2.0286372e-07   +2.0286372e-07
  +1.5000000e+03   +1.6000000e+03   +7.1307997e-08   +2.1862515e-09  +7.1307997e-08   +6.0734858e-08   +8.5024477e-08   +7.1307997e-08   +7.1307997e-08   +7.1307997e-08   +6.0734858e-08   +6.0734858e-08   +6.0734858e-08   +8.5024477e-08   +8.5024477e-08   +8.5024477e-08
  +1.6000000e+03   +1.7000000e+03   +4.8606880e-08   +1.0529710e-09  +4.8606880e-08   +4.1136907e-08   +5.8369133e-08   +4.8606880e-08   +4.8606880e-08   +4.8606880e-08   +4.1136907e-08   +4.1136907e-08   +4.1136907e-08   +5.8369133e-08   +5.8369133e-08   +5.8369133e-08
  +1.7000000e+03   +1.8000000e+03   +3.4249114e-08   +1.9165103e-09  +3.4249114e-08   +2.8764796e-08   +4.1497969e-08   +3.4249114e-08   +3.4249114e-08   +3.4249114e-08   +2.8764796e-08   +2.8764796e-08   +2.8764796e-08   +4.1497969e-08   +4.1497969e-08   +4.1497969e-08
  +1.8000000e+03   +1.9000000e+03   +2.2992772e-08   +1.7903818e-09  +2.2992772e-08   +1.9428426e-08   +2.7662650e-08   +2.2992772e-08   +2.2992772e-08   +2.2992772e-08   +1.9428426e-08   +1.9428426e-08   +1.9428426e-08   +2.7662650e-08   +2.7662650e-08   +2.7662650e-08
  +1.9000000e+03   +2.0000000e+03   +1.6518685e-08   +1.9984819e-09  +1.6518685e-08   +1.3807128e-08   +2.0103676e-08   +1.6518685e-08   +1.6518685e-08   +1.6518685e-08   +1.3807128e-08   +1.3807128e-08   +1.3807128e-08   +2.0103676e-08   +2.0103676e-08   +2.0103676e-08
  +2.0000000e+03   +2.1000000e+03   +9.3120666e-09   +5.9473251e-10  +9.3120666e-09   +7.7648145e-09   +1.1369037e-08   +9.3120666e-09   +9.3120666e-09   +9.3120666e-09   +7.7648145e-09   +7.7648145e-09   +7.7648145e-09   +1.1369037e-08   +1.1369037e-08   +1.1369037e-08
  +2.1000000e+03   +2.2000000e+03   +6.4305461e-09   +3.0705827e-10  +6.4305461e-09   +5.3361628e-09   +7.8949898e-09   +6.4305461e-09   +6.4305461e-09   +6.4305461e-09   +5.3361628e-09   +5.3361628e-09   +5.3361628e-09   +7.8949898e-09   +7.8949898e-09   +7.8949898e-09
  +2.2000000e+03   +2.3000000e+03   +5.0601928e-09   +9.8394847e-10  +5.0601928e-09   +4.1969298e-09   +6.2109179e-09   +5.0601928e-09   +5.0601928e-09   +5.0601928e-09   +4.1969298e-09   +4.1969298e-09   +4.1969298e-09   +6.2109179e-09   +6.2109179e-09   +6.2109179e-09
  +2.3000000e+03   +2.4000000e+03   +3.1658385e-09   +3.5344041e-10  +3.1658385e-09   +2.6176683e-09   +3.9030283e-09   +3.1658385e-09   +3.1658385e-09   +3.1658385e-09   +2.6176683e-09   +2.6176683e-09   +2.6176683e-09   +3.9030283e-09   +3.9030283e-09   +3.9030283e-09
  +2.4000000e+03   +2.5000000e+03   +1.7523273e-09   +9.9620237e-11  +1.7523273e-09   +1.4354829e-09   +2.1810052e-09   +1.7523273e-09   +1.7523273e-09   +1.7523273e-09   +1.4354829e-09   +1.4354829e-09   +1.4354829e-09   +2.1810052e-09   +2.1810052e-09   +2.1810052e-09
  +2.5000000e+03   +2.6000000e+03   +1.2233120e-09   +5.5895538e-11  +1.2233120e-09   +1.0032705e-09   +1.5218689e-09   +1.2233120e-09   +1.2233120e-09   +1.2233120e-09   +1.0032705e-09   +1.0032705e-09   +1.0032705e-09   +1.5218689e-09   +1.5218689e-09   +1.5218689e-09
  +2.6000000e+03   +2.7000000e+03   +8.7107334e-10   +1.2661735e-10  +8.7107334e-10   +7.1565489e-10   +1.0817618e-09   +8.7107334e-10   +8.7107334e-10   +8.7107334e-10   +7.1565489e-10   +7.1565489e-10   +7.1565489e-10   +1.0817618e-09   +1.0817618e-09   +1.0817618e-09
  +2.7000000e+03   +2.8000000e+03   +6.3389565e-10   +4.6100851e-11  +6.3389565e-10   +5.1499169e-10   +7.9702879e-10   +6.3389565e-10   +6.3389565e-10   +6.3389565e-10   +5.1499169e-10   +5.1499169e-10   +5.1499169e-10   +7.9702879e-10   +7.9702879e-10   +7.9702879e-10
  +2.8000000e+03   +2.9000000e+03   +3.9541183e-10   +3.6634178e-11  +3.9541183e-10   +3.2113385e-10   +4.9723184e-10   +3.9541183e-10   +3.9541183e-10   +3.9541183e-10   +3.2113385e-10   +3.2113385e-10   +3.2113385e-10   +4.9723184e-10   +4.9723184e-10   +4.9723184e-10
  +2.9000000e+03   +3.0000000e+03   +4.0173632e-10   +5.1425921e-11  +4.0173632e-10   +3.2363167e-10   +5.1029608e-10   +4.0173632e-10   +4.0173632e-10   +4.0173632e-10   +3.2363167e-10   +3.2363167e-10   +3.2363167e-10   +5.1029608e-10   +5.1029608e-10   +5.1029608e-10
  +3.0000000e+03   +3.1000000e+03   +2.6784065e-10   +3.5963252e-11  +2.6784065e-10   +2.1495799e-10   +3.4131356e-10   +2.6784065e-10   +2.6784065e-10   +2.6784065e-10   +2.1495799e-10   +2.1495799e-10   +2.1495799e-10   +3.4131356e-10   +3.4131356e-10   +3.4131356e-10
  +3.1000000e+03   +3.2000000e+03   +1.6676737e-10   +2.3041138e-11  +1.6676737e-10   +1.3349600e-10   +2.1309093e-10   +1.6676737e-10   +1.6676737e-10   +1.6676737e-10   +1.3349600e-10   +1.3349600e-10   +1.3349600e-10   +2.1309093e-10   +2.1309093e-10   +2.1309093e-10
  +3.2000000e+03   +3.3000000e+03   +1.4537996e-10   +3.4583178e-11  +1.4537996e-10   +1.1655570e-10   +1.8550163e-10   +1.4537996e-10   +1.4537996e-10   +1.4537996e-10   +1.1655570e-10   +1.1655570e-10   +1.1655570e-10   +1.8550163e-10   +1.8550163e-10   +1.8550163e-10
  +3.3000000e+03   +3.4000000e+03   +7.1492318e-11   +7.6096036e-12  +7.1492318e-11   +5.7157728e-11   +9.1488905e-11   +7.1492318e-11   +7.1492318e-11   +7.1492318e-11   +5.7157728e-11   +5.7157728e-11   +5.7157728e-11   +9.1488905e-11   +9.1488905e-11   +9.1488905e-11
  +3.4000000e+03   +3.5000000e+03   +6.3907323e-11   +1.5884671e-11  +6.3907323e-11   +5.0584846e-11   +8.2746789e-11   +6.3907323e-11   +6.3907323e-11   +6.3907323e-11   +5.0584846e-11   +5.0584846e-11   +5.0584846e-11   +8.2746789e-11   +8.2746789e-11   +8.2746789e-11
  +3.5000000e+03   +3.6000000e+03   +3.9057352e-11   +6.4111775e-12  +3.9057352e-11   +3.0862818e-11   +5.0665596e-11   +3.9057352e-11   +3.9057352e-11   +3.9057352e-11   +3.0862818e-11   +3.0862818e-11   +3.0862818e-11   +5.0665596e-11   +5.0665596e-11   +5.0665596e-11
  +3.6000000e+03   +3.7000000e+03   +2.1562209e-11   +2.8098784e-12  +2.1562209e-11   +1.7165845e-11   +2.7739854e-11   +2.1562209e-11   +2.1562209e-11   +2.1562209e-11   +1.7165845e-11   +1.7165845e-11   +1.7165845e-11   +2.7739854e-11   +2.7739854e-11   +2.7739854e-11
  +3.7000000e+03   +3.8000000e+03   +1.5131095e-11   +2.2803545e-12  +1.5131095e-11   +1.1927589e-11   +1.9689260e-11   +1.5131095e-11   +1.5131095e-11   +1.5131095e-11   +1.1927589e-11   +1.1927589e-11   +1.1927589e-11   +1.9689260e-11   +1.9689260e-11   +1.9689260e-11
  +3.8000000e+03   +3.9000000e+03   +2.5188245e-11   +1.5694446e-11  +2.5188245e-11   +1.9309486e-11   +3.3793713e-11   +2.5188245e-11   +2.5188245e-11   +2.5188245e-11   +1.9309486e-11   +1.9309486e-11   +1.9309486e-11   +3.3793713e-11   +3.3793713e-11   +3.3793713e-11
  +3.9000000e+03   +4.0000000e+03   +9.8474609e-12   +2.8861724e-12  +9.8474609e-12   +7.9714420e-12   +1.2422626e-11   +9.8474609e-12   +9.8474609e-12   +9.8474609e-12   +7.9714420e-12   +7.9714420e-12   +7.9714420e-12   +1.2422626e-11   +1.2422626e-11   +1.2422626e-11
<\histogram>
