  +0.0000000e+00   +1.0000000e+02   +1.0000000e+00   +1.3653998e-03  +1.0000000e+00   +1.0000000e+00   +1.0000000e+00   +1.0000000e+00   +1.0000000e+00   +1.0000000e+00   +1.0000000e+00   +1.0000000e+00   +1.0000000e+00   +1.0000000e+00   +1.0000000e+00   +1.0000000e+00
  +1.0000000e+02   +2.0000000e+02   +1.0000000e+00   +1.1784537e-03  +1.0000000e+00   +1.0000000e+00   +1.0000000e+00   +1.0000000e+00   +1.0000000e+00   +1.0000000e+00   +1.0000000e+00   +1.0000000e+00   +1.0000000e+00   +1.0000000e+00   +1.0000000e+00   +1.0000000e+00
  +2.0000000e+02   +3.0000000e+02   +1.0000000e+00   +1.1478397e-03  +1.0000000e+00   +1.0000000e+00   +1.0000000e+00   +1.0000000e+00   +1.0000000e+00   +1.0000000e+00   +1.0000000e+00   +1.0000000e+00   +1.0000000e+00   +1.0000000e+00   +1.0000000e+00   +1.0000000e+00
  +3.0000000e+02   +4.0000000e+02   +1.0000000e+00   +2.7098718e-03  +1.0000000e+00   +1.0000000e+00   +1.0000000e+00   +1.0000000e+00   +1.0000000e+00   +1.0000000e+00   +1.0000000e+00   +1.0000000e+00   +1.0000000e+00   +1.0000000e+00   +1.0000000e+00   +1.0000000e+00
  +4.0000000e+02   +5.0000000e+02   +1.0000000e+00   +4.6221640e-03  +1.0000000e+00   +1.0000000e+00   +1.0000000e+00   +1.0000000e+00   +1.0000000e+00   +1.0000000e+00   +1.0000000e+00   +1.0000000e+00   +1.0000000e+00   +1.0000000e+00   +1.0000000e+00   +1.0000000e+00
  +5.0000000e+02   +6.0000000e+02   +1.0000000e+00   +1.1051935e-02  +1.0000000e+00   +1.0000000e+00   +1.0000000e+00   +1.0000000e+00   +1.0000000e+00   +1.0000000e+00   +1.0000000e+00   +1.0000000e+00   +1.0000000e+00   +1.0000000e+00   +1.0000000e+00   +1.0000000e+00
  +6.0000000e+02   +7.0000000e+02   +1.0000000e+00   +4.3595721e-03  +1.0000000e+00   +1.0000000e+00   +1.0000000e+00   +1.0000000e+00   +1.0000000e+00   +1.0000000e+00   +1.0000000e+00   +1.0000000e+00   +1.0000000e+00   +1.0000000e+00   +1.0000000e+00   +1.0000000e+00
  +7.0000000e+02   +8.0000000e+02   +1.0000000e+00   +9.3627254e-03  +1.0000000e+00   +1.0000000e+00   +1.0000000e+00   +1.0000000e+00   +1.0000000e+00   +1.0000000e+00   +1.0000000e+00   +1.0000000e+00   +1.0000000e+00   +1.0000000e+00   +1.0000000e+00   +1.0000000e+00
  +8.0000000e+02   +9.0000000e+02   +1.0000000e+00   +3.4980028e-02  +1.0000000e+00   +1.0000000e+00   +1.0000000e+00   +1.0000000e+00   +1.0000000e+00   +1.0000000e+00   +1.0000000e+00   +1.0000000e+00   +1.0000000e+00   +1.0000000e+00   +1.0000000e+00   +1.0000000e+00
  +9.0000000e+02   +1.0000000e+03   +1.0000000e+00   +1.1995773e-02  +1.0000000e+00   +1.0000000e+00   +1.0000000e+00   +1.0000000e+00   +1.0000000e+00   +1.0000000e+00   +1.0000000e+00   +1.0000000e+00   +1.0000000e+00   +1.0000000e+00   +1.0000000e+00   +1.0000000e+00
  +1.0000000e+03   +1.1000000e+03   +1.0000000e+00   +1.4602765e-02  +1.0000000e+00   +1.0000000e+00   +1.0000000e+00   +1.0000000e+00   +1.0000000e+00   +1.0000000e+00   +1.0000000e+00   +1.0000000e+00   +1.0000000e+00   +1.0000000e+00   +1.0000000e+00   +1.0000000e+00
  +1.1000000e+03   +1.2000000e+03   +1.0000000e+00   +1.1231705e-02  +1.0000000e+00   +1.0000000e+00   +1.0000000e+00   +1.0000000e+00   +1.0000000e+00   +1.0000000e+00   +1.0000000e+00   +1.0000000e+00   +1.0000000e+00   +1.0000000e+00   +1.0000000e+00   +1.0000000e+00
  +1.2000000e+03   +1.3000000e+03   +1.0000000e+00   +1.7236080e-02  +1.0000000e+00   +1.0000000e+00   +1.0000000e+00   +1.0000000e+00   +1.0000000e+00   +1.0000000e+00   +1.0000000e+00   +1.0000000e+00   +1.0000000e+00   +1.0000000e+00   +1.0000000e+00   +1.0000000e+00
  +1.3000000e+03   +1.4000000e+03   +1.0000000e+00   +2.0577921e-02  +1.0000000e+00   +1.0000000e+00   +1.0000000e+00   +1.0000000e+00   +1.0000000e+00   +1.0000000e+00   +1.0000000e+00   +1.0000000e+00   +1.0000000e+00   +1.0000000e+00   +1.0000000e+00   +1.0000000e+00
  +1.4000000e+03   +1.5000000e+03   +1.0000000e+00   +2.3727435e-02  +1.0000000e+00   +1.0000000e+00   +1.0000000e+00   +1.0000000e+00   +1.0000000e+00   +1.0000000e+00   +1.0000000e+00   +1.0000000e+00   +1.0000000e+00   +1.0000000e+00   +1.0000000e+00   +1.0000000e+00
  +1.5000000e+03   +1.6000000e+03   +1.0000000e+00   +2.4466334e-02  +1.0000000e+00   +1.0000000e+00   +1.0000000e+00   +1.0000000e+00   +1.0000000e+00   +1.0000000e+00   +1.0000000e+00   +1.0000000e+00   +1.0000000e+00   +1.0000000e+00   +1.0000000e+00   +1.0000000e+00
  +1.6000000e+03   +1.7000000e+03   +1.0000000e+00   +3.3591356e-02  +1.0000000e+00   +1.0000000e+00   +1.0000000e+00   +1.0000000e+00   +1.0000000e+00   +1.0000000e+00   +1.0000000e+00   +1.0000000e+00   +1.0000000e+00   +1.0000000e+00   +1.0000000e+00   +1.0000000e+00
  +1.7000000e+03   +1.8000000e+03   +1.0000000e+00   +1.6334400e-01  +1.0000000e+00   +1.0000000e+00   +1.0000000e+00   +1.0000000e+00   +1.0000000e+00   +1.0000000e+00   +1.0000000e+00   +1.0000000e+00   +1.0000000e+00   +1.0000000e+00   +1.0000000e+00   +1.0000000e+00
  +1.8000000e+03   +1.9000000e+03   +1.0000000e+00   +4.0669192e-02  +1.0000000e+00   +1.0000000e+00   +1.0000000e+00   +1.0000000e+00   +1.0000000e+00   +1.0000000e+00   +1.0000000e+00   +1.0000000e+00   +1.0000000e+00   +1.0000000e+00   +1.0000000e+00   +1.0000000e+00
  +1.9000000e+03   +2.0000000e+03   +1.0000000e+00   +7.0340285e-02  +1.0000000e+00   +1.0000000e+00   +1.0000000e+00   +1.0000000e+00   +1.0000000e+00   +1.0000000e+00   +1.0000000e+00   +1.0000000e+00   +1.0000000e+00   +1.0000000e+00   +1.0000000e+00   +1.0000000e+00
  +2.0000000e+03   +2.1000000e+03   +1.0000000e+00   +5.7866087e-02  +1.0000000e+00   +1.0000000e+00   +1.0000000e+00   +1.0000000e+00   +1.0000000e+00   +1.0000000e+00   +1.0000000e+00   +1.0000000e+00   +1.0000000e+00   +1.0000000e+00   +1.0000000e+00   +1.0000000e+00
  +2.1000000e+03   +2.2000000e+03   +1.0000000e+00   +6.2426240e-02  +1.0000000e+00   +1.0000000e+00   +1.0000000e+00   +1.0000000e+00   +1.0000000e+00   +1.0000000e+00   +1.0000000e+00   +1.0000000e+00   +1.0000000e+00   +1.0000000e+00   +1.0000000e+00   +1.0000000e+00
  +2.2000000e+03   +2.3000000e+03   +1.0000000e+00   +4.7200912e-02  +1.0000000e+00   +1.0000000e+00   +1.0000000e+00   +1.0000000e+00   +1.0000000e+00   +1.0000000e+00   +1.0000000e+00   +1.0000000e+00   +1.0000000e+00   +1.0000000e+00   +1.0000000e+00   +1.0000000e+00
  +2.3000000e+03   +2.4000000e+03   +1.0000000e+00   +6.2662158e-02  +1.0000000e+00   +1.0000000e+00   +1.0000000e+00   +1.0000000e+00   +1.0000000e+00   +1.0000000e+00   +1.0000000e+00   +1.0000000e+00   +1.0000000e+00   +1.0000000e+00   +1.0000000e+00   +1.0000000e+00
  +2.4000000e+03   +2.5000000e+03   +1.0000000e+00   +6.3467691e-02  +1.0000000e+00   +1.0000000e+00   +1.0000000e+00   +1.0000000e+00   +1.0000000e+00   +1.0000000e+00   +1.0000000e+00   +1.0000000e+00   +1.0000000e+00   +1.0000000e+00   +1.0000000e+00   +1.0000000e+00
  +2.5000000e+03   +2.6000000e+03   +1.0000000e+00   +6.5032887e-02  +1.0000000e+00   +1.0000000e+00   +1.0000000e+00   +1.0000000e+00   +1.0000000e+00   +1.0000000e+00   +1.0000000e+00   +1.0000000e+00   +1.0000000e+00   +1.0000000e+00   +1.0000000e+00   +1.0000000e+00
  +2.6000000e+03   +2.7000000e+03   +1.0000000e+00   +4.2760165e-01  +1.0000000e+00   +1.0000000e+00   +1.0000000e+00   +1.0000000e+00   +1.0000000e+00   +1.0000000e+00   +1.0000000e+00   +1.0000000e+00   +1.0000000e+00   +1.0000000e+00   +1.0000000e+00   +1.0000000e+00
  +2.7000000e+03   +2.8000000e+03   +1.0000000e+00   +1.8952272e-01  +1.0000000e+00   +1.0000000e+00   +1.0000000e+00   +1.0000000e+00   +1.0000000e+00   +1.0000000e+00   +1.0000000e+00   +1.0000000e+00   +1.0000000e+00   +1.0000000e+00   +1.0000000e+00   +1.0000000e+00
  +2.8000000e+03   +2.9000000e+03   +1.0000000e+00   +1.1649384e-01  +1.0000000e+00   +1.0000000e+00   +1.0000000e+00   +1.0000000e+00   +1.0000000e+00   +1.0000000e+00   +1.0000000e+00   +1.0000000e+00   +1.0000000e+00   +1.0000000e+00   +1.0000000e+00   +1.0000000e+00
  +2.9000000e+03   +3.0000000e+03   +1.0000000e+00   +9.3311532e-02  +1.0000000e+00   +1.0000000e+00   +1.0000000e+00   +1.0000000e+00   +1.0000000e+00   +1.0000000e+00   +1.0000000e+00   +1.0000000e+00   +1.0000000e+00   +1.0000000e+00   +1.0000000e+00   +1.0000000e+00
  +3.0000000e+03   +3.1000000e+03   +1.0000000e+00   +1.9598894e-01  +1.0000000e+00   +1.0000000e+00   +1.0000000e+00   +1.0000000e+00   +1.0000000e+00   +1.0000000e+00   +1.0000000e+00   +1.0000000e+00   +1.0000000e+00   +1.0000000e+00   +1.0000000e+00   +1.0000000e+00
  +3.1000000e+03   +3.2000000e+03   +1.0000000e+00   +1.4528581e-01  +1.0000000e+00   +1.0000000e+00   +1.0000000e+00   +1.0000000e+00   +1.0000000e+00   +1.0000000e+00   +1.0000000e+00   +1.0000000e+00   +1.0000000e+00   +1.0000000e+00   +1.0000000e+00   +1.0000000e+00
  +3.2000000e+03   +3.3000000e+03   +1.0000000e+00   +1.8389804e-01  +1.0000000e+00   +1.0000000e+00   +1.0000000e+00   +1.0000000e+00   +1.0000000e+00   +1.0000000e+00   +1.0000000e+00   +1.0000000e+00   +1.0000000e+00   +1.0000000e+00   +1.0000000e+00   +1.0000000e+00
  +3.3000000e+03   +3.4000000e+03   +1.0000000e+00   +4.2266661e-01  +1.0000000e+00   +1.0000000e+00   +1.0000000e+00   +1.0000000e+00   +1.0000000e+00   +1.0000000e+00   +1.0000000e+00   +1.0000000e+00   +1.0000000e+00   +1.0000000e+00   +1.0000000e+00   +1.0000000e+00
  +3.4000000e+03   +3.5000000e+03   +1.0000000e+00   +4.5409523e-01  +1.0000000e+00   +1.0000000e+00   +1.0000000e+00   +1.0000000e+00   +1.0000000e+00   +1.0000000e+00   +1.0000000e+00   +1.0000000e+00   +1.0000000e+00   +1.0000000e+00   +1.0000000e+00   +1.0000000e+00
  +3.5000000e+03   +3.6000000e+03   +1.0000000e+00   +5.3397677e-01  +1.0000000e+00   +1.0000000e+00   +1.0000000e+00   +1.0000000e+00   +1.0000000e+00   +1.0000000e+00   +1.0000000e+00   +1.0000000e+00   +1.0000000e+00   +1.0000000e+00   +1.0000000e+00   +1.0000000e+00
  +3.6000000e+03   +3.7000000e+03   +1.0000000e+00   +2.2856119e-01  +1.0000000e+00   +1.0000000e+00   +1.0000000e+00   +1.0000000e+00   +1.0000000e+00   +1.0000000e+00   +1.0000000e+00   +1.0000000e+00   +1.0000000e+00   +1.0000000e+00   +1.0000000e+00   +1.0000000e+00
  +3.7000000e+03   +3.8000000e+03   +1.0000000e+00   +2.6796960e-01  +1.0000000e+00   +1.0000000e+00   +1.0000000e+00   +1.0000000e+00   +1.0000000e+00   +1.0000000e+00   +1.0000000e+00   +1.0000000e+00   +1.0000000e+00   +1.0000000e+00   +1.0000000e+00   +1.0000000e+00
  +3.8000000e+03   +3.9000000e+03   +1.0000000e+00   +4.5719777e-01  +1.0000000e+00   +1.0000000e+00   +1.0000000e+00   +1.0000000e+00   +1.0000000e+00   +1.0000000e+00   +1.0000000e+00   +1.0000000e+00   +1.0000000e+00   +1.0000000e+00   +1.0000000e+00   +1.0000000e+00
  +3.9000000e+03   +4.0000000e+03   +1.0000000e+00   +2.4634857e-01  +1.0000000e+00   +1.0000000e+00   +1.0000000e+00   +1.0000000e+00   +1.0000000e+00   +1.0000000e+00   +1.0000000e+00   +1.0000000e+00   +1.0000000e+00   +1.0000000e+00   +1.0000000e+00   +1.0000000e+00
<\histogram>
