  +0.0000000e+00   +2.5000000e+01   +1.1602853e-04   +1.8248128e-07  +1.1602853e-04   +1.0789323e-04   +1.2540532e-04   +1.1602853e-04   +1.1602853e-04   +1.1602853e-04   +1.0789323e-04   +1.0789323e-04   +1.0789323e-04   +1.2540532e-04   +1.2540532e-04   +1.2540532e-04
  +2.5000000e+01   +5.0000000e+01   +5.0914630e-04   +4.1352611e-07  +5.0914630e-04   +4.7350288e-04   +5.5019022e-04   +5.0914630e-04   +5.0914630e-04   +5.0914630e-04   +4.7350288e-04   +4.7350288e-04   +4.7350288e-04   +5.5019022e-04   +5.5019022e-04   +5.5019022e-04
  +5.0000000e+01   +7.5000000e+01   +3.0927396e-04   +4.2762592e-07  +3.0927396e-04   +2.8677686e-04   +3.3532734e-04   +3.0927396e-04   +3.0927396e-04   +3.0927396e-04   +2.8677686e-04   +2.8677686e-04   +2.8677686e-04   +3.3532734e-04   +3.3532734e-04   +3.3532734e-04
  +7.5000000e+01   +1.0000000e+02   +1.7863062e-04   +2.9161028e-07  +1.7863062e-04   +1.6503514e-04   +1.9447575e-04   +1.7863062e-04   +1.7863062e-04   +1.7863062e-04   +1.6503514e-04   +1.6503514e-04   +1.6503514e-04   +1.9447575e-04   +1.9447575e-04   +1.9447575e-04
  +1.0000000e+02   +1.2500000e+02   +1.0665348e-04   +1.6116503e-07  +1.0665348e-04   +9.8183952e-05   +1.1658252e-04   +1.0665348e-04   +1.0665348e-04   +1.0665348e-04   +9.8183952e-05   +9.8183952e-05   +9.8183952e-05   +1.1658252e-04   +1.1658252e-04   +1.1658252e-04
  +1.2500000e+02   +1.5000000e+02   +6.6667734e-05   +1.1949045e-07  +6.6667734e-05   +6.1159478e-05   +7.3160611e-05   +6.6667734e-05   +6.6667734e-05   +6.6667734e-05   +6.1159478e-05   +6.1159478e-05   +6.1159478e-05   +7.3160611e-05   +7.3160611e-05   +7.3160611e-05
  +1.5000000e+02   +1.7500000e+02   +4.3518372e-05   +1.3811680e-07  +4.3518372e-05   +3.9781627e-05   +4.7947162e-05   +4.3518372e-05   +4.3518372e-05   +4.3518372e-05   +3.9781627e-05   +3.9781627e-05   +3.9781627e-05   +4.7947162e-05   +4.7947162e-05   +4.7947162e-05
  +1.7500000e+02   +2.0000000e+02   +2.8874202e-05   +5.2722189e-08  +2.8874202e-05   +2.6318343e-05   +3.1916223e-05   +2.8874202e-05   +2.8874202e-05   +2.8874202e-05   +2.6318343e-05   +2.6318343e-05   +2.6318343e-05   +3.1916223e-05   +3.1916223e-05   +3.1916223e-05
  +2.0000000e+02   +2.2500000e+02   +1.9718882e-05   +4.1105658e-08  +1.9718882e-05   +1.7922741e-05   +2.1865025e-05   +1.9718882e-05   +1.9718882e-05   +1.9718882e-05   +1.7922741e-05   +1.7922741e-05   +1.7922741e-05   +2.1865025e-05   +2.1865025e-05   +2.1865025e-05
  +2.2500000e+02   +2.5000000e+02   +1.3878108e-05   +1.0309255e-07  +1.3878108e-05   +1.2573932e-05   +1.5443664e-05   +1.3878108e-05   +1.3878108e-05   +1.3878108e-05   +1.2573932e-05   +1.2573932e-05   +1.2573932e-05   +1.5443664e-05   +1.5443664e-05   +1.5443664e-05
  +2.5000000e+02   +2.7500000e+02   +9.8077180e-06   +3.3658819e-08  +9.8077180e-06   +8.8658762e-06   +1.0941534e-05   +9.8077180e-06   +9.8077180e-06   +9.8077180e-06   +8.8658762e-06   +8.8658762e-06   +8.8658762e-06   +1.0941534e-05   +1.0941534e-05   +1.0941534e-05
  +2.7500000e+02   +3.0000000e+02   +7.0503853e-06   +1.9466421e-08  +7.0503853e-06   +6.3574372e-06   +7.8872539e-06   +7.0503853e-06   +7.0503853e-06   +7.0503853e-06   +6.3574372e-06   +6.3574372e-06   +6.3574372e-06   +7.8872539e-06   +7.8872539e-06   +7.8872539e-06
  +3.0000000e+02   +3.2500000e+02   +5.1806488e-06   +3.1382770e-08  +5.1806488e-06   +4.6588469e-06   +5.8130127e-06   +5.1806488e-06   +5.1806488e-06   +5.1806488e-06   +4.6588469e-06   +4.6588469e-06   +4.6588469e-06   +5.8130127e-06   +5.8130127e-06   +5.8130127e-06
  +3.2500000e+02   +3.5000000e+02   +3.7874632e-06   +1.5553905e-08  +3.7874632e-06   +3.3975701e-06   +4.2615844e-06   +3.7874632e-06   +3.7874632e-06   +3.7874632e-06   +3.3975701e-06   +3.3975701e-06   +3.3975701e-06   +4.2615844e-06   +4.2615844e-06   +4.2615844e-06
  +3.5000000e+02   +3.7500000e+02   +2.8094464e-06   +8.2145863e-09  +2.8094464e-06   +2.5146208e-06   +3.1689112e-06   +2.8094464e-06   +2.8094464e-06   +2.8094464e-06   +2.5146208e-06   +2.5146208e-06   +2.5146208e-06   +3.1689112e-06   +3.1689112e-06   +3.1689112e-06
  +3.7500000e+02   +4.0000000e+02   +2.1093805e-06   +9.3681080e-09  +2.1093805e-06   +1.8844871e-06   +2.3841505e-06   +2.1093805e-06   +2.1093805e-06   +2.1093805e-06   +1.8844871e-06   +1.8844871e-06   +1.8844871e-06   +2.3841505e-06   +2.3841505e-06   +2.3841505e-06
  +4.0000000e+02   +4.2500000e+02   +1.5904831e-06   +4.7110679e-09  +1.5904831e-06   +1.4174055e-06   +1.8025978e-06   +1.5904831e-06   +1.5904831e-06   +1.5904831e-06   +1.4174055e-06   +1.4174055e-06   +1.4174055e-06   +1.8025978e-06   +1.8025978e-06   +1.8025978e-06
  +4.2500000e+02   +4.5000000e+02   +1.3225802e-06   +1.1188840e-07  +1.3225802e-06   +1.1737584e-06   +1.5058769e-06   +1.3225802e-06   +1.3225802e-06   +1.3225802e-06   +1.1737584e-06   +1.1737584e-06   +1.1737584e-06   +1.5058769e-06   +1.5058769e-06   +1.5058769e-06
  +4.5000000e+02   +4.7500000e+02   +9.2876173e-07   +4.2066569e-09  +9.2876173e-07   +8.2427083e-07   +1.0574268e-06   +9.2876173e-07   +9.2876173e-07   +9.2876173e-07   +8.2427083e-07   +8.2427083e-07   +8.2427083e-07   +1.0574268e-06   +1.0574268e-06   +1.0574268e-06
  +4.7500000e+02   +5.0000000e+02   +7.2764656e-07   +1.1942268e-08  +7.2764656e-07   +6.4443548e-07   +8.3034028e-07   +7.2764656e-07   +7.2764656e-07   +7.2764656e-07   +6.4443548e-07   +6.4443548e-07   +6.4443548e-07   +8.3034028e-07   +8.3034028e-07   +8.3034028e-07
  +5.0000000e+02   +5.2500000e+02   +5.6005906e-07   +4.1312326e-09  +5.6005906e-07   +4.9517971e-07   +6.4028644e-07   +5.6005906e-07   +5.6005906e-07   +5.6005906e-07   +4.9517971e-07   +4.9517971e-07   +4.9517971e-07   +6.4028644e-07   +6.4028644e-07   +6.4028644e-07
  +5.2500000e+02   +5.5000000e+02   +4.3466731e-07   +2.7204644e-09  +4.3466731e-07   +3.8370353e-07   +4.9779555e-07   +4.3466731e-07   +4.3466731e-07   +4.3466731e-07   +3.8370353e-07   +3.8370353e-07   +3.8370353e-07   +4.9779555e-07   +4.9779555e-07   +4.9779555e-07
  +5.5000000e+02   +5.7500000e+02   +3.4004368e-07   +2.3136544e-09  +3.4004368e-07   +2.9963909e-07   +3.9018929e-07   +3.4004368e-07   +3.4004368e-07   +3.4004368e-07   +2.9963909e-07   +2.9963909e-07   +2.9963909e-07   +3.9018929e-07   +3.9018929e-07   +3.9018929e-07
  +5.7500000e+02   +6.0000000e+02   +2.7046920e-07   +1.7202308e-09  +2.7046920e-07   +2.3788157e-07   +3.1099960e-07   +2.7046920e-07   +2.7046920e-07   +2.7046920e-07   +2.3788157e-07   +2.3788157e-07   +2.3788157e-07   +3.1099960e-07   +3.1099960e-07   +3.1099960e-07
  +6.0000000e+02   +6.2500000e+02   +2.1606403e-07   +2.0295272e-09  +2.1606403e-07   +1.8971381e-07   +2.4889726e-07   +2.1606403e-07   +2.1606403e-07   +2.1606403e-07   +1.8971381e-07   +1.8971381e-07   +1.8971381e-07   +2.4889726e-07   +2.4889726e-07   +2.4889726e-07
  +6.2500000e+02   +6.5000000e+02   +1.7274505e-07   +1.9083904e-09  +1.7274505e-07   +1.5139327e-07   +1.9940669e-07   +1.7274505e-07   +1.7274505e-07   +1.7274505e-07   +1.5139327e-07   +1.5139327e-07   +1.5139327e-07   +1.9940669e-07   +1.9940669e-07   +1.9940669e-07
  +6.5000000e+02   +6.7500000e+02   +1.3618522e-07   +1.4756016e-09  +1.3618522e-07   +1.1918642e-07   +1.5744049e-07   +1.3618522e-07   +1.3618522e-07   +1.3618522e-07   +1.1918642e-07   +1.1918642e-07   +1.1918642e-07   +1.5744049e-07   +1.5744049e-07   +1.5744049e-07
  +6.7500000e+02   +7.0000000e+02   +1.0892670e-07   +1.0727469e-09  +1.0892670e-07   +9.5144808e-08   +1.2620580e-07   +1.0892670e-07   +1.0892670e-07   +1.0892670e-07   +9.5144808e-08   +9.5144808e-08   +9.5144808e-08   +1.2620580e-07   +1.2620580e-07   +1.2620580e-07
  +7.0000000e+02   +7.2500000e+02   +8.8063420e-08   +1.0498381e-09  +8.8063420e-08   +7.6795078e-08   +1.0220849e-07   +8.8063420e-08   +8.8063420e-08   +8.8063420e-08   +7.6795078e-08   +7.6795078e-08   +7.6795078e-08   +1.0220849e-07   +1.0220849e-07   +1.0220849e-07
  +7.2500000e+02   +7.5000000e+02   +7.0368940e-08   +7.4525118e-10  +7.0368940e-08   +6.1267551e-08   +8.1815743e-08   +7.0368940e-08   +7.0368940e-08   +7.0368940e-08   +6.1267551e-08   +6.1267551e-08   +6.1267551e-08   +8.1815743e-08   +8.1815743e-08   +8.1815743e-08
  +7.5000000e+02   +7.7500000e+02   +5.7351379e-08   +4.8317263e-10  +5.7351379e-08   +4.9814979e-08   +6.6859526e-08   +5.7351379e-08   +5.7351379e-08   +5.7351379e-08   +4.9814979e-08   +4.9814979e-08   +4.9814979e-08   +6.6859526e-08   +6.6859526e-08   +6.6859526e-08
  +7.7500000e+02   +8.0000000e+02   +4.7010498e-08   +8.6365179e-10  +4.7010498e-08   +4.0791345e-08   +5.4858759e-08   +4.7010498e-08   +4.7010498e-08   +4.7010498e-08   +4.0791345e-08   +4.0791345e-08   +4.0791345e-08   +5.4858759e-08   +5.4858759e-08   +5.4858759e-08
  +8.0000000e+02   +8.2500000e+02   +3.6819446e-08   +3.0295313e-10  +3.6819446e-08   +3.1922057e-08   +4.3005918e-08   +3.6819446e-08   +3.6819446e-08   +3.6819446e-08   +3.1922057e-08   +3.1922057e-08   +3.1922057e-08   +4.3005918e-08   +4.3005918e-08   +4.3005918e-08
  +8.2500000e+02   +8.5000000e+02   +3.2620713e-08   +1.8549231e-09  +3.2620713e-08   +2.8213056e-08   +3.8206854e-08   +3.2620713e-08   +3.2620713e-08   +3.2620713e-08   +2.8213056e-08   +2.8213056e-08   +2.8213056e-08   +3.8206854e-08   +3.8206854e-08   +3.8206854e-08
  +8.5000000e+02   +8.7500000e+02   +2.5267355e-08   +3.7113214e-10  +2.5267355e-08   +2.1824811e-08   +2.9633637e-08   +2.5267355e-08   +2.5267355e-08   +2.5267355e-08   +2.1824811e-08   +2.1824811e-08   +2.1824811e-08   +2.9633637e-08   +2.9633637e-08   +2.9633637e-08
  +8.7500000e+02   +9.0000000e+02   +2.0316262e-08   +2.3410898e-10  +2.0316262e-08   +1.7530660e-08   +2.3854251e-08   +2.0316262e-08   +2.0316262e-08   +2.0316262e-08   +1.7530660e-08   +1.7530660e-08   +1.7530660e-08   +2.3854251e-08   +2.3854251e-08   +2.3854251e-08
  +9.0000000e+02   +9.2500000e+02   +1.6865139e-08   +2.3820783e-10  +1.6865139e-08   +1.4526294e-08   +1.9841055e-08   +1.6865139e-08   +1.6865139e-08   +1.6865139e-08   +1.4526294e-08   +1.4526294e-08   +1.4526294e-08   +1.9841055e-08   +1.9841055e-08   +1.9841055e-08
  +9.2500000e+02   +9.5000000e+02   +1.3973586e-08   +2.0903745e-10  +1.3973586e-08   +1.2024140e-08   +1.6455791e-08   +1.3973586e-08   +1.3973586e-08   +1.3973586e-08   +1.2024140e-08   +1.2024140e-08   +1.2024140e-08   +1.6455791e-08   +1.6455791e-08   +1.6455791e-08
  +9.5000000e+02   +9.7500000e+02   +1.2496946e-08   +8.4260475e-10  +1.2496946e-08   +1.0704679e-08   +1.4791299e-08   +1.2496946e-08   +1.2496946e-08   +1.2496946e-08   +1.0704679e-08   +1.0704679e-08   +1.0704679e-08   +1.4791299e-08   +1.4791299e-08   +1.4791299e-08
  +9.7500000e+02   +1.0000000e+03   +9.9631815e-09   +2.8917539e-10  +9.9631815e-09   +8.5368062e-09   +1.1787479e-08   +9.9631815e-09   +9.9631815e-09   +9.9631815e-09   +8.5368062e-09   +8.5368062e-09   +8.5368062e-09   +1.1787479e-08   +1.1787479e-08   +1.1787479e-08
<\histogram>
