  +0.0000000e+00   +2.5000000e+01   +1.1614104e-04   +2.7931234e-07  +1.1614104e-04   +1.0800156e-04   +1.2551763e-04   +1.1614104e-04   +1.1614104e-04   +1.1614104e-04   +1.0800156e-04   +1.0800156e-04   +1.0800156e-04   +1.2551763e-04   +1.2551763e-04   +1.2551763e-04
  +2.5000000e+01   +5.0000000e+01   +5.0845539e-04   +5.7730823e-07  +5.0845539e-04   +4.7283093e-04   +5.4949233e-04   +5.0845539e-04   +5.0845539e-04   +5.0845539e-04   +4.7283093e-04   +4.7283093e-04   +4.7283093e-04   +5.4949233e-04   +5.4949233e-04   +5.4949233e-04
  +5.0000000e+01   +7.5000000e+01   +3.0973777e-04   +5.9269423e-07  +3.0973777e-04   +2.8720374e-04   +3.3583468e-04   +3.0973777e-04   +3.0973777e-04   +3.0973777e-04   +2.8720374e-04   +2.8720374e-04   +2.8720374e-04   +3.3583468e-04   +3.3583468e-04   +3.3583468e-04
  +7.5000000e+01   +1.0000000e+02   +1.7786040e-04   +2.0660019e-07  +1.7786040e-04   +1.6434218e-04   +1.9361116e-04   +1.7786040e-04   +1.7786040e-04   +1.7786040e-04   +1.6434218e-04   +1.6434218e-04   +1.6434218e-04   +1.9361116e-04   +1.9361116e-04   +1.9361116e-04
  +1.0000000e+02   +1.2500000e+02   +1.0707686e-04   +4.0548693e-07  +1.0707686e-04   +9.8567288e-05   +1.1705246e-04   +1.0707686e-04   +1.0707686e-04   +1.0707686e-04   +9.8567288e-05   +9.8567288e-05   +9.8567288e-05   +1.1705246e-04   +1.1705246e-04   +1.1705246e-04
  +1.2500000e+02   +1.5000000e+02   +6.6637117e-05   +1.0001636e-07  +6.6637117e-05   +6.1132764e-05   +7.3125345e-05   +6.6637117e-05   +6.6637117e-05   +6.6637117e-05   +6.1132764e-05   +6.1132764e-05   +6.1132764e-05   +7.3125345e-05   +7.3125345e-05   +7.3125345e-05
  +1.5000000e+02   +1.7500000e+02   +4.3245117e-05   +7.1060015e-08  +4.3245117e-05   +3.9542084e-05   +4.7632583e-05   +4.3245117e-05   +4.3245117e-05   +4.3245117e-05   +3.9542084e-05   +3.9542084e-05   +3.9542084e-05   +4.7632583e-05   +4.7632583e-05   +4.7632583e-05
  +1.7500000e+02   +2.0000000e+02   +2.8805519e-05   +4.6935462e-08  +2.8805519e-05   +2.6258202e-05   +3.1836891e-05   +2.8805519e-05   +2.8805519e-05   +2.8805519e-05   +2.6258202e-05   +2.6258202e-05   +2.6258202e-05   +3.1836891e-05   +3.1836891e-05   +3.1836891e-05
  +2.0000000e+02   +2.2500000e+02   +2.0363695e-05   +6.0850708e-07  +2.0363695e-05   +1.8512651e-05   +2.2573539e-05   +2.0363695e-05   +2.0363695e-05   +2.0363695e-05   +1.8512651e-05   +1.8512651e-05   +1.8512651e-05   +2.2573539e-05   +2.2573539e-05   +2.2573539e-05
  +2.2500000e+02   +2.5000000e+02   +1.3733585e-05   +2.6210768e-08  +1.3733585e-05   +1.2446661e-05   +1.5277766e-05   +1.3733585e-05   +1.3733585e-05   +1.3733585e-05   +1.2446661e-05   +1.2446661e-05   +1.2446661e-05   +1.5277766e-05   +1.5277766e-05   +1.5277766e-05
  +2.5000000e+02   +2.7500000e+02   +9.9014586e-06   +2.7364668e-07  +9.9014586e-06   +8.9484498e-06   +1.1048493e-05   +9.9014586e-06   +9.9014586e-06   +9.9014586e-06   +8.9484498e-06   +8.9484498e-06   +8.9484498e-06   +1.1048493e-05   +1.1048493e-05   +1.1048493e-05
  +2.7500000e+02   +3.0000000e+02   +7.0700525e-06   +2.0464800e-08  +7.0700525e-06   +6.3742396e-06   +7.9104673e-06   +7.0700525e-06   +7.0700525e-06   +7.0700525e-06   +6.3742396e-06   +6.3742396e-06   +6.3742396e-06   +7.9104673e-06   +7.9104673e-06   +7.9104673e-06
  +3.0000000e+02   +3.2500000e+02   +5.1220535e-06   +1.4571144e-08  +5.1220535e-06   +4.6065166e-06   +5.7467354e-06   +5.1220535e-06   +5.1220535e-06   +5.1220535e-06   +4.6065166e-06   +4.6065166e-06   +4.6065166e-06   +5.7467354e-06   +5.7467354e-06   +5.7467354e-06
  +3.2500000e+02   +3.5000000e+02   +3.8518659e-06   +5.6568173e-08  +3.8518659e-06   +3.4521180e-06   +4.3384327e-06   +3.8518659e-06   +3.8518659e-06   +3.8518659e-06   +3.4521180e-06   +3.4521180e-06   +3.4521180e-06   +4.3384327e-06   +4.3384327e-06   +4.3384327e-06
  +3.5000000e+02   +3.7500000e+02   +2.8073913e-06   +1.5297839e-08  +2.8073913e-06   +2.5122850e-06   +3.1672722e-06   +2.8073913e-06   +2.8073913e-06   +2.8073913e-06   +2.5122850e-06   +2.5122850e-06   +2.5122850e-06   +3.1672722e-06   +3.1672722e-06   +3.1672722e-06
  +3.7500000e+02   +4.0000000e+02   +2.1409916e-06   +3.4400107e-08  +2.1409916e-06   +1.9116536e-06   +2.4213602e-06   +2.1409916e-06   +2.1409916e-06   +2.1409916e-06   +1.9116536e-06   +1.9116536e-06   +1.9116536e-06   +2.4213602e-06   +2.4213602e-06   +2.4213602e-06
  +4.0000000e+02   +4.2500000e+02   +1.5910166e-06   +6.7881185e-09  +1.5910166e-06   +1.4179964e-06   +1.8030019e-06   +1.5910166e-06   +1.5910166e-06   +1.5910166e-06   +1.4179964e-06   +1.4179964e-06   +1.4179964e-06   +1.8030019e-06   +1.8030019e-06   +1.8030019e-06
  +4.2500000e+02   +4.5000000e+02   +1.2220386e-06   +5.4689876e-09  +1.2220386e-06   +1.0867667e-06   +1.3882173e-06   +1.2220386e-06   +1.2220386e-06   +1.2220386e-06   +1.0867667e-06   +1.0867667e-06   +1.0867667e-06   +1.3882173e-06   +1.3882173e-06   +1.3882173e-06
  +4.5000000e+02   +4.7500000e+02   +9.3136261e-07   +4.5777355e-09  +9.3136261e-07   +8.2699935e-07   +1.0597899e-06   +9.3136261e-07   +9.3136261e-07   +9.3136261e-07   +8.2699935e-07   +8.2699935e-07   +8.2699935e-07   +1.0597899e-06   +1.0597899e-06   +1.0597899e-06
  +4.7500000e+02   +5.0000000e+02   +7.1827934e-07   +3.5042364e-09  +7.1827934e-07   +6.3626777e-07   +8.1949941e-07   +7.1827934e-07   +7.1827934e-07   +7.1827934e-07   +6.3626777e-07   +6.3626777e-07   +6.3626777e-07   +8.1949941e-07   +8.1949941e-07   +8.1949941e-07
  +5.0000000e+02   +5.2500000e+02   +5.6250867e-07   +4.9613969e-09  +5.6250867e-07   +4.9741333e-07   +6.4298456e-07   +5.6250867e-07   +5.6250867e-07   +5.6250867e-07   +4.9741333e-07   +4.9741333e-07   +4.9741333e-07   +6.4298456e-07   +6.4298456e-07   +6.4298456e-07
  +5.2500000e+02   +5.5000000e+02   +4.3226728e-07   +2.0816186e-09  +4.3226728e-07   +3.8154858e-07   +4.9511629e-07   +4.3226728e-07   +4.3226728e-07   +4.3226728e-07   +3.8154858e-07   +3.8154858e-07   +3.8154858e-07   +4.9511629e-07   +4.9511629e-07   +4.9511629e-07
  +5.5000000e+02   +5.7500000e+02   +3.4662643e-07   +5.9964931e-09  +3.4662643e-07   +3.0547955e-07   +3.9768120e-07   +3.4662643e-07   +3.4662643e-07   +3.4662643e-07   +3.0547955e-07   +3.0547955e-07   +3.0547955e-07   +3.9768120e-07   +3.9768120e-07   +3.9768120e-07
  +5.7500000e+02   +6.0000000e+02   +2.7123927e-07   +1.7488642e-09  +2.7123927e-07   +2.3857430e-07   +3.1186674e-07   +2.7123927e-07   +2.7123927e-07   +2.7123927e-07   +2.3857430e-07   +2.3857430e-07   +2.3857430e-07   +3.1186674e-07   +3.1186674e-07   +3.1186674e-07
  +6.0000000e+02   +6.2500000e+02   +2.1461710e-07   +6.3182521e-09  +2.1461710e-07   +1.8834683e-07   +2.4737440e-07   +2.1461710e-07   +2.1461710e-07   +2.1461710e-07   +1.8834683e-07   +1.8834683e-07   +1.8834683e-07   +2.4737440e-07   +2.4737440e-07   +2.4737440e-07
  +6.2500000e+02   +6.5000000e+02   +1.7203322e-07   +2.2964681e-09  +1.7203322e-07   +1.5084262e-07   +1.9847052e-07   +1.7203322e-07   +1.7203322e-07   +1.7203322e-07   +1.5084262e-07   +1.5084262e-07   +1.5084262e-07   +1.9847052e-07   +1.9847052e-07   +1.9847052e-07
  +6.5000000e+02   +6.7500000e+02   +1.3439619e-07   +1.0344587e-09  +1.3439619e-07   +1.1762723e-07   +1.5536027e-07   +1.3439619e-07   +1.3439619e-07   +1.3439619e-07   +1.1762723e-07   +1.1762723e-07   +1.1762723e-07   +1.5536027e-07   +1.5536027e-07   +1.5536027e-07
  +6.7500000e+02   +7.0000000e+02   +1.1189929e-07   +2.0774998e-09  +1.1189929e-07   +9.7728658e-08   +1.2965943e-07   +1.1189929e-07   +1.1189929e-07   +1.1189929e-07   +9.7728658e-08   +9.7728658e-08   +9.7728658e-08   +1.2965943e-07   +1.2965943e-07   +1.2965943e-07
  +7.0000000e+02   +7.2500000e+02   +8.6888644e-08   +7.8113744e-10  +8.6888644e-08   +7.5750131e-08   +1.0088407e-07   +8.6888644e-08   +8.6888644e-08   +8.6888644e-08   +7.5750131e-08   +7.5750131e-08   +7.5750131e-08   +1.0088407e-07   +1.0088407e-07   +1.0088407e-07
  +7.2500000e+02   +7.5000000e+02   +7.1742851e-08   +1.2015417e-09  +7.1742851e-08   +6.2461465e-08   +8.3411802e-08   +7.1742851e-08   +7.1742851e-08   +7.1742851e-08   +6.2461465e-08   +6.2461465e-08   +6.2461465e-08   +8.3411802e-08   +8.3411802e-08   +8.3411802e-08
  +7.5000000e+02   +7.7500000e+02   +5.7319393e-08   +1.0477867e-09  +5.7319393e-08   +4.9800075e-08   +6.6794399e-08   +5.7319393e-08   +5.7319393e-08   +5.7319393e-08   +4.9800075e-08   +4.9800075e-08   +4.9800075e-08   +6.6794399e-08   +6.6794399e-08   +6.6794399e-08
  +7.7500000e+02   +8.0000000e+02   +4.7251039e-08   +9.5122342e-10  +4.7251039e-08   +4.1048363e-08   +5.5068742e-08   +4.7251039e-08   +4.7251039e-08   +4.7251039e-08   +4.1048363e-08   +4.1048363e-08   +4.1048363e-08   +5.5068742e-08   +5.5068742e-08   +5.5068742e-08
  +8.0000000e+02   +8.2500000e+02   +4.1708671e-08   +2.7556498e-09  +4.1708671e-08   +3.6192745e-08   +4.8665126e-08   +4.1708671e-08   +4.1708671e-08   +4.1708671e-08   +3.6192745e-08   +3.6192745e-08   +3.6192745e-08   +4.8665126e-08   +4.8665126e-08   +4.8665126e-08
  +8.2500000e+02   +8.5000000e+02   +3.1116589e-08   +6.7452536e-10  +3.1116589e-08   +2.6931969e-08   +3.6413348e-08   +3.1116589e-08   +3.1116589e-08   +3.1116589e-08   +2.6931969e-08   +2.6931969e-08   +2.6931969e-08   +3.6413348e-08   +3.6413348e-08   +3.6413348e-08
  +8.5000000e+02   +8.7500000e+02   +2.4773532e-08   +3.0297229e-10  +2.4773532e-08   +2.1402950e-08   +2.9049076e-08   +2.4773532e-08   +2.4773532e-08   +2.4773532e-08   +2.1402950e-08   +2.1402950e-08   +2.1402950e-08   +2.9049076e-08   +2.9049076e-08   +2.9049076e-08
  +8.7500000e+02   +9.0000000e+02   +2.0728277e-08   +3.1969336e-10  +2.0728277e-08   +1.7885757e-08   +2.4337456e-08   +2.0728277e-08   +2.0728277e-08   +2.0728277e-08   +1.7885757e-08   +1.7885757e-08   +1.7885757e-08   +2.4337456e-08   +2.4337456e-08   +2.4337456e-08
  +9.0000000e+02   +9.2500000e+02   +1.7239936e-08   +3.2248920e-10  +1.7239936e-08   +1.4848430e-08   +2.0284360e-08   +1.7239936e-08   +1.7239936e-08   +1.7239936e-08   +1.4848430e-08   +1.4848430e-08   +1.4848430e-08   +2.0284360e-08   +2.0284360e-08   +2.0284360e-08
  +9.2500000e+02   +9.5000000e+02   +1.3790955e-08   +4.7606298e-10  +1.3790955e-08   +1.1867299e-08   +1.6242165e-08   +1.3790955e-08   +1.3790955e-08   +1.3790955e-08   +1.1867299e-08   +1.1867299e-08   +1.1867299e-08   +1.6242165e-08   +1.6242165e-08   +1.6242165e-08
  +9.5000000e+02   +9.7500000e+02   +1.1786043e-08   +2.8104872e-10  +1.1786043e-08   +1.0120111e-08   +1.3912019e-08   +1.1786043e-08   +1.1786043e-08   +1.1786043e-08   +1.0120111e-08   +1.0120111e-08   +1.0120111e-08   +1.3912019e-08   +1.3912019e-08   +1.3912019e-08
  +9.7500000e+02   +1.0000000e+03   +9.5628048e-09   +1.6286322e-10  +9.5628048e-09   +8.2073884e-09   +1.1294028e-08   +9.5628048e-09   +9.5628048e-09   +9.5628048e-09   +8.2073884e-09   +8.2073884e-09   +8.2073884e-09   +1.1294028e-08   +1.1294028e-08   +1.1294028e-08
<\histogram>
