  +0.0000000e+00   +2.5000000e+01   +1.0000000e+00   +2.2241728e-03  +1.0000000e+00   +1.0000000e+00   +1.0000000e+00   +1.0000000e+00   +1.0000000e+00   +1.0000000e+00   +1.0000000e+00   +1.0000000e+00   +1.0000000e+00   +1.0000000e+00   +1.0000000e+00   +1.0000000e+00
  +2.5000000e+01   +5.0000000e+01   +1.0000000e+00   +1.1486173e-03  +1.0000000e+00   +1.0000000e+00   +1.0000000e+00   +1.0000000e+00   +1.0000000e+00   +1.0000000e+00   +1.0000000e+00   +1.0000000e+00   +1.0000000e+00   +1.0000000e+00   +1.0000000e+00   +1.0000000e+00
  +5.0000000e+01   +7.5000000e+01   +1.0000000e+00   +1.9554002e-03  +1.0000000e+00   +1.0000000e+00   +1.0000000e+00   +1.0000000e+00   +1.0000000e+00   +1.0000000e+00   +1.0000000e+00   +1.0000000e+00   +1.0000000e+00   +1.0000000e+00   +1.0000000e+00   +1.0000000e+00
  +7.5000000e+01   +1.0000000e+02   +1.0000000e+00   +2.3086702e-03  +1.0000000e+00   +1.0000000e+00   +1.0000000e+00   +1.0000000e+00   +1.0000000e+00   +1.0000000e+00   +1.0000000e+00   +1.0000000e+00   +1.0000000e+00   +1.0000000e+00   +1.0000000e+00   +1.0000000e+00
  +1.0000000e+02   +1.2500000e+02   +1.0000000e+00   +2.1370308e-03  +1.0000000e+00   +1.0000000e+00   +1.0000000e+00   +1.0000000e+00   +1.0000000e+00   +1.0000000e+00   +1.0000000e+00   +1.0000000e+00   +1.0000000e+00   +1.0000000e+00   +1.0000000e+00   +1.0000000e+00
  +1.2500000e+02   +1.5000000e+02   +1.0000000e+00   +2.5347346e-03  +1.0000000e+00   +1.0000000e+00   +1.0000000e+00   +1.0000000e+00   +1.0000000e+00   +1.0000000e+00   +1.0000000e+00   +1.0000000e+00   +1.0000000e+00   +1.0000000e+00   +1.0000000e+00   +1.0000000e+00
  +1.5000000e+02   +1.7500000e+02   +1.0000000e+00   +4.4883721e-03  +1.0000000e+00   +1.0000000e+00   +1.0000000e+00   +1.0000000e+00   +1.0000000e+00   +1.0000000e+00   +1.0000000e+00   +1.0000000e+00   +1.0000000e+00   +1.0000000e+00   +1.0000000e+00   +1.0000000e+00
  +1.7500000e+02   +2.0000000e+02   +1.0000000e+00   +2.5822509e-03  +1.0000000e+00   +1.0000000e+00   +1.0000000e+00   +1.0000000e+00   +1.0000000e+00   +1.0000000e+00   +1.0000000e+00   +1.0000000e+00   +1.0000000e+00   +1.0000000e+00   +1.0000000e+00   +1.0000000e+00
  +2.0000000e+02   +2.2500000e+02   +1.0000000e+00   +2.9480465e-03  +1.0000000e+00   +1.0000000e+00   +1.0000000e+00   +1.0000000e+00   +1.0000000e+00   +1.0000000e+00   +1.0000000e+00   +1.0000000e+00   +1.0000000e+00   +1.0000000e+00   +1.0000000e+00   +1.0000000e+00
  +2.2500000e+02   +2.5000000e+02   +1.0000000e+00   +1.0505386e-02  +1.0000000e+00   +1.0000000e+00   +1.0000000e+00   +1.0000000e+00   +1.0000000e+00   +1.0000000e+00   +1.0000000e+00   +1.0000000e+00   +1.0000000e+00   +1.0000000e+00   +1.0000000e+00   +1.0000000e+00
  +2.5000000e+02   +2.7500000e+02   +1.0000000e+00   +4.8533979e-03  +1.0000000e+00   +1.0000000e+00   +1.0000000e+00   +1.0000000e+00   +1.0000000e+00   +1.0000000e+00   +1.0000000e+00   +1.0000000e+00   +1.0000000e+00   +1.0000000e+00   +1.0000000e+00   +1.0000000e+00
  +2.7500000e+02   +3.0000000e+02   +1.0000000e+00   +3.9047053e-03  +1.0000000e+00   +1.0000000e+00   +1.0000000e+00   +1.0000000e+00   +1.0000000e+00   +1.0000000e+00   +1.0000000e+00   +1.0000000e+00   +1.0000000e+00   +1.0000000e+00   +1.0000000e+00   +1.0000000e+00
  +3.0000000e+02   +3.2500000e+02   +1.0000000e+00   +8.5668689e-03  +1.0000000e+00   +1.0000000e+00   +1.0000000e+00   +1.0000000e+00   +1.0000000e+00   +1.0000000e+00   +1.0000000e+00   +1.0000000e+00   +1.0000000e+00   +1.0000000e+00   +1.0000000e+00   +1.0000000e+00
  +3.2500000e+02   +3.5000000e+02   +1.0000000e+00   +5.8077248e-03  +1.0000000e+00   +1.0000000e+00   +1.0000000e+00   +1.0000000e+00   +1.0000000e+00   +1.0000000e+00   +1.0000000e+00   +1.0000000e+00   +1.0000000e+00   +1.0000000e+00   +1.0000000e+00   +1.0000000e+00
  +3.5000000e+02   +3.7500000e+02   +1.0000000e+00   +4.1350421e-03  +1.0000000e+00   +1.0000000e+00   +1.0000000e+00   +1.0000000e+00   +1.0000000e+00   +1.0000000e+00   +1.0000000e+00   +1.0000000e+00   +1.0000000e+00   +1.0000000e+00   +1.0000000e+00   +1.0000000e+00
  +3.7500000e+02   +4.0000000e+02   +1.0000000e+00   +6.2807564e-03  +1.0000000e+00   +1.0000000e+00   +1.0000000e+00   +1.0000000e+00   +1.0000000e+00   +1.0000000e+00   +1.0000000e+00   +1.0000000e+00   +1.0000000e+00   +1.0000000e+00   +1.0000000e+00   +1.0000000e+00
  +4.0000000e+02   +4.2500000e+02   +1.0000000e+00   +4.1889512e-03  +1.0000000e+00   +1.0000000e+00   +1.0000000e+00   +1.0000000e+00   +1.0000000e+00   +1.0000000e+00   +1.0000000e+00   +1.0000000e+00   +1.0000000e+00   +1.0000000e+00   +1.0000000e+00   +1.0000000e+00
  +4.2500000e+02   +4.5000000e+02   +1.0000000e+00   +1.1964045e-01  +1.0000000e+00   +1.0000000e+00   +1.0000000e+00   +1.0000000e+00   +1.0000000e+00   +1.0000000e+00   +1.0000000e+00   +1.0000000e+00   +1.0000000e+00   +1.0000000e+00   +1.0000000e+00   +1.0000000e+00
  +4.5000000e+02   +4.7500000e+02   +1.0000000e+00   +6.4054224e-03  +1.0000000e+00   +1.0000000e+00   +1.0000000e+00   +1.0000000e+00   +1.0000000e+00   +1.0000000e+00   +1.0000000e+00   +1.0000000e+00   +1.0000000e+00   +1.0000000e+00   +1.0000000e+00   +1.0000000e+00
  +4.7500000e+02   +5.0000000e+02   +1.0000000e+00   +2.3210331e-02  +1.0000000e+00   +1.0000000e+00   +1.0000000e+00   +1.0000000e+00   +1.0000000e+00   +1.0000000e+00   +1.0000000e+00   +1.0000000e+00   +1.0000000e+00   +1.0000000e+00   +1.0000000e+00   +1.0000000e+00
  +5.0000000e+02   +5.2500000e+02   +1.0000000e+00   +1.0431838e-02  +1.0000000e+00   +1.0000000e+00   +1.0000000e+00   +1.0000000e+00   +1.0000000e+00   +1.0000000e+00   +1.0000000e+00   +1.0000000e+00   +1.0000000e+00   +1.0000000e+00   +1.0000000e+00   +1.0000000e+00
  +5.2500000e+02   +5.5000000e+02   +1.0000000e+00   +8.8511777e-03  +1.0000000e+00   +1.0000000e+00   +1.0000000e+00   +1.0000000e+00   +1.0000000e+00   +1.0000000e+00   +1.0000000e+00   +1.0000000e+00   +1.0000000e+00   +1.0000000e+00   +1.0000000e+00   +1.0000000e+00
  +5.5000000e+02   +5.7500000e+02   +1.0000000e+00   +9.6222975e-03  +1.0000000e+00   +1.0000000e+00   +1.0000000e+00   +1.0000000e+00   +1.0000000e+00   +1.0000000e+00   +1.0000000e+00   +1.0000000e+00   +1.0000000e+00   +1.0000000e+00   +1.0000000e+00   +1.0000000e+00
  +5.7500000e+02   +6.0000000e+02   +1.0000000e+00   +8.9946422e-03  +1.0000000e+00   +1.0000000e+00   +1.0000000e+00   +1.0000000e+00   +1.0000000e+00   +1.0000000e+00   +1.0000000e+00   +1.0000000e+00   +1.0000000e+00   +1.0000000e+00   +1.0000000e+00   +1.0000000e+00
  +6.0000000e+02   +6.2500000e+02   +1.0000000e+00   +1.3283955e-02  +1.0000000e+00   +1.0000000e+00   +1.0000000e+00   +1.0000000e+00   +1.0000000e+00   +1.0000000e+00   +1.0000000e+00   +1.0000000e+00   +1.0000000e+00   +1.0000000e+00   +1.0000000e+00   +1.0000000e+00
  +6.2500000e+02   +6.5000000e+02   +1.0000000e+00   +1.5623438e-02  +1.0000000e+00   +1.0000000e+00   +1.0000000e+00   +1.0000000e+00   +1.0000000e+00   +1.0000000e+00   +1.0000000e+00   +1.0000000e+00   +1.0000000e+00   +1.0000000e+00   +1.0000000e+00   +1.0000000e+00
  +6.5000000e+02   +6.7500000e+02   +1.0000000e+00   +1.5323366e-02  +1.0000000e+00   +1.0000000e+00   +1.0000000e+00   +1.0000000e+00   +1.0000000e+00   +1.0000000e+00   +1.0000000e+00   +1.0000000e+00   +1.0000000e+00   +1.0000000e+00   +1.0000000e+00   +1.0000000e+00
  +6.7500000e+02   +7.0000000e+02   +1.0000000e+00   +1.3927652e-02  +1.0000000e+00   +1.0000000e+00   +1.0000000e+00   +1.0000000e+00   +1.0000000e+00   +1.0000000e+00   +1.0000000e+00   +1.0000000e+00   +1.0000000e+00   +1.0000000e+00   +1.0000000e+00   +1.0000000e+00
  +7.0000000e+02   +7.2500000e+02   +1.0000000e+00   +1.6859387e-02  +1.0000000e+00   +1.0000000e+00   +1.0000000e+00   +1.0000000e+00   +1.0000000e+00   +1.0000000e+00   +1.0000000e+00   +1.0000000e+00   +1.0000000e+00   +1.0000000e+00   +1.0000000e+00   +1.0000000e+00
  +7.2500000e+02   +7.5000000e+02   +1.0000000e+00   +1.4977408e-02  +1.0000000e+00   +1.0000000e+00   +1.0000000e+00   +1.0000000e+00   +1.0000000e+00   +1.0000000e+00   +1.0000000e+00   +1.0000000e+00   +1.0000000e+00   +1.0000000e+00   +1.0000000e+00   +1.0000000e+00
  +7.5000000e+02   +7.7500000e+02   +1.0000000e+00   +1.1914435e-02  +1.0000000e+00   +1.0000000e+00   +1.0000000e+00   +1.0000000e+00   +1.0000000e+00   +1.0000000e+00   +1.0000000e+00   +1.0000000e+00   +1.0000000e+00   +1.0000000e+00   +1.0000000e+00   +1.0000000e+00
  +7.7500000e+02   +8.0000000e+02   +1.0000000e+00   +2.5981177e-02  +1.0000000e+00   +1.0000000e+00   +1.0000000e+00   +1.0000000e+00   +1.0000000e+00   +1.0000000e+00   +1.0000000e+00   +1.0000000e+00   +1.0000000e+00   +1.0000000e+00   +1.0000000e+00   +1.0000000e+00
  +8.0000000e+02   +8.2500000e+02   +1.0000000e+00   +1.1636254e-02  +1.0000000e+00   +1.0000000e+00   +1.0000000e+00   +1.0000000e+00   +1.0000000e+00   +1.0000000e+00   +1.0000000e+00   +1.0000000e+00   +1.0000000e+00   +1.0000000e+00   +1.0000000e+00   +1.0000000e+00
  +8.2500000e+02   +8.5000000e+02   +1.0000000e+00   +8.0416924e-02  +1.0000000e+00   +1.0000000e+00   +1.0000000e+00   +1.0000000e+00   +1.0000000e+00   +1.0000000e+00   +1.0000000e+00   +1.0000000e+00   +1.0000000e+00   +1.0000000e+00   +1.0000000e+00   +1.0000000e+00
  +8.5000000e+02   +8.7500000e+02   +1.0000000e+00   +2.0772262e-02  +1.0000000e+00   +1.0000000e+00   +1.0000000e+00   +1.0000000e+00   +1.0000000e+00   +1.0000000e+00   +1.0000000e+00   +1.0000000e+00   +1.0000000e+00   +1.0000000e+00   +1.0000000e+00   +1.0000000e+00
  +8.7500000e+02   +9.0000000e+02   +1.0000000e+00   +1.6296310e-02  +1.0000000e+00   +1.0000000e+00   +1.0000000e+00   +1.0000000e+00   +1.0000000e+00   +1.0000000e+00   +1.0000000e+00   +1.0000000e+00   +1.0000000e+00   +1.0000000e+00   +1.0000000e+00   +1.0000000e+00
  +9.0000000e+02   +9.2500000e+02   +1.0000000e+00   +1.9974739e-02  +1.0000000e+00   +1.0000000e+00   +1.0000000e+00   +1.0000000e+00   +1.0000000e+00   +1.0000000e+00   +1.0000000e+00   +1.0000000e+00   +1.0000000e+00   +1.0000000e+00   +1.0000000e+00   +1.0000000e+00
  +9.2500000e+02   +9.5000000e+02   +1.0000000e+00   +2.1155887e-02  +1.0000000e+00   +1.0000000e+00   +1.0000000e+00   +1.0000000e+00   +1.0000000e+00   +1.0000000e+00   +1.0000000e+00   +1.0000000e+00   +1.0000000e+00   +1.0000000e+00   +1.0000000e+00   +1.0000000e+00
  +9.5000000e+02   +9.7500000e+02   +1.0000000e+00   +9.5353138e-02  +1.0000000e+00   +1.0000000e+00   +1.0000000e+00   +1.0000000e+00   +1.0000000e+00   +1.0000000e+00   +1.0000000e+00   +1.0000000e+00   +1.0000000e+00   +1.0000000e+00   +1.0000000e+00   +1.0000000e+00
  +9.7500000e+02   +1.0000000e+03   +1.0000000e+00   +4.1046704e-02  +1.0000000e+00   +1.0000000e+00   +1.0000000e+00   +1.0000000e+00   +1.0000000e+00   +1.0000000e+00   +1.0000000e+00   +1.0000000e+00   +1.0000000e+00   +1.0000000e+00   +1.0000000e+00   +1.0000000e+00
<\histogram>
