  +0.0000000e+00   +2.5000000e+01   +0.0000000e+00   +0.0000000e+00  +0.0000000e+00   +0.0000000e+00   +0.0000000e+00   +0.0000000e+00   +0.0000000e+00   +0.0000000e+00   +0.0000000e+00   +0.0000000e+00   +0.0000000e+00   +0.0000000e+00   +0.0000000e+00   +0.0000000e+00
  +2.5000000e+01   +5.0000000e+01   +1.0000000e+00   +2.0263735e-03  +1.0000000e+00   +1.0000000e+00   +1.0000000e+00   +1.0000000e+00   +1.0000000e+00   +1.0000000e+00   +1.0000000e+00   +1.0000000e+00   +1.0000000e+00   +1.0000000e+00   +1.0000000e+00   +1.0000000e+00
  +5.0000000e+01   +7.5000000e+01   +1.0000000e+00   +1.5911089e-03  +1.0000000e+00   +1.0000000e+00   +1.0000000e+00   +1.0000000e+00   +1.0000000e+00   +1.0000000e+00   +1.0000000e+00   +1.0000000e+00   +1.0000000e+00   +1.0000000e+00   +1.0000000e+00   +1.0000000e+00
  +7.5000000e+01   +1.0000000e+02   +1.0000000e+00   +2.3857035e-03  +1.0000000e+00   +1.0000000e+00   +1.0000000e+00   +1.0000000e+00   +1.0000000e+00   +1.0000000e+00   +1.0000000e+00   +1.0000000e+00   +1.0000000e+00   +1.0000000e+00   +1.0000000e+00   +1.0000000e+00
  +1.0000000e+02   +1.2500000e+02   +1.0000000e+00   +1.3537316e-03  +1.0000000e+00   +1.0000000e+00   +1.0000000e+00   +1.0000000e+00   +1.0000000e+00   +1.0000000e+00   +1.0000000e+00   +1.0000000e+00   +1.0000000e+00   +1.0000000e+00   +1.0000000e+00   +1.0000000e+00
  +1.2500000e+02   +1.5000000e+02   +1.0000000e+00   +2.4337984e-03  +1.0000000e+00   +1.0000000e+00   +1.0000000e+00   +1.0000000e+00   +1.0000000e+00   +1.0000000e+00   +1.0000000e+00   +1.0000000e+00   +1.0000000e+00   +1.0000000e+00   +1.0000000e+00   +1.0000000e+00
  +1.5000000e+02   +1.7500000e+02   +1.0000000e+00   +1.9394766e-03  +1.0000000e+00   +1.0000000e+00   +1.0000000e+00   +1.0000000e+00   +1.0000000e+00   +1.0000000e+00   +1.0000000e+00   +1.0000000e+00   +1.0000000e+00   +1.0000000e+00   +1.0000000e+00   +1.0000000e+00
  +1.7500000e+02   +2.0000000e+02   +1.0000000e+00   +2.1052213e-03  +1.0000000e+00   +1.0000000e+00   +1.0000000e+00   +1.0000000e+00   +1.0000000e+00   +1.0000000e+00   +1.0000000e+00   +1.0000000e+00   +1.0000000e+00   +1.0000000e+00   +1.0000000e+00   +1.0000000e+00
  +2.0000000e+02   +2.2500000e+02   +1.0000000e+00   +2.1795756e-03  +1.0000000e+00   +1.0000000e+00   +1.0000000e+00   +1.0000000e+00   +1.0000000e+00   +1.0000000e+00   +1.0000000e+00   +1.0000000e+00   +1.0000000e+00   +1.0000000e+00   +1.0000000e+00   +1.0000000e+00
  +2.2500000e+02   +2.5000000e+02   +1.0000000e+00   +7.5368162e-03  +1.0000000e+00   +1.0000000e+00   +1.0000000e+00   +1.0000000e+00   +1.0000000e+00   +1.0000000e+00   +1.0000000e+00   +1.0000000e+00   +1.0000000e+00   +1.0000000e+00   +1.0000000e+00   +1.0000000e+00
  +2.5000000e+02   +2.7500000e+02   +1.0000000e+00   +4.0112290e-03  +1.0000000e+00   +1.0000000e+00   +1.0000000e+00   +1.0000000e+00   +1.0000000e+00   +1.0000000e+00   +1.0000000e+00   +1.0000000e+00   +1.0000000e+00   +1.0000000e+00   +1.0000000e+00   +1.0000000e+00
  +2.7500000e+02   +3.0000000e+02   +1.0000000e+00   +2.7575725e-03  +1.0000000e+00   +1.0000000e+00   +1.0000000e+00   +1.0000000e+00   +1.0000000e+00   +1.0000000e+00   +1.0000000e+00   +1.0000000e+00   +1.0000000e+00   +1.0000000e+00   +1.0000000e+00   +1.0000000e+00
  +3.0000000e+02   +3.2500000e+02   +1.0000000e+00   +2.2753552e-03  +1.0000000e+00   +1.0000000e+00   +1.0000000e+00   +1.0000000e+00   +1.0000000e+00   +1.0000000e+00   +1.0000000e+00   +1.0000000e+00   +1.0000000e+00   +1.0000000e+00   +1.0000000e+00   +1.0000000e+00
  +3.2500000e+02   +3.5000000e+02   +1.0000000e+00   +3.6119506e-03  +1.0000000e+00   +1.0000000e+00   +1.0000000e+00   +1.0000000e+00   +1.0000000e+00   +1.0000000e+00   +1.0000000e+00   +1.0000000e+00   +1.0000000e+00   +1.0000000e+00   +1.0000000e+00   +1.0000000e+00
  +3.5000000e+02   +3.7500000e+02   +1.0000000e+00   +4.3214773e-03  +1.0000000e+00   +1.0000000e+00   +1.0000000e+00   +1.0000000e+00   +1.0000000e+00   +1.0000000e+00   +1.0000000e+00   +1.0000000e+00   +1.0000000e+00   +1.0000000e+00   +1.0000000e+00   +1.0000000e+00
  +3.7500000e+02   +4.0000000e+02   +1.0000000e+00   +5.3097300e-03  +1.0000000e+00   +1.0000000e+00   +1.0000000e+00   +1.0000000e+00   +1.0000000e+00   +1.0000000e+00   +1.0000000e+00   +1.0000000e+00   +1.0000000e+00   +1.0000000e+00   +1.0000000e+00   +1.0000000e+00
  +4.0000000e+02   +4.2500000e+02   +1.0000000e+00   +3.9998186e-03  +1.0000000e+00   +1.0000000e+00   +1.0000000e+00   +1.0000000e+00   +1.0000000e+00   +1.0000000e+00   +1.0000000e+00   +1.0000000e+00   +1.0000000e+00   +1.0000000e+00   +1.0000000e+00   +1.0000000e+00
  +4.2500000e+02   +4.5000000e+02   +1.0000000e+00   +1.2105391e-02  +1.0000000e+00   +1.0000000e+00   +1.0000000e+00   +1.0000000e+00   +1.0000000e+00   +1.0000000e+00   +1.0000000e+00   +1.0000000e+00   +1.0000000e+00   +1.0000000e+00   +1.0000000e+00   +1.0000000e+00
  +4.5000000e+02   +4.7500000e+02   +1.0000000e+00   +4.5702570e-03  +1.0000000e+00   +1.0000000e+00   +1.0000000e+00   +1.0000000e+00   +1.0000000e+00   +1.0000000e+00   +1.0000000e+00   +1.0000000e+00   +1.0000000e+00   +1.0000000e+00   +1.0000000e+00   +1.0000000e+00
  +4.7500000e+02   +5.0000000e+02   +1.0000000e+00   +5.0649954e-03  +1.0000000e+00   +1.0000000e+00   +1.0000000e+00   +1.0000000e+00   +1.0000000e+00   +1.0000000e+00   +1.0000000e+00   +1.0000000e+00   +1.0000000e+00   +1.0000000e+00   +1.0000000e+00   +1.0000000e+00
  +5.0000000e+02   +5.2500000e+02   +1.0000000e+00   +5.5097026e-03  +1.0000000e+00   +1.0000000e+00   +1.0000000e+00   +1.0000000e+00   +1.0000000e+00   +1.0000000e+00   +1.0000000e+00   +1.0000000e+00   +1.0000000e+00   +1.0000000e+00   +1.0000000e+00   +1.0000000e+00
  +5.2500000e+02   +5.5000000e+02   +1.0000000e+00   +6.8414841e-03  +1.0000000e+00   +1.0000000e+00   +1.0000000e+00   +1.0000000e+00   +1.0000000e+00   +1.0000000e+00   +1.0000000e+00   +1.0000000e+00   +1.0000000e+00   +1.0000000e+00   +1.0000000e+00   +1.0000000e+00
  +5.5000000e+02   +5.7500000e+02   +1.0000000e+00   +5.6367509e-03  +1.0000000e+00   +1.0000000e+00   +1.0000000e+00   +1.0000000e+00   +1.0000000e+00   +1.0000000e+00   +1.0000000e+00   +1.0000000e+00   +1.0000000e+00   +1.0000000e+00   +1.0000000e+00   +1.0000000e+00
  +5.7500000e+02   +6.0000000e+02   +1.0000000e+00   +1.4357970e-02  +1.0000000e+00   +1.0000000e+00   +1.0000000e+00   +1.0000000e+00   +1.0000000e+00   +1.0000000e+00   +1.0000000e+00   +1.0000000e+00   +1.0000000e+00   +1.0000000e+00   +1.0000000e+00   +1.0000000e+00
  +6.0000000e+02   +6.2500000e+02   +1.0000000e+00   +8.5634148e-03  +1.0000000e+00   +1.0000000e+00   +1.0000000e+00   +1.0000000e+00   +1.0000000e+00   +1.0000000e+00   +1.0000000e+00   +1.0000000e+00   +1.0000000e+00   +1.0000000e+00   +1.0000000e+00   +1.0000000e+00
  +6.2500000e+02   +6.5000000e+02   +1.0000000e+00   +4.9513543e-02  +1.0000000e+00   +1.0000000e+00   +1.0000000e+00   +1.0000000e+00   +1.0000000e+00   +1.0000000e+00   +1.0000000e+00   +1.0000000e+00   +1.0000000e+00   +1.0000000e+00   +1.0000000e+00   +1.0000000e+00
  +6.5000000e+02   +6.7500000e+02   +1.0000000e+00   +8.2268379e-03  +1.0000000e+00   +1.0000000e+00   +1.0000000e+00   +1.0000000e+00   +1.0000000e+00   +1.0000000e+00   +1.0000000e+00   +1.0000000e+00   +1.0000000e+00   +1.0000000e+00   +1.0000000e+00   +1.0000000e+00
  +6.7500000e+02   +7.0000000e+02   +1.0000000e+00   +2.0298062e-02  +1.0000000e+00   +1.0000000e+00   +1.0000000e+00   +1.0000000e+00   +1.0000000e+00   +1.0000000e+00   +1.0000000e+00   +1.0000000e+00   +1.0000000e+00   +1.0000000e+00   +1.0000000e+00   +1.0000000e+00
  +7.0000000e+02   +7.2500000e+02   +1.0000000e+00   +1.5074707e-02  +1.0000000e+00   +1.0000000e+00   +1.0000000e+00   +1.0000000e+00   +1.0000000e+00   +1.0000000e+00   +1.0000000e+00   +1.0000000e+00   +1.0000000e+00   +1.0000000e+00   +1.0000000e+00   +1.0000000e+00
  +7.2500000e+02   +7.5000000e+02   +1.0000000e+00   +5.0342355e-02  +1.0000000e+00   +1.0000000e+00   +1.0000000e+00   +1.0000000e+00   +1.0000000e+00   +1.0000000e+00   +1.0000000e+00   +1.0000000e+00   +1.0000000e+00   +1.0000000e+00   +1.0000000e+00   +1.0000000e+00
  +7.5000000e+02   +7.7500000e+02   +1.0000000e+00   +1.2785175e-02  +1.0000000e+00   +1.0000000e+00   +1.0000000e+00   +1.0000000e+00   +1.0000000e+00   +1.0000000e+00   +1.0000000e+00   +1.0000000e+00   +1.0000000e+00   +1.0000000e+00   +1.0000000e+00   +1.0000000e+00
  +7.7500000e+02   +8.0000000e+02   +1.0000000e+00   +1.6088208e-02  +1.0000000e+00   +1.0000000e+00   +1.0000000e+00   +1.0000000e+00   +1.0000000e+00   +1.0000000e+00   +1.0000000e+00   +1.0000000e+00   +1.0000000e+00   +1.0000000e+00   +1.0000000e+00   +1.0000000e+00
  +8.0000000e+02   +8.2500000e+02   +1.0000000e+00   +1.2683058e-02  +1.0000000e+00   +1.0000000e+00   +1.0000000e+00   +1.0000000e+00   +1.0000000e+00   +1.0000000e+00   +1.0000000e+00   +1.0000000e+00   +1.0000000e+00   +1.0000000e+00   +1.0000000e+00   +1.0000000e+00
  +8.2500000e+02   +8.5000000e+02   +1.0000000e+00   +2.2130128e-02  +1.0000000e+00   +1.0000000e+00   +1.0000000e+00   +1.0000000e+00   +1.0000000e+00   +1.0000000e+00   +1.0000000e+00   +1.0000000e+00   +1.0000000e+00   +1.0000000e+00   +1.0000000e+00   +1.0000000e+00
  +8.5000000e+02   +8.7500000e+02   +1.0000000e+00   +1.5943983e-02  +1.0000000e+00   +1.0000000e+00   +1.0000000e+00   +1.0000000e+00   +1.0000000e+00   +1.0000000e+00   +1.0000000e+00   +1.0000000e+00   +1.0000000e+00   +1.0000000e+00   +1.0000000e+00   +1.0000000e+00
  +8.7500000e+02   +9.0000000e+02   +1.0000000e+00   +1.9332078e-02  +1.0000000e+00   +1.0000000e+00   +1.0000000e+00   +1.0000000e+00   +1.0000000e+00   +1.0000000e+00   +1.0000000e+00   +1.0000000e+00   +1.0000000e+00   +1.0000000e+00   +1.0000000e+00   +1.0000000e+00
  +9.0000000e+02   +9.2500000e+02   +1.0000000e+00   +2.6781021e-02  +1.0000000e+00   +1.0000000e+00   +1.0000000e+00   +1.0000000e+00   +1.0000000e+00   +1.0000000e+00   +1.0000000e+00   +1.0000000e+00   +1.0000000e+00   +1.0000000e+00   +1.0000000e+00   +1.0000000e+00
  +9.2500000e+02   +9.5000000e+02   +1.0000000e+00   +6.7947502e-02  +1.0000000e+00   +1.0000000e+00   +1.0000000e+00   +1.0000000e+00   +1.0000000e+00   +1.0000000e+00   +1.0000000e+00   +1.0000000e+00   +1.0000000e+00   +1.0000000e+00   +1.0000000e+00   +1.0000000e+00
  +9.5000000e+02   +9.7500000e+02   +1.0000000e+00   +2.7432030e-02  +1.0000000e+00   +1.0000000e+00   +1.0000000e+00   +1.0000000e+00   +1.0000000e+00   +1.0000000e+00   +1.0000000e+00   +1.0000000e+00   +1.0000000e+00   +1.0000000e+00   +1.0000000e+00   +1.0000000e+00
  +9.7500000e+02   +1.0000000e+03   +1.0000000e+00   +4.5564246e-02  +1.0000000e+00   +1.0000000e+00   +1.0000000e+00   +1.0000000e+00   +1.0000000e+00   +1.0000000e+00   +1.0000000e+00   +1.0000000e+00   +1.0000000e+00   +1.0000000e+00   +1.0000000e+00   +1.0000000e+00
<\histogram>
