  +0.0000000e+00   +2.5000000e+01   +1.1558937e-04   +1.7743514e-07  +1.1558937e-04   +1.0751003e-04   +1.2489238e-04   +1.1558937e-04   +1.1558937e-04   +1.1558937e-04   +1.0751003e-04   +1.0751003e-04   +1.0751003e-04   +1.2489238e-04   +1.2489238e-04   +1.2489238e-04
  +2.5000000e+01   +5.0000000e+01   +5.1002820e-04   +9.1769152e-07  +5.1002820e-04   +4.7425682e-04   +5.5123287e-04   +5.1002820e-04   +5.1002820e-04   +5.1002820e-04   +4.7425682e-04   +4.7425682e-04   +4.7425682e-04   +5.5123287e-04   +5.5123287e-04   +5.5123287e-04
  +5.0000000e+01   +7.5000000e+01   +3.0943182e-04   +6.1223325e-07  +3.0943182e-04   +2.8692475e-04   +3.3549938e-04   +3.0943182e-04   +3.0943182e-04   +3.0943182e-04   +2.8692475e-04   +2.8692475e-04   +2.8692475e-04   +3.3549938e-04   +3.3549938e-04   +3.3549938e-04
  +7.5000000e+01   +1.0000000e+02   +1.7786789e-04   +2.1363770e-07  +1.7786789e-04   +1.6435128e-04   +1.9361705e-04   +1.7786789e-04   +1.7786789e-04   +1.7786789e-04   +1.6435128e-04   +1.6435128e-04   +1.6435128e-04   +1.9361705e-04   +1.9361705e-04   +1.9361705e-04
  +1.0000000e+02   +1.2500000e+02   +1.0678678e-04   +1.7485963e-07  +1.0678678e-04   +9.8296083e-05   +1.1674454e-04   +1.0678678e-04   +1.0678678e-04   +1.0678678e-04   +9.8296083e-05   +9.8296083e-05   +9.8296083e-05   +1.1674454e-04   +1.1674454e-04   +1.1674454e-04
  +1.2500000e+02   +1.5000000e+02   +6.6722425e-05   +1.3935285e-07  +6.6722425e-05   +6.1211022e-05   +7.3219163e-05   +6.6722425e-05   +6.6722425e-05   +6.6722425e-05   +6.1211022e-05   +6.1211022e-05   +6.1211022e-05   +7.3219163e-05   +7.3219163e-05   +7.3219163e-05
  +1.5000000e+02   +1.7500000e+02   +4.3198084e-05   +7.4894373e-08  +4.3198084e-05   +3.9501729e-05   +4.7576974e-05   +4.3198084e-05   +4.3198084e-05   +4.3198084e-05   +3.9501729e-05   +3.9501729e-05   +3.9501729e-05   +4.7576974e-05   +4.7576974e-05   +4.7576974e-05
  +1.7500000e+02   +2.0000000e+02   +2.8907331e-05   +9.0776052e-08  +2.8907331e-05   +2.6351542e-05   +3.1947938e-05   +2.8907331e-05   +2.8907331e-05   +2.8907331e-05   +2.6351542e-05   +2.6351542e-05   +2.6351542e-05   +3.1947938e-05   +3.1947938e-05   +3.1947938e-05
  +2.0000000e+02   +2.2500000e+02   +1.9811199e-05   +6.7661882e-08  +1.9811199e-05   +1.8006388e-05   +2.1968033e-05   +1.9811199e-05   +1.9811199e-05   +1.9811199e-05   +1.8006388e-05   +1.8006388e-05   +1.8006388e-05   +2.1968033e-05   +2.1968033e-05   +2.1968033e-05
  +2.2500000e+02   +2.5000000e+02   +1.3834482e-05   +5.4883437e-08  +1.3834482e-05   +1.2537605e-05   +1.5390702e-05   +1.3834482e-05   +1.3834482e-05   +1.3834482e-05   +1.2537605e-05   +1.2537605e-05   +1.2537605e-05   +1.5390702e-05   +1.5390702e-05   +1.5390702e-05
  +2.5000000e+02   +2.7500000e+02   +9.8177799e-06   +5.6189166e-08  +9.8177799e-06   +8.8721013e-06   +1.0956742e-05   +9.8177799e-06   +9.8177799e-06   +9.8177799e-06   +8.8721013e-06   +8.8721013e-06   +8.8721013e-06   +1.0956742e-05   +1.0956742e-05   +1.0956742e-05
  +2.7500000e+02   +3.0000000e+02   +7.0384827e-06   +1.4630719e-08  +7.0384827e-06   +6.3456032e-06   +7.8755835e-06   +7.0384827e-06   +7.0384827e-06   +7.0384827e-06   +6.3456032e-06   +6.3456032e-06   +6.3456032e-06   +7.8755835e-06   +7.8755835e-06   +7.8755835e-06
  +3.0000000e+02   +3.2500000e+02   +5.1346113e-06   +1.7030849e-08  +5.1346113e-06   +4.6167746e-06   +5.7623947e-06   +5.1346113e-06   +5.1346113e-06   +5.1346113e-06   +4.6167746e-06   +4.6167746e-06   +4.6167746e-06   +5.7623947e-06   +5.7623947e-06   +5.7623947e-06
  +3.2500000e+02   +3.5000000e+02   +3.7872701e-06   +2.0250821e-08  +3.7872701e-06   +3.3968674e-06   +4.2619752e-06   +3.7872701e-06   +3.7872701e-06   +3.7872701e-06   +3.3968674e-06   +3.3968674e-06   +3.3968674e-06   +4.2619752e-06   +4.2619752e-06   +4.2619752e-06
  +3.5000000e+02   +3.7500000e+02   +2.8244386e-06   +1.7088096e-08  +2.8244386e-06   +2.5277842e-06   +3.1861855e-06   +2.8244386e-06   +2.8244386e-06   +2.8244386e-06   +2.5277842e-06   +2.5277842e-06   +2.5277842e-06   +3.1861855e-06   +3.1861855e-06   +3.1861855e-06
  +3.7500000e+02   +4.0000000e+02   +2.1499938e-06   +3.7780768e-08  +2.1499938e-06   +1.9200689e-06   +2.4308925e-06   +2.1499938e-06   +2.1499938e-06   +2.1499938e-06   +1.9200689e-06   +1.9200689e-06   +1.9200689e-06   +2.4308925e-06   +2.4308925e-06   +2.4308925e-06
  +4.0000000e+02   +4.2500000e+02   +1.6069105e-06   +8.8572164e-09  +1.6069105e-06   +1.4318002e-06   +1.8215626e-06   +1.6069105e-06   +1.6069105e-06   +1.6069105e-06   +1.4318002e-06   +1.4318002e-06   +1.4318002e-06   +1.8215626e-06   +1.8215626e-06   +1.8215626e-06
  +4.2500000e+02   +4.5000000e+02   +1.2112836e-06   +4.7795160e-09  +1.2112836e-06   +1.0775217e-06   +1.3755233e-06   +1.2112836e-06   +1.2112836e-06   +1.2112836e-06   +1.0775217e-06   +1.0775217e-06   +1.0775217e-06   +1.3755233e-06   +1.3755233e-06   +1.3755233e-06
  +4.5000000e+02   +4.7500000e+02   +9.4722011e-07   +1.2658223e-08  +9.4722011e-07   +8.4061906e-07   +1.0784410e-06   +9.4722011e-07   +9.4722011e-07   +9.4722011e-07   +8.4061906e-07   +8.4061906e-07   +8.4061906e-07   +1.0784410e-06   +1.0784410e-06   +1.0784410e-06
  +4.7500000e+02   +5.0000000e+02   +7.2320591e-07   +3.5634438e-09  +7.2320591e-07   +6.4057393e-07   +8.2518118e-07   +7.2320591e-07   +7.2320591e-07   +7.2320591e-07   +6.4057393e-07   +6.4057393e-07   +6.4057393e-07   +8.2518118e-07   +8.2518118e-07   +8.2518118e-07
  +5.0000000e+02   +5.2500000e+02   +5.6067300e-07   +3.2979044e-09  +5.6067300e-07   +4.9583881e-07   +6.4080770e-07   +5.6067300e-07   +5.6067300e-07   +5.6067300e-07   +4.9583881e-07   +4.9583881e-07   +4.9583881e-07   +6.4080770e-07   +6.4080770e-07   +6.4080770e-07
  +5.2500000e+02   +5.5000000e+02   +4.3751607e-07   +3.8148459e-09  +4.3751607e-07   +3.8598464e-07   +5.0140595e-07   +4.3751607e-07   +4.3751607e-07   +4.3751607e-07   +3.8598464e-07   +3.8598464e-07   +3.8598464e-07   +5.0140595e-07   +5.0140595e-07   +5.0140595e-07
  +5.5000000e+02   +5.7500000e+02   +3.4343414e-07   +1.8092353e-09  +3.4343414e-07   +3.0243091e-07   +3.9437000e-07   +3.4343414e-07   +3.4343414e-07   +3.4343414e-07   +3.0243091e-07   +3.0243091e-07   +3.0243091e-07   +3.9437000e-07   +3.9437000e-07   +3.9437000e-07
  +5.7500000e+02   +6.0000000e+02   +2.7087694e-07   +1.9183730e-09  +2.7087694e-07   +2.3822908e-07   +3.1148037e-07   +2.7087694e-07   +2.7087694e-07   +2.7087694e-07   +2.3822908e-07   +2.3822908e-07   +2.3822908e-07   +3.1148037e-07   +3.1148037e-07   +3.1148037e-07
  +6.0000000e+02   +6.2500000e+02   +2.1325767e-07   +1.9625352e-09  +2.1325767e-07   +1.8726308e-07   +2.4565354e-07   +2.1325767e-07   +2.1325767e-07   +2.1325767e-07   +1.8726308e-07   +1.8726308e-07   +1.8726308e-07   +2.4565354e-07   +2.4565354e-07   +2.4565354e-07
  +6.2500000e+02   +6.5000000e+02   +1.6954716e-07   +1.2038823e-09  +1.6954716e-07   +1.4854008e-07   +1.9578934e-07   +1.6954716e-07   +1.6954716e-07   +1.6954716e-07   +1.4854008e-07   +1.4854008e-07   +1.4854008e-07   +1.9578934e-07   +1.9578934e-07   +1.9578934e-07
  +6.5000000e+02   +6.7500000e+02   +1.3514653e-07   +1.3564389e-09  +1.3514653e-07   +1.1828006e-07   +1.5624040e-07   +1.3514653e-07   +1.3514653e-07   +1.3514653e-07   +1.1828006e-07   +1.1828006e-07   +1.1828006e-07   +1.5624040e-07   +1.5624040e-07   +1.5624040e-07
  +6.7500000e+02   +7.0000000e+02   +1.0820583e-07   +1.1688139e-09  +1.0820583e-07   +9.4449896e-08   +1.2546271e-07   +1.0820583e-07   +1.0820583e-07   +1.0820583e-07   +9.4449896e-08   +9.4449896e-08   +9.4449896e-08   +1.2546271e-07   +1.2546271e-07   +1.2546271e-07
  +7.0000000e+02   +7.2500000e+02   +8.7083003e-08   +7.0196614e-10  +8.7083003e-08   +7.5878007e-08   +1.0117212e-07   +8.7083003e-08   +8.7083003e-08   +8.7083003e-08   +7.5878007e-08   +7.5878007e-08   +7.5878007e-08   +1.0117212e-07   +1.0117212e-07   +1.0117212e-07
  +7.2500000e+02   +7.5000000e+02   +7.0287131e-08   +5.8272167e-10  +7.0287131e-08   +6.1161357e-08   +8.1772717e-08   +7.0287131e-08   +7.0287131e-08   +7.0287131e-08   +6.1161357e-08   +6.1161357e-08   +6.1161357e-08   +8.1772717e-08   +8.1772717e-08   +8.1772717e-08
  +7.5000000e+02   +7.7500000e+02   +5.6963770e-08   +4.8964559e-10  +5.6963770e-08   +4.9507425e-08   +6.6361485e-08   +5.6963770e-08   +5.6963770e-08   +5.6963770e-08   +4.9507425e-08   +4.9507425e-08   +4.9507425e-08   +6.6361485e-08   +6.6361485e-08   +6.6361485e-08
  +7.7500000e+02   +8.0000000e+02   +4.7704888e-08   +1.8024237e-09  +4.7704888e-08   +4.1438877e-08   +5.5598936e-08   +4.7704888e-08   +4.7704888e-08   +4.7704888e-08   +4.1438877e-08   +4.1438877e-08   +4.1438877e-08   +5.5598936e-08   +5.5598936e-08   +5.5598936e-08
  +8.0000000e+02   +8.2500000e+02   +3.9188893e-08   +1.1360043e-09  +3.9188893e-08   +3.3934962e-08   +4.5833766e-08   +3.9188893e-08   +3.9188893e-08   +3.9188893e-08   +3.3934962e-08   +3.3934962e-08   +3.3934962e-08   +4.5833766e-08   +4.5833766e-08   +4.5833766e-08
  +8.2500000e+02   +8.5000000e+02   +3.3607102e-08   +2.8669950e-09  +3.3607102e-08   +2.9207991e-08   +3.9146087e-08   +3.3607102e-08   +3.3607102e-08   +3.3607102e-08   +2.9207991e-08   +2.9207991e-08   +2.9207991e-08   +3.9146087e-08   +3.9146087e-08   +3.9146087e-08
  +8.5000000e+02   +8.7500000e+02   +2.5311049e-08   +3.2619830e-10  +2.5311049e-08   +2.1854433e-08   +2.9698124e-08   +2.5311049e-08   +2.5311049e-08   +2.5311049e-08   +2.1854433e-08   +2.1854433e-08   +2.1854433e-08   +2.9698124e-08   +2.9698124e-08   +2.9698124e-08
  +8.7500000e+02   +9.0000000e+02   +2.0977583e-08   +4.5849764e-10  +2.0977583e-08   +1.8096903e-08   +2.4636047e-08   +2.0977583e-08   +2.0977583e-08   +2.0977583e-08   +1.8096903e-08   +1.8096903e-08   +1.8096903e-08   +2.4636047e-08   +2.4636047e-08   +2.4636047e-08
  +9.0000000e+02   +9.2500000e+02   +1.7000761e-08   +2.4927211e-10  +1.7000761e-08   +1.4649451e-08   +1.9991985e-08   +1.7000761e-08   +1.7000761e-08   +1.7000761e-08   +1.4649451e-08   +1.4649451e-08   +1.4649451e-08   +1.9991985e-08   +1.9991985e-08   +1.9991985e-08
  +9.2500000e+02   +9.5000000e+02   +1.4053562e-08   +2.3608605e-10  +1.4053562e-08   +1.2099777e-08   +1.6540428e-08   +1.4053562e-08   +1.4053562e-08   +1.4053562e-08   +1.2099777e-08   +1.2099777e-08   +1.2099777e-08   +1.6540428e-08   +1.6540428e-08   +1.6540428e-08
  +9.5000000e+02   +9.7500000e+02   +1.1711204e-08   +1.9969680e-10  +1.1711204e-08   +1.0053557e-08   +1.3828826e-08   +1.1711204e-08   +1.1711204e-08   +1.1711204e-08   +1.0053557e-08   +1.0053557e-08   +1.0053557e-08   +1.3828826e-08   +1.3828826e-08   +1.3828826e-08
  +9.7500000e+02   +1.0000000e+03   +9.4325661e-09   +1.4198031e-10  +9.4325661e-09   +8.0884065e-09   +1.1151334e-08   +9.4325661e-09   +9.4325661e-09   +9.4325661e-09   +8.0884065e-09   +8.0884065e-09   +8.0884065e-09   +1.1151334e-08   +1.1151334e-08   +1.1151334e-08
<\histogram>
