  +0.0000000e+00   +5.0000000e-02   +1.9397025e-04   +7.1371971e-07  +1.9397025e-04   +1.7941523e-04   +2.1091286e-04   +1.9397025e-04   +1.9397025e-04   +1.9397025e-04   +1.7941523e-04   +1.7941523e-04   +1.7941523e-04   +2.1091286e-04   +2.1091286e-04   +2.1091286e-04
  +5.0000000e-02   +1.0000000e-01   +1.8898429e-04   +4.3687477e-07  +1.8898429e-04   +1.7479252e-04   +2.0550503e-04   +1.8898429e-04   +1.8898429e-04   +1.8898429e-04   +1.7479252e-04   +1.7479252e-04   +1.7479252e-04   +2.0550503e-04   +2.0550503e-04   +2.0550503e-04
  +1.0000000e-01   +1.5000000e-01   +1.7940033e-04   +3.9495705e-07  +1.7940033e-04   +1.6588458e-04   +1.9514790e-04   +1.7940033e-04   +1.7940033e-04   +1.7940033e-04   +1.6588458e-04   +1.6588458e-04   +1.6588458e-04   +1.9514790e-04   +1.9514790e-04   +1.9514790e-04
  +1.5000000e-01   +2.0000000e-01   +1.6905657e-04   +7.5334197e-07  +1.6905657e-04   +1.5621519e-04   +1.8404275e-04   +1.6905657e-04   +1.6905657e-04   +1.6905657e-04   +1.5621519e-04   +1.5621519e-04   +1.5621519e-04   +1.8404275e-04   +1.8404275e-04   +1.8404275e-04
  +2.0000000e-01   +2.5000000e-01   +1.5797478e-04   +4.5457646e-06  +1.5797478e-04   +1.4562271e-04   +1.7246276e-04   +1.5797478e-04   +1.5797478e-04   +1.5797478e-04   +1.4562271e-04   +1.4562271e-04   +1.4562271e-04   +1.7246276e-04   +1.7246276e-04   +1.7246276e-04
  +2.5000000e-01   +3.0000000e-01   +1.3164501e-04   +4.5350740e-07  +1.3164501e-04   +1.2162510e-04   +1.4334250e-04   +1.3164501e-04   +1.3164501e-04   +1.3164501e-04   +1.2162510e-04   +1.2162510e-04   +1.2162510e-04   +1.4334250e-04   +1.4334250e-04   +1.4334250e-04
  +3.0000000e-01   +3.5000000e-01   +1.0909975e-04   +3.4543010e-07  +1.0909975e-04   +1.0085128e-04   +1.1871387e-04   +1.0909975e-04   +1.0909975e-04   +1.0909975e-04   +1.0085128e-04   +1.0085128e-04   +1.0085128e-04   +1.1871387e-04   +1.1871387e-04   +1.1871387e-04
  +3.5000000e-01   +4.0000000e-01   +8.7291121e-05   +3.1499992e-07  +8.7291121e-05   +8.0753441e-05   +9.4894181e-05   +8.7291121e-05   +8.7291121e-05   +8.7291121e-05   +8.0753441e-05   +8.0753441e-05   +8.0753441e-05   +9.4894181e-05   +9.4894181e-05   +9.4894181e-05
  +4.0000000e-01   +4.5000000e-01   +6.4529398e-05   +2.1112151e-07  +6.4529398e-05   +5.9771809e-05   +7.0044464e-05   +6.4529398e-05   +6.4529398e-05   +6.4529398e-05   +5.9771809e-05   +5.9771809e-05   +5.9771809e-05   +7.0044464e-05   +7.0044464e-05   +7.0044464e-05
  +4.5000000e-01   +5.0000000e-01   +4.5020899e-05   +2.2823326e-07  +4.5020899e-05   +4.1771620e-05   +4.8772315e-05   +4.5020899e-05   +4.5020899e-05   +4.5020899e-05   +4.1771620e-05   +4.1771620e-05   +4.1771620e-05   +4.8772315e-05   +4.8772315e-05   +4.8772315e-05
  +5.0000000e-01   +5.5000000e-01   +3.1904437e-05   +1.7135194e-07  +3.1904437e-05   +2.9659093e-05   +3.4483553e-05   +3.1904437e-05   +3.1904437e-05   +3.1904437e-05   +2.9659093e-05   +2.9659093e-05   +2.9659093e-05   +3.4483553e-05   +3.4483553e-05   +3.4483553e-05
  +5.5000000e-01   +6.0000000e-01   +2.3443598e-05   +1.4654909e-07  +2.3443598e-05   +2.1806921e-05   +2.5321744e-05   +2.3443598e-05   +2.3443598e-05   +2.3443598e-05   +2.1806921e-05   +2.1806921e-05   +2.1806921e-05   +2.5321744e-05   +2.5321744e-05   +2.5321744e-05
  +6.0000000e-01   +6.5000000e-01   +1.6578146e-05   +7.6069314e-08  +1.6578146e-05   +1.5435476e-05   +1.7885175e-05   +1.6578146e-05   +1.6578146e-05   +1.6578146e-05   +1.5435476e-05   +1.5435476e-05   +1.5435476e-05   +1.7885175e-05   +1.7885175e-05   +1.7885175e-05
  +6.5000000e-01   +7.0000000e-01   +1.1522884e-05   +6.9503187e-08  +1.1522884e-05   +1.0735310e-05   +1.2422088e-05   +1.1522884e-05   +1.1522884e-05   +1.1522884e-05   +1.0735310e-05   +1.0735310e-05   +1.0735310e-05   +1.2422088e-05   +1.2422088e-05   +1.2422088e-05
  +7.0000000e-01   +7.5000000e-01   +7.8849515e-06   +1.5485351e-07  +7.8849515e-06   +7.3452968e-06   +8.5010167e-06   +7.8849515e-06   +7.8849515e-06   +7.8849515e-06   +7.3452968e-06   +7.3452968e-06   +7.3452968e-06   +8.5010167e-06   +8.5010167e-06   +8.5010167e-06
  +7.5000000e-01   +8.0000000e-01   +5.4076648e-06   +5.1188122e-08  +5.4076648e-06   +5.0378157e-06   +5.8297247e-06   +5.4076648e-06   +5.4076648e-06   +5.4076648e-06   +5.0378157e-06   +5.0378157e-06   +5.0378157e-06   +5.8297247e-06   +5.8297247e-06   +5.8297247e-06
  +8.0000000e-01   +8.5000000e-01   +3.7102549e-06   +3.2479546e-08  +3.7102549e-06   +3.4520904e-06   +4.0056972e-06   +3.7102549e-06   +3.7102549e-06   +3.7102549e-06   +3.4520904e-06   +3.4520904e-06   +3.4520904e-06   +4.0056972e-06   +4.0056972e-06   +4.0056972e-06
  +8.5000000e-01   +9.0000000e-01   +2.5277440e-06   +2.5855669e-08  +2.5277440e-06   +2.3505211e-06   +2.7306643e-06   +2.5277440e-06   +2.5277440e-06   +2.5277440e-06   +2.3505211e-06   +2.3505211e-06   +2.3505211e-06   +2.7306643e-06   +2.7306643e-06   +2.7306643e-06
  +9.0000000e-01   +9.5000000e-01   +1.8376441e-06   +3.8393043e-08  +1.8376441e-06   +1.7049463e-06   +1.9904066e-06   +1.8376441e-06   +1.8376441e-06   +1.8376441e-06   +1.7049463e-06   +1.7049463e-06   +1.7049463e-06   +1.9904066e-06   +1.9904066e-06   +1.9904066e-06
  +9.5000000e-01   +1.0000000e+00   +1.2039481e-06   +2.0040041e-08  +1.2039481e-06   +1.1159830e-06   +1.3053360e-06   +1.2039481e-06   +1.2039481e-06   +1.2039481e-06   +1.1159830e-06   +1.1159830e-06   +1.1159830e-06   +1.3053360e-06   +1.3053360e-06   +1.3053360e-06
  +1.0000000e+00   +1.0500000e+00   +8.0841885e-07   +2.0702038e-08  +8.0841885e-07   +7.4858438e-07   +8.7748070e-07   +8.0841885e-07   +8.0841885e-07   +8.0841885e-07   +7.4858438e-07   +7.4858438e-07   +7.4858438e-07   +8.7748070e-07   +8.7748070e-07   +8.7748070e-07
  +1.0500000e+00   +1.1000000e+00   +5.3935383e-07   +1.2558208e-08  +5.3935383e-07   +4.9931950e-07   +5.8557781e-07   +5.3935383e-07   +5.3935383e-07   +5.3935383e-07   +4.9931950e-07   +4.9931950e-07   +4.9931950e-07   +5.8557781e-07   +5.8557781e-07   +5.8557781e-07
  +1.1000000e+00   +1.1500000e+00   +3.9695986e-07   +1.9058922e-08  +3.9695986e-07   +3.6564596e-07   +4.3341516e-07   +3.9695986e-07   +3.9695986e-07   +3.9695986e-07   +3.6564596e-07   +3.6564596e-07   +3.6564596e-07   +4.3341516e-07   +4.3341516e-07   +4.3341516e-07
  +1.1500000e+00   +1.2000000e+00   +2.5622254e-07   +1.1223622e-08  +2.5622254e-07   +2.3538112e-07   +2.8063831e-07   +2.5622254e-07   +2.5622254e-07   +2.5622254e-07   +2.3538112e-07   +2.3538112e-07   +2.3538112e-07   +2.8063831e-07   +2.8063831e-07   +2.8063831e-07
  +1.2000000e+00   +1.2500000e+00   +1.7142647e-07   +8.6861047e-08  +1.7142647e-07   +1.5710709e-07   +1.8822697e-07   +1.7142647e-07   +1.7142647e-07   +1.7142647e-07   +1.5710709e-07   +1.5710709e-07   +1.5710709e-07   +1.8822697e-07   +1.8822697e-07   +1.8822697e-07
  +1.2500000e+00   +1.3000000e+00   +1.0377496e-07   +1.2026155e-08  +1.0377496e-07   +9.5027909e-08   +1.1404756e-07   +1.0377496e-07   +1.0377496e-07   +1.0377496e-07   +9.5027909e-08   +9.5027909e-08   +9.5027909e-08   +1.1404756e-07   +1.1404756e-07   +1.1404756e-07
  +1.3000000e+00   +1.3500000e+00   +6.9426551e-08   +4.7102001e-09  +6.9426551e-08   +6.3591871e-08   +7.6293584e-08   +6.9426551e-08   +6.9426551e-08   +6.9426551e-08   +6.3591871e-08   +6.3591871e-08   +6.3591871e-08   +7.6293584e-08   +7.6293584e-08   +7.6293584e-08
  +1.3500000e+00   +1.4000000e+00   +4.4810873e-08   +2.8910576e-09  +4.4810873e-08   +4.0785737e-08   +4.9582544e-08   +4.4810873e-08   +4.4810873e-08   +4.4810873e-08   +4.0785737e-08   +4.0785737e-08   +4.0785737e-08   +4.9582544e-08   +4.9582544e-08   +4.9582544e-08
  +1.4000000e+00   +1.4500000e+00   +2.8999915e-08   +2.7186459e-09  +2.8999915e-08   +2.6326502e-08   +3.2179819e-08   +2.8999915e-08   +2.8999915e-08   +2.8999915e-08   +2.6326502e-08   +2.6326502e-08   +2.6326502e-08   +3.2179819e-08   +3.2179819e-08   +3.2179819e-08
  +1.4500000e+00   +1.5000000e+00   +1.8599253e-08   +2.6468403e-09  +1.8599253e-08   +1.6848378e-08   +2.0682214e-08   +1.8599253e-08   +1.8599253e-08   +1.8599253e-08   +1.6848378e-08   +1.6848378e-08   +1.6848378e-08   +2.0682214e-08   +2.0682214e-08   +2.0682214e-08
<\histogram>
