# sig(all VBF cuts) index   0
   0.00000000D+00   0.10000000D+01   0.13605324D+01   0.73064902D-03


# Njets - inclusive index   1
  -0.50000000D+00   0.50000000D+00   0.13605324D+01   0.73064902D-03
   0.50000000D+00   0.15000000D+01   0.13605324D+01   0.73064902D-03
   0.15000000D+01   0.25000000D+01   0.13605324D+01   0.73064902D-03
   0.25000000D+01   0.35000000D+01   0.41383831D+00   0.21244649D-03
   0.35000000D+01   0.45000000D+01   0.00000000D+00   0.00000000D+00


# Njets - exclusive index   2
  -0.50000000D+00   0.50000000D+00   0.00000000D+00   0.00000000D+00
   0.50000000D+00   0.15000000D+01   0.00000000D+00   0.00000000D+00
   0.15000000D+01   0.25000000D+01   0.94672783D+00   0.71178697D-03
   0.25000000D+01   0.35000000D+01   0.41383831D+00   0.21244649D-03
   0.35000000D+01   0.45000000D+01   0.00000000D+00   0.00000000D+00


# M_j1j2(tag) - VBF CUTS index   3
   0.00000000D+00   0.10000000D+03   0.00000000D+00   0.00000000D+00
   0.10000000D+03   0.20000000D+03   0.00000000D+00   0.00000000D+00
   0.20000000D+03   0.30000000D+03   0.00000000D+00   0.00000000D+00
   0.30000000D+03   0.40000000D+03   0.00000000D+00   0.00000000D+00
   0.40000000D+03   0.50000000D+03   0.00000000D+00   0.00000000D+00
   0.50000000D+03   0.60000000D+03   0.85859034D-03   0.17286112D-05
   0.60000000D+03   0.70000000D+03   0.91252341D-03   0.15746428D-05
   0.70000000D+03   0.80000000D+03   0.92266433D-03   0.15154400D-05
   0.80000000D+03   0.90000000D+03   0.89912092D-03   0.15896203D-05
   0.90000000D+03   0.10000000D+04   0.86412543D-03   0.16613507D-05
   0.10000000D+04   0.11000000D+04   0.81474411D-03   0.16547350D-05
   0.11000000D+04   0.12000000D+04   0.76095969D-03   0.16247738D-05
   0.12000000D+04   0.13000000D+04   0.70894820D-03   0.16227441D-05
   0.13000000D+04   0.14000000D+04   0.65322190D-03   0.18574858D-05
   0.14000000D+04   0.15000000D+04   0.60224423D-03   0.20110994D-05
   0.15000000D+04   0.16000000D+04   0.55054392D-03   0.33007121D-05
   0.16000000D+04   0.17000000D+04   0.49852921D-03   0.31886848D-05
   0.17000000D+04   0.18000000D+04   0.45951730D-03   0.17919459D-05
   0.18000000D+04   0.19000000D+04   0.41562012D-03   0.18588987D-05
   0.19000000D+04   0.20000000D+04   0.38274716D-03   0.22574767D-05
   0.20000000D+04   0.21000000D+04   0.33983032D-03   0.25024292D-05
   0.21000000D+04   0.22000000D+04   0.30791246D-03   0.24432279D-05
   0.22000000D+04   0.23000000D+04   0.28296477D-03   0.22700366D-05
   0.23000000D+04   0.24000000D+04   0.25331595D-03   0.22275467D-05
   0.24000000D+04   0.25000000D+04   0.22973737D-03   0.24808883D-05
   0.25000000D+04   0.26000000D+04   0.20742322D-03   0.20878950D-05
   0.26000000D+04   0.27000000D+04   0.18472332D-03   0.20046810D-05
   0.27000000D+04   0.28000000D+04   0.16495706D-03   0.19705653D-05
   0.28000000D+04   0.29000000D+04   0.15580135D-03   0.27258906D-05
   0.29000000D+04   0.30000000D+04   0.13136732D-03   0.29199010D-05
   0.30000000D+04   0.31000000D+04   0.12191451D-03   0.24843085D-05
   0.31000000D+04   0.32000000D+04   0.10502375D-03   0.19768587D-05
   0.32000000D+04   0.33000000D+04   0.99152787D-04   0.23079609D-05
   0.33000000D+04   0.34000000D+04   0.84766406D-04   0.25870945D-05
   0.34000000D+04   0.35000000D+04   0.74978057D-04   0.23216453D-05
   0.35000000D+04   0.36000000D+04   0.66825489D-04   0.15690984D-05
   0.36000000D+04   0.37000000D+04   0.61673719D-04   0.19105998D-05
   0.37000000D+04   0.38000000D+04   0.55043299D-04   0.20174782D-05
   0.38000000D+04   0.39000000D+04   0.47858666D-04   0.26913828D-05
   0.39000000D+04   0.40000000D+04   0.39649385D-04   0.19077227D-05


# rap_j1j2(tag) - VBF CUTS index   4
   0.00000000D+00   0.50000000D+00   0.00000000D+00   0.00000000D+00
   0.50000000D+00   0.10000000D+01   0.00000000D+00   0.00000000D+00
   0.10000000D+01   0.15000000D+01   0.00000000D+00   0.00000000D+00
   0.15000000D+01   0.20000000D+01   0.00000000D+00   0.00000000D+00
   0.20000000D+01   0.25000000D+01   0.00000000D+00   0.00000000D+00
   0.25000000D+01   0.30000000D+01   0.22764327D+00   0.27884893D-03
   0.30000000D+01   0.35000000D+01   0.32004790D+00   0.29680770D-03
   0.35000000D+01   0.40000000D+01   0.39327024D+00   0.34644542D-03
   0.40000000D+01   0.45000000D+01   0.42338679D+00   0.37645490D-03
   0.45000000D+01   0.50000000D+01   0.39994684D+00   0.38143897D-03
   0.50000000D+01   0.55000000D+01   0.33917377D+00   0.43377857D-03
   0.55000000D+01   0.60000000D+01   0.25724129D+00   0.56276342D-03
   0.60000000D+01   0.65000000D+01   0.17387969D+00   0.50626841D-03
   0.65000000D+01   0.70000000D+01   0.10493971D+00   0.64432469D-03
   0.70000000D+01   0.75000000D+01   0.52430391D-01   0.89931727D-03
   0.75000000D+01   0.80000000D+01   0.22480713D-01   0.61662576D-03
   0.80000000D+01   0.85000000D+01   0.61980784D-02   0.42204015D-03
   0.85000000D+01   0.90000000D+01   0.81947055D-03   0.16499427D-03
   0.90000000D+01   0.95000000D+01   0.00000000D+00   0.00000000D+00
   0.95000000D+01   0.10000000D+02   0.00000000D+00   0.00000000D+00


# PT jet 1- VBF CUTS index   5
   0.00000000D+00   0.25000000D+02   0.00000000D+00   0.00000000D+00
   0.25000000D+02   0.50000000D+02   0.38135334D-03   0.28494395D-05
   0.50000000D+02   0.75000000D+02   0.23358536D-02   0.78854411D-05
   0.75000000D+02   0.10000000D+03   0.46211475D-02   0.15917299D-04
   0.10000000D+03   0.12500000D+03   0.59491617D-02   0.18315561D-04
   0.12500000D+03   0.15000000D+03   0.63411759D-02   0.15516784D-04
   0.15000000D+03   0.17500000D+03   0.59450918D-02   0.12309030D-04
   0.17500000D+03   0.20000000D+03   0.52069515D-02   0.16046242D-04
   0.20000000D+03   0.22500000D+03   0.44163827D-02   0.11166357D-04
   0.22500000D+03   0.25000000D+03   0.36353439D-02   0.13194007D-04
   0.25000000D+03   0.27500000D+03   0.29504120D-02   0.11658707D-04
   0.27500000D+03   0.30000000D+03   0.23839529D-02   0.64817763D-05
   0.30000000D+03   0.32500000D+03   0.19118100D-02   0.56576421D-05
   0.32500000D+03   0.35000000D+03   0.15537218D-02   0.48876623D-05
   0.35000000D+03   0.37500000D+03   0.12423451D-02   0.41652288D-05
   0.37500000D+03   0.40000000D+03   0.10045400D-02   0.38578507D-05
   0.40000000D+03   0.42500000D+03   0.81137788D-03   0.37676520D-05
   0.42500000D+03   0.45000000D+03   0.65738114D-03   0.32170086D-05
   0.45000000D+03   0.47500000D+03   0.53684952D-03   0.32326875D-05
   0.47500000D+03   0.50000000D+03   0.43404924D-03   0.26258820D-05
   0.50000000D+03   0.52500000D+03   0.35754144D-03   0.21400575D-05
   0.52500000D+03   0.55000000D+03   0.29247036D-03   0.20006244D-05
   0.55000000D+03   0.57500000D+03   0.24030420D-03   0.17370371D-05
   0.57500000D+03   0.60000000D+03   0.20162780D-03   0.19757709D-05
   0.60000000D+03   0.62500000D+03   0.16086635D-03   0.17304350D-05
   0.62500000D+03   0.65000000D+03   0.13619589D-03   0.15491347D-05
   0.65000000D+03   0.67500000D+03   0.11277266D-03   0.16511515D-05
   0.67500000D+03   0.70000000D+03   0.96856289D-04   0.14498414D-05
   0.70000000D+03   0.72500000D+03   0.77235067D-04   0.11048913D-05
   0.72500000D+03   0.75000000D+03   0.66149021D-04   0.10819398D-05
   0.75000000D+03   0.77500000D+03   0.54771963D-04   0.10669733D-05
   0.77500000D+03   0.80000000D+03   0.45945494D-04   0.81640486D-06
   0.80000000D+03   0.82500000D+03   0.38090383D-04   0.74131084D-06
   0.82500000D+03   0.85000000D+03   0.33236791D-04   0.62322758D-06
   0.85000000D+03   0.87500000D+03   0.26999071D-04   0.57298447D-06
   0.87500000D+03   0.90000000D+03   0.23439618D-04   0.58129429D-06
   0.90000000D+03   0.92500000D+03   0.20033758D-04   0.60141396D-06
   0.92500000D+03   0.95000000D+03   0.17174341D-04   0.54677516D-06
   0.95000000D+03   0.97500000D+03   0.15256691D-04   0.71806722D-06
   0.97500000D+03   0.10000000D+04   0.11526014D-04   0.59971128D-06


# PT jet 2- VBF CUTS index   6
   0.00000000D+00   0.25000000D+02   0.00000000D+00   0.00000000D+00
   0.25000000D+02   0.50000000D+02   0.75044506D-02   0.15655978D-04
   0.50000000D+02   0.75000000D+02   0.11689381D-01   0.22573444D-04
   0.75000000D+02   0.10000000D+03   0.10338087D-01   0.23017756D-04
   0.10000000D+03   0.12500000D+03   0.76970283D-02   0.14742683D-04
   0.12500000D+03   0.15000000D+03   0.53125130D-02   0.10492151D-04
   0.15000000D+03   0.17500000D+03   0.35796546D-02   0.78083962D-05
   0.17500000D+03   0.20000000D+03   0.24236288D-02   0.57898329D-05
   0.20000000D+03   0.22500000D+03   0.16481632D-02   0.46530908D-05
   0.22500000D+03   0.25000000D+03   0.11540834D-02   0.29686637D-05
   0.25000000D+03   0.27500000D+03   0.81224879D-03   0.29120286D-05
   0.27500000D+03   0.30000000D+03   0.57963776D-03   0.27690534D-05
   0.30000000D+03   0.32500000D+03   0.41888116D-03   0.24225060D-05
   0.32500000D+03   0.35000000D+03   0.30696648D-03   0.13888045D-05
   0.35000000D+03   0.37500000D+03   0.22650565D-03   0.10716600D-05
   0.37500000D+03   0.40000000D+03   0.17002055D-03   0.85813686D-06
   0.40000000D+03   0.42500000D+03   0.12851115D-03   0.72702193D-06
   0.42500000D+03   0.45000000D+03   0.96698670D-04   0.62323641D-06
   0.45000000D+03   0.47500000D+03   0.74130317D-04   0.62387433D-06
   0.47500000D+03   0.50000000D+03   0.57526585D-04   0.51796257D-06
   0.50000000D+03   0.52500000D+03   0.43334884D-04   0.39927578D-06
   0.52500000D+03   0.55000000D+03   0.34726189D-04   0.31235796D-06
   0.55000000D+03   0.57500000D+03   0.26629886D-04   0.27073231D-06
   0.57500000D+03   0.60000000D+03   0.21540503D-04   0.24671519D-06
   0.60000000D+03   0.62500000D+03   0.16691678D-04   0.22407325D-06
   0.62500000D+03   0.65000000D+03   0.13140012D-04   0.20825484D-06
   0.65000000D+03   0.67500000D+03   0.10355416D-04   0.18828894D-06
   0.67500000D+03   0.70000000D+03   0.82214359D-05   0.14843090D-06
   0.70000000D+03   0.72500000D+03   0.67910116D-05   0.19013861D-06
   0.72500000D+03   0.75000000D+03   0.53464464D-05   0.19265017D-06
   0.75000000D+03   0.77500000D+03   0.41684707D-05   0.12376021D-06
   0.77500000D+03   0.80000000D+03   0.35885923D-05   0.13896945D-06
   0.80000000D+03   0.82500000D+03   0.27757202D-05   0.97821368D-07
   0.82500000D+03   0.85000000D+03   0.23863396D-05   0.10247239D-06
   0.85000000D+03   0.87500000D+03   0.16482716D-05   0.77618986D-07
   0.87500000D+03   0.90000000D+03   0.14004565D-05   0.52485947D-07
   0.90000000D+03   0.92500000D+03   0.12248278D-05   0.50246447D-07
   0.92500000D+03   0.95000000D+03   0.91156046D-06   0.47267882D-07
   0.95000000D+03   0.97500000D+03   0.82693393D-06   0.79195241D-07
   0.97500000D+03   0.10000000D+04   0.62349021D-06   0.72865670D-07


# PT jet 3- VBF CUTS index   7
   0.00000000D+00   0.10000000D+02   0.00000000D+00   0.00000000D+00
   0.10000000D+02   0.20000000D+02   0.00000000D+00   0.00000000D+00
   0.20000000D+02   0.30000000D+02   0.00000000D+00   0.00000000D+00
   0.30000000D+02   0.40000000D+02   0.12984379D-01   0.13005588D-04
   0.40000000D+02   0.50000000D+02   0.83933494D-02   0.78533379D-05
   0.50000000D+02   0.60000000D+02   0.56382786D-02   0.58445673D-05
   0.60000000D+02   0.70000000D+02   0.38856731D-02   0.40712391D-05
   0.70000000D+02   0.80000000D+02   0.27223934D-02   0.46340622D-05
   0.80000000D+02   0.90000000D+02   0.19360860D-02   0.24529415D-05
   0.90000000D+02   0.10000000D+03   0.13928598D-02   0.18066399D-05
   0.10000000D+03   0.11000000D+03   0.10115277D-02   0.13280201D-05
   0.11000000D+03   0.12000000D+03   0.74408381D-03   0.10749549D-05
   0.12000000D+03   0.13000000D+03   0.55025617D-03   0.74262069D-06
   0.13000000D+03   0.14000000D+03   0.41209364D-03   0.61444757D-06
   0.14000000D+03   0.15000000D+03   0.31184919D-03   0.55856878D-06
   0.15000000D+03   0.16000000D+03   0.23737454D-03   0.41462559D-06
   0.16000000D+03   0.17000000D+03   0.18301420D-03   0.32442787D-06
   0.17000000D+03   0.18000000D+03   0.14145445D-03   0.26360612D-06
   0.18000000D+03   0.19000000D+03   0.11008036D-03   0.21926312D-06
   0.19000000D+03   0.20000000D+03   0.86774730D-04   0.19494082D-06
   0.20000000D+03   0.21000000D+03   0.68669262D-04   0.15920468D-06
   0.21000000D+03   0.22000000D+03   0.54231887D-04   0.13670640D-06
   0.22000000D+03   0.23000000D+03   0.43370792D-04   0.11501388D-06
   0.23000000D+03   0.24000000D+03   0.34692546D-04   0.98141744D-07
   0.24000000D+03   0.25000000D+03   0.28096800D-04   0.86535023D-07
   0.25000000D+03   0.26000000D+03   0.22827798D-04   0.78897640D-07
   0.26000000D+03   0.27000000D+03   0.18505814D-04   0.65945646D-07
   0.27000000D+03   0.28000000D+03   0.15176718D-04   0.63032905D-07
   0.28000000D+03   0.29000000D+03   0.12330704D-04   0.56451292D-07
   0.29000000D+03   0.30000000D+03   0.10166621D-04   0.43686992D-07
   0.30000000D+03   0.31000000D+03   0.84664695D-05   0.46117220D-07
   0.31000000D+03   0.32000000D+03   0.68615903D-05   0.35135271D-07
   0.32000000D+03   0.33000000D+03   0.57036523D-05   0.43628484D-07
   0.33000000D+03   0.34000000D+03   0.46982274D-05   0.27254089D-07
   0.34000000D+03   0.35000000D+03   0.39844094D-05   0.41127988D-07
   0.35000000D+03   0.36000000D+03   0.33021510D-05   0.19380116D-07
   0.36000000D+03   0.37000000D+03   0.27396954D-05   0.20071000D-07
   0.37000000D+03   0.38000000D+03   0.23070660D-05   0.17237246D-07
   0.38000000D+03   0.39000000D+03   0.19559758D-05   0.19283260D-07
   0.39000000D+03   0.40000000D+03   0.16217396D-05   0.16100069D-07
   0.40000000D+03   0.41000000D+03   0.13975181D-05   0.15755785D-07
   0.41000000D+03   0.42000000D+03   0.11518715D-05   0.11137378D-07
   0.42000000D+03   0.43000000D+03   0.97726219D-06   0.10535403D-07
   0.43000000D+03   0.44000000D+03   0.82631632D-06   0.91582615D-08
   0.44000000D+03   0.45000000D+03   0.69478870D-06   0.86611467D-08
   0.45000000D+03   0.46000000D+03   0.59338864D-06   0.94896699D-08
   0.46000000D+03   0.47000000D+03   0.49536171D-06   0.65197898D-08
   0.47000000D+03   0.48000000D+03   0.43072224D-06   0.62483946D-08
   0.48000000D+03   0.49000000D+03   0.37696341D-06   0.66503735D-08
   0.49000000D+03   0.50000000D+03   0.31476588D-06   0.62482318D-08
   0.50000000D+03   0.51000000D+03   0.27288885D-06   0.61642742D-08
   0.51000000D+03   0.52000000D+03   0.22206168D-06   0.41388933D-08
   0.52000000D+03   0.53000000D+03   0.18395407D-06   0.30957888D-08
   0.53000000D+03   0.54000000D+03   0.16767821D-06   0.38373172D-08
   0.54000000D+03   0.55000000D+03   0.14274845D-06   0.32447974D-08
   0.55000000D+03   0.56000000D+03   0.11708860D-06   0.26775028D-08
   0.56000000D+03   0.57000000D+03   0.10404796D-06   0.26223496D-08
   0.57000000D+03   0.58000000D+03   0.84331216D-07   0.18163701D-08
   0.58000000D+03   0.59000000D+03   0.76729998D-07   0.19748120D-08
   0.59000000D+03   0.60000000D+03   0.64669074D-07   0.22506065D-08
   0.60000000D+03   0.61000000D+03   0.54560567D-07   0.19265549D-08
   0.61000000D+03   0.62000000D+03   0.47378633D-07   0.15405921D-08
   0.62000000D+03   0.63000000D+03   0.40477769D-07   0.12650857D-08
   0.63000000D+03   0.64000000D+03   0.34998959D-07   0.12066360D-08
   0.64000000D+03   0.65000000D+03   0.28711222D-07   0.86090816D-09
   0.65000000D+03   0.66000000D+03   0.27115987D-07   0.11372119D-08
   0.66000000D+03   0.67000000D+03   0.20836231D-07   0.77578191D-09
   0.67000000D+03   0.68000000D+03   0.19428031D-07   0.84895877D-09
   0.68000000D+03   0.69000000D+03   0.16373488D-07   0.66582409D-09
   0.69000000D+03   0.70000000D+03   0.13903491D-07   0.59141402D-09
   0.70000000D+03   0.71000000D+03   0.11312050D-07   0.50882547D-09
   0.71000000D+03   0.72000000D+03   0.95491373D-08   0.40069899D-09
   0.72000000D+03   0.73000000D+03   0.93317841D-08   0.55850777D-09
   0.73000000D+03   0.74000000D+03   0.83259283D-08   0.50020057D-09
   0.74000000D+03   0.75000000D+03   0.69365116D-08   0.40668856D-09
   0.75000000D+03   0.76000000D+03   0.55384526D-08   0.34836266D-09
   0.76000000D+03   0.77000000D+03   0.45584121D-08   0.21909742D-09
   0.77000000D+03   0.78000000D+03   0.46985793D-08   0.38792115D-09
   0.78000000D+03   0.79000000D+03   0.39585714D-08   0.28439490D-09
   0.79000000D+03   0.80000000D+03   0.28855458D-08   0.17457802D-09
   0.80000000D+03   0.81000000D+03   0.25502378D-08   0.15501358D-09
   0.81000000D+03   0.82000000D+03   0.25277880D-08   0.22865166D-09
   0.82000000D+03   0.83000000D+03   0.19043043D-08   0.13681305D-09
   0.83000000D+03   0.84000000D+03   0.19942960D-08   0.15991458D-09
   0.84000000D+03   0.85000000D+03   0.13431823D-08   0.10600314D-09
   0.85000000D+03   0.86000000D+03   0.11546976D-08   0.92767849D-10
   0.86000000D+03   0.87000000D+03   0.12639033D-08   0.11243847D-09
   0.87000000D+03   0.88000000D+03   0.90194080D-09   0.61112367D-10
   0.88000000D+03   0.89000000D+03   0.78304442D-09   0.56001465D-10
   0.89000000D+03   0.90000000D+03   0.79487414D-09   0.88882620D-10
   0.90000000D+03   0.91000000D+03   0.68243303D-09   0.92480597D-10
   0.91000000D+03   0.92000000D+03   0.66339358D-09   0.85640966D-10
   0.92000000D+03   0.93000000D+03   0.44434985D-09   0.38449101D-10
   0.93000000D+03   0.94000000D+03   0.38413719D-09   0.40999001D-10
   0.94000000D+03   0.95000000D+03   0.33691012D-09   0.32655204D-10
   0.95000000D+03   0.96000000D+03   0.25959315D-09   0.22295787D-10
   0.96000000D+03   0.97000000D+03   0.25402056D-09   0.31289138D-10
   0.97000000D+03   0.98000000D+03   0.29140017D-09   0.41366089D-10
   0.98000000D+03   0.99000000D+03   0.23410819D-09   0.38657973D-10
   0.99000000D+03   0.10000000D+04   0.15724389D-09   0.16674105D-10


# Y jet 1- VBF CUTS index   8
  -0.50000000D+01  -0.45000000D+01   0.00000000D+00   0.00000000D+00
  -0.45000000D+01  -0.40000000D+01   0.18148896D-01   0.33065865D-03
  -0.40000000D+01  -0.35000000D+01   0.65703924D-01   0.57907147D-03
  -0.35000000D+01  -0.30000000D+01   0.14925015D+00   0.54415134D-03
  -0.30000000D+01  -0.25000000D+01   0.23784194D+00   0.51484787D-03
  -0.25000000D+01  -0.20000000D+01   0.27616509D+00   0.37462187D-03
  -0.20000000D+01  -0.15000000D+01   0.25000586D+00   0.26210918D-03
  -0.15000000D+01  -0.10000000D+01   0.18269836D+00   0.22392349D-03
  -0.10000000D+01  -0.50000000D+00   0.11200365D+00   0.19843492D-03
  -0.50000000D+00   0.00000000D+00   0.68730260D-01   0.18984351D-03
   0.00000000D+00   0.50000000D+00   0.68954811D-01   0.20974014D-03
   0.50000000D+00   0.10000000D+01   0.11227391D+00   0.20226686D-03
   0.10000000D+01   0.15000000D+01   0.18275744D+00   0.23484258D-03
   0.15000000D+01   0.20000000D+01   0.24990897D+00   0.26272228D-03
   0.20000000D+01   0.25000000D+01   0.27642168D+00   0.34552090D-03
   0.25000000D+01   0.30000000D+01   0.23806472D+00   0.80799169D-03
   0.30000000D+01   0.35000000D+01   0.14973806D+00   0.65092203D-03
   0.35000000D+01   0.40000000D+01   0.65431372D-01   0.56210157D-03
   0.40000000D+01   0.45000000D+01   0.17153511D-01   0.37077117D-03
   0.45000000D+01   0.50000000D+01   0.00000000D+00   0.00000000D+00


# Y jet 2- VBF CUTS index   9
  -0.50000000D+01  -0.45000000D+01   0.00000000D+00   0.00000000D+00
  -0.45000000D+01  -0.40000000D+01   0.73268195D-01   0.90619464D-03
  -0.40000000D+01  -0.35000000D+01   0.14783922D+00   0.65977319D-03
  -0.35000000D+01  -0.30000000D+01   0.22593133D+00   0.60009217D-03
  -0.30000000D+01  -0.25000000D+01   0.26339129D+00   0.46201089D-03
  -0.25000000D+01  -0.20000000D+01   0.24581030D+00   0.30360743D-03
  -0.20000000D+01  -0.15000000D+01   0.19017477D+00   0.23097254D-03
  -0.15000000D+01  -0.10000000D+01   0.12144346D+00   0.18871342D-03
  -0.10000000D+01  -0.50000000D+00   0.63185029D-01   0.11998879D-03
  -0.50000000D+00   0.00000000D+00   0.29575938D-01   0.10330136D-03
   0.00000000D+00   0.50000000D+00   0.29890631D-01   0.96781789D-04
   0.50000000D+00   0.10000000D+01   0.63021386D-01   0.11908862D-03
   0.10000000D+01   0.15000000D+01   0.12138858D+00   0.16011073D-03
   0.15000000D+01   0.20000000D+01   0.19054294D+00   0.22115740D-03
   0.20000000D+01   0.25000000D+01   0.24612489D+00   0.30951233D-03
   0.25000000D+01   0.30000000D+01   0.26265505D+00   0.44485034D-03
   0.30000000D+01   0.35000000D+01   0.22520115D+00   0.53017678D-03
   0.35000000D+01   0.40000000D+01   0.14928844D+00   0.65620923D-03
   0.40000000D+01   0.45000000D+01   0.72914779D-01   0.63316437D-03
   0.45000000D+01   0.50000000D+01   0.00000000D+00   0.00000000D+00


# Y jet 3- VBF CUTS index  10
  -0.50000000D+01  -0.45000000D+01   0.00000000D+00   0.00000000D+00
  -0.45000000D+01  -0.40000000D+01   0.10080779D-01   0.58482415D-04
  -0.40000000D+01  -0.35000000D+01   0.26599820D-01   0.97150557D-04
  -0.35000000D+01  -0.30000000D+01   0.48917567D-01   0.11312661D-03
  -0.30000000D+01  -0.25000000D+01   0.67491397D-01   0.97974760D-04
  -0.25000000D+01  -0.20000000D+01   0.74061578D-01   0.82191863D-04
  -0.20000000D+01  -0.15000000D+01   0.67167662D-01   0.70628714D-04
  -0.15000000D+01  -0.10000000D+01   0.52007828D-01   0.64615529D-04
  -0.10000000D+01  -0.50000000D+00   0.36598246D-01   0.47070676D-04
  -0.50000000D+00   0.00000000D+00   0.27452317D-01   0.40988222D-04
   0.00000000D+00   0.50000000D+00   0.27479802D-01   0.44694305D-04
   0.50000000D+00   0.10000000D+01   0.36661293D-01   0.41868172D-04
   0.10000000D+01   0.15000000D+01   0.52054408D-01   0.52784652D-04
   0.15000000D+01   0.20000000D+01   0.67156107D-01   0.61459319D-04
   0.20000000D+01   0.25000000D+01   0.74337435D-01   0.75958270D-04
   0.25000000D+01   0.30000000D+01   0.67922361D-01   0.10900650D-03
   0.30000000D+01   0.35000000D+01   0.48864507D-01   0.97927305D-04
   0.35000000D+01   0.40000000D+01   0.26966940D-01   0.12983028D-03
   0.40000000D+01   0.45000000D+01   0.10198092D-01   0.71782919D-04
   0.45000000D+01   0.50000000D+01   0.00000000D+00   0.00000000D+00


# M(l1l2)- VBF CUTS index  11
   0.00000000D+00   0.10000000D+03   0.51782126D-02   0.61014807D-05
   0.10000000D+03   0.20000000D+03   0.50690021D-02   0.38332902D-05
   0.20000000D+03   0.30000000D+03   0.19102997D-02   0.23598142D-05
   0.30000000D+03   0.40000000D+03   0.76597170D-03   0.99278818D-06
   0.40000000D+03   0.50000000D+03   0.33738135D-03   0.69101377D-06
   0.50000000D+03   0.60000000D+03   0.16042757D-03   0.40958326D-06
   0.60000000D+03   0.70000000D+03   0.80999408D-04   0.27494296D-06
   0.70000000D+03   0.80000000D+03   0.43497305D-04   0.17354319D-06
   0.80000000D+03   0.90000000D+03   0.23941022D-04   0.16123596D-06
   0.90000000D+03   0.10000000D+04   0.13714856D-04   0.90654916D-07
   0.10000000D+04   0.11000000D+04   0.80465239D-05   0.58482991D-07
   0.11000000D+04   0.12000000D+04   0.48183218D-05   0.44813513D-07
   0.12000000D+04   0.13000000D+04   0.29913279D-05   0.38964705D-07
   0.13000000D+04   0.14000000D+04   0.18817049D-05   0.37859465D-07
   0.14000000D+04   0.15000000D+04   0.11471343D-05   0.14770860D-07
   0.15000000D+04   0.16000000D+04   0.73863758D-06   0.17868347D-07
   0.16000000D+04   0.17000000D+04   0.49536921D-06   0.11644664D-07
   0.17000000D+04   0.18000000D+04   0.32389585D-06   0.81285502D-08
   0.18000000D+04   0.19000000D+04   0.21524243D-06   0.59685373D-08
   0.19000000D+04   0.20000000D+04   0.15086052D-06   0.53859591D-08
   0.20000000D+04   0.21000000D+04   0.87465106D-07   0.44554228D-08
   0.21000000D+04   0.22000000D+04   0.68456962D-07   0.30982752D-08
   0.22000000D+04   0.23000000D+04   0.44235354D-07   0.33156595D-08
   0.23000000D+04   0.24000000D+04   0.30763614D-07   0.16741805D-08
   0.24000000D+04   0.25000000D+04   0.18304229D-07   0.18432447D-08
   0.25000000D+04   0.26000000D+04   0.13677813D-07   0.10802224D-08
   0.26000000D+04   0.27000000D+04   0.78604173D-08   0.69561321D-09
   0.27000000D+04   0.28000000D+04   0.68951676D-08   0.53583927D-09
   0.28000000D+04   0.29000000D+04   0.55082706D-08   0.73491714D-09
   0.29000000D+04   0.30000000D+04   0.36236103D-08   0.46907542D-09
   0.30000000D+04   0.31000000D+04   0.18010955D-08   0.32171284D-09
   0.31000000D+04   0.32000000D+04   0.90578727D-09   0.15015802D-09
   0.32000000D+04   0.33000000D+04   0.10548106D-08   0.10445950D-09
   0.33000000D+04   0.34000000D+04   0.99281324D-09   0.27865831D-09
   0.34000000D+04   0.35000000D+04   0.43035990D-09   0.20056496D-09
   0.35000000D+04   0.36000000D+04   0.46116340D-09   0.64103806D-10
   0.36000000D+04   0.37000000D+04   0.19544875D-09   0.30996890D-10
   0.37000000D+04   0.38000000D+04   0.26924675D-09   0.48084290D-10
   0.38000000D+04   0.39000000D+04   0.10538562D-09   0.28043470D-10
   0.39000000D+04   0.40000000D+04   0.62412027D-10   0.99208527D-11


# zstar -electron- VBF CUTS index  12
   0.00000000D+00   0.50000000D-01   0.37263135D+01   0.73381031D-02
   0.50000000D-01   0.10000000D+00   0.36207110D+01   0.83457493D-02
   0.10000000D+00   0.15000000D+00   0.34754026D+01   0.74743267D-02
   0.15000000D+00   0.20000000D+00   0.32179647D+01   0.62558741D-02
   0.20000000D+00   0.25000000D+00   0.29000939D+01   0.83122046D-02
   0.25000000D+00   0.30000000D+00   0.25066246D+01   0.56436845D-02
   0.30000000D+00   0.35000000D+00   0.20702290D+01   0.45098173D-02
   0.35000000D+00   0.40000000D+00   0.16309915D+01   0.38356953D-02
   0.40000000D+00   0.45000000D+00   0.12095681D+01   0.30568654D-02
   0.45000000D+00   0.50000000D+00   0.83044452D+00   0.22971580D-02
   0.50000000D+00   0.55000000D+00   0.58825749D+00   0.16751331D-02
   0.55000000D+00   0.60000000D+00   0.43592223D+00   0.16108562D-02
   0.60000000D+00   0.65000000D+00   0.30798682D+00   0.10775176D-02
   0.65000000D+00   0.70000000D+00   0.21246655D+00   0.96237950D-03
   0.70000000D+00   0.75000000D+00   0.14749771D+00   0.10910031D-02
   0.75000000D+00   0.80000000D+00   0.10207423D+00   0.71895279D-03
   0.80000000D+00   0.85000000D+00   0.69430262D-01   0.61817108D-03
   0.85000000D+00   0.90000000D+00   0.48019094D-01   0.54129873D-03
   0.90000000D+00   0.95000000D+00   0.34306563D-01   0.46946806D-03
   0.95000000D+00   0.10000000D+01   0.23963449D-01   0.39115998D-03
   0.10000000D+01   0.10500000D+01   0.16408491D-01   0.32170610D-03
   0.10500000D+01   0.11000000D+01   0.11867044D-01   0.30068854D-03
   0.11000000D+01   0.11500000D+01   0.76861189D-02   0.24586238D-03
   0.11500000D+01   0.12000000D+01   0.59244617D-02   0.21979928D-03
   0.12000000D+01   0.12500000D+01   0.39139419D-02   0.19263074D-03
   0.12500000D+01   0.13000000D+01   0.24706253D-02   0.15115340D-03
   0.13000000D+01   0.13500000D+01   0.19261629D-02   0.13936029D-03
   0.13500000D+01   0.14000000D+01   0.12323141D-02   0.13480605D-03
   0.14000000D+01   0.14500000D+01   0.84064324D-03   0.67335468D-04
   0.14500000D+01   0.15000000D+01   0.53325909D-03   0.51444251D-04


# zstar -muon- VBF CUTS index  13
   0.00000000D+00   0.50000000D-01   0.37075790D+01   0.92100071D-02
   0.50000000D-01   0.10000000D+00   0.36499002D+01   0.71214644D-02
   0.10000000D+00   0.15000000D+00   0.34635322D+01   0.68915416D-02
   0.15000000D+00   0.20000000D+00   0.32257678D+01   0.58691315D-02
   0.20000000D+00   0.25000000D+00   0.28978398D+01   0.53025231D-02
   0.25000000D+00   0.30000000D+00   0.25058325D+01   0.49690833D-02
   0.30000000D+00   0.35000000D+00   0.20704444D+01   0.51301993D-02
   0.35000000D+00   0.40000000D+00   0.16369214D+01   0.44181288D-02
   0.40000000D+00   0.45000000D+00   0.12059416D+01   0.27026973D-02
   0.45000000D+00   0.50000000D+00   0.83302091D+00   0.19564654D-02
   0.50000000D+00   0.55000000D+00   0.58933693D+00   0.16598981D-02
   0.55000000D+00   0.60000000D+00   0.43271396D+00   0.14256633D-02
   0.60000000D+00   0.65000000D+00   0.30817765D+00   0.12137276D-02
   0.65000000D+00   0.70000000D+00   0.21246398D+00   0.92437687D-03
   0.70000000D+00   0.75000000D+00   0.14656267D+00   0.84172971D-03
   0.75000000D+00   0.80000000D+00   0.10119857D+00   0.72714644D-03
   0.80000000D+00   0.85000000D+00   0.69654427D-01   0.65190147D-03
   0.85000000D+00   0.90000000D+00   0.48437094D-01   0.47780477D-03
   0.90000000D+00   0.95000000D+00   0.33589002D-01   0.37503899D-03
   0.95000000D+00   0.10000000D+01   0.24319487D-01   0.42350777D-03
   0.10000000D+01   0.10500000D+01   0.16483039D-01   0.36235608D-03
   0.10500000D+01   0.11000000D+01   0.11766974D-01   0.32907931D-03
   0.11000000D+01   0.11500000D+01   0.80065967D-02   0.24219063D-03
   0.11500000D+01   0.12000000D+01   0.56887071D-02   0.19324843D-03
   0.12000000D+01   0.12500000D+01   0.38873443D-02   0.16428445D-03
   0.12500000D+01   0.13000000D+01   0.26639285D-02   0.12851793D-03
   0.13000000D+01   0.13500000D+01   0.18318006D-02   0.11048970D-03
   0.13500000D+01   0.14000000D+01   0.12917875D-02   0.11852385D-03
   0.14000000D+01   0.14500000D+01   0.78767095D-03   0.67055352D-04
   0.14500000D+01   0.15000000D+01   0.60098152D-03   0.66556341D-04


# zstar -j3- VBF CUTS index  14
   0.00000000D+00   0.50000000D-01   0.89619064D-01   0.17571818D-03
   0.50000000D-01   0.10000000D+00   0.98841456D-01   0.17175538D-03
   0.10000000D+00   0.15000000D+00   0.11899305D+00   0.19021084D-03
   0.15000000D+00   0.20000000D+00   0.15187439D+00   0.20220697D-03
   0.20000000D+00   0.25000000D+00   0.20305234D+00   0.25235966D-03
   0.25000000D+00   0.30000000D+00   0.28232409D+00   0.27456473D-03
   0.30000000D+00   0.35000000D+00   0.41114986D+00   0.38391581D-03
   0.35000000D+00   0.40000000D+00   0.60428046D+00   0.66424663D-03
   0.40000000D+00   0.45000000D+00   0.71382349D+00   0.10021133D-02
   0.45000000D+00   0.50000000D+00   0.65591418D+00   0.11994688D-02
   0.50000000D+00   0.55000000D+00   0.68789443D+00   0.12746436D-02
   0.55000000D+00   0.60000000D+00   0.81407911D+00   0.16364453D-02
   0.60000000D+00   0.65000000D+00   0.77602315D+00   0.10396214D-02
   0.65000000D+00   0.70000000D+00   0.58557381D+00   0.78747691D-03
   0.70000000D+00   0.75000000D+00   0.43835238D+00   0.71478031D-03
   0.75000000D+00   0.80000000D+00   0.33718826D+00   0.49986859D-03
   0.80000000D+00   0.85000000D+00   0.26392843D+00   0.43397766D-03
   0.85000000D+00   0.90000000D+00   0.20750283D+00   0.41307782D-03
   0.90000000D+00   0.95000000D+00   0.16407135D+00   0.42141258D-03
   0.95000000D+00   0.10000000D+01   0.13059759D+00   0.33028492D-03
   0.10000000D+01   0.10500000D+01   0.10361601D+00   0.26960544D-03
   0.10500000D+01   0.11000000D+01   0.82036357D-01   0.26452373D-03
   0.11000000D+01   0.11500000D+01   0.64636236D-01   0.22130992D-03
   0.11500000D+01   0.12000000D+01   0.51409214D-01   0.20192267D-03
   0.12000000D+01   0.12500000D+01   0.40307333D-01   0.17851532D-03
   0.12500000D+01   0.13000000D+01   0.31894360D-01   0.16238890D-03
   0.13000000D+01   0.13500000D+01   0.25009373D-01   0.16210652D-03
   0.13500000D+01   0.14000000D+01   0.19842039D-01   0.12667515D-03
   0.14000000D+01   0.14500000D+01   0.15314030D-01   0.10865250D-03
   0.14500000D+01   0.15000000D+01   0.12142024D-01   0.10857535D-03


