# sig(all VBF cuts) index   0
   0.00000000D+00   0.10000000D+01   0.13347459D+01   0.16042218D-02


# Njets - inclusive index   1
  -0.50000000D+00   0.50000000D+00   0.13347459D+01   0.16042218D-02
   0.50000000D+00   0.15000000D+01   0.13347459D+01   0.16042218D-02
   0.15000000D+01   0.25000000D+01   0.13347459D+01   0.16042218D-02
   0.25000000D+01   0.35000000D+01   0.52597417D+00   0.54649114D-03
   0.35000000D+01   0.45000000D+01   0.00000000D+00   0.00000000D+00


# Njets - exclusive index   2
  -0.50000000D+00   0.50000000D+00   0.00000000D+00   0.00000000D+00
   0.50000000D+00   0.15000000D+01   0.00000000D+00   0.00000000D+00
   0.15000000D+01   0.25000000D+01   0.80877173D+00   0.12477413D-02
   0.25000000D+01   0.35000000D+01   0.52597417D+00   0.54649114D-03
   0.35000000D+01   0.45000000D+01   0.00000000D+00   0.00000000D+00


# M_j1j2(tag) - VBF CUTS index   3
   0.00000000D+00   0.10000000D+03   0.00000000D+00   0.00000000D+00
   0.10000000D+03   0.20000000D+03   0.00000000D+00   0.00000000D+00
   0.20000000D+03   0.30000000D+03   0.00000000D+00   0.00000000D+00
   0.30000000D+03   0.40000000D+03   0.00000000D+00   0.00000000D+00
   0.40000000D+03   0.50000000D+03   0.00000000D+00   0.00000000D+00
   0.50000000D+03   0.60000000D+03   0.85152172D-03   0.23511130D-05
   0.60000000D+03   0.70000000D+03   0.90590277D-03   0.20027986D-05
   0.70000000D+03   0.80000000D+03   0.91720466D-03   0.20835266D-05
   0.80000000D+03   0.90000000D+03   0.89130440D-03   0.19690101D-05
   0.90000000D+03   0.10000000D+04   0.85307922D-03   0.18858002D-05
   0.10000000D+04   0.11000000D+04   0.80698795D-03   0.20219101D-05
   0.11000000D+04   0.12000000D+04   0.75168566D-03   0.21448635D-05
   0.12000000D+04   0.13000000D+04   0.69714987D-03   0.22259683D-05
   0.13000000D+04   0.14000000D+04   0.64384656D-03   0.22596209D-05
   0.14000000D+04   0.15000000D+04   0.60156724D-03   0.77837792D-05
   0.15000000D+04   0.16000000D+04   0.53125093D-03   0.77663886D-05
   0.16000000D+04   0.17000000D+04   0.49502239D-03   0.24790486D-05
   0.17000000D+04   0.18000000D+04   0.44509447D-03   0.24800766D-05
   0.18000000D+04   0.19000000D+04   0.41041644D-03   0.22125766D-05
   0.19000000D+04   0.20000000D+04   0.36983339D-03   0.24066182D-05
   0.20000000D+04   0.21000000D+04   0.33414789D-03   0.24526261D-05
   0.21000000D+04   0.22000000D+04   0.29799857D-03   0.24089017D-05
   0.22000000D+04   0.23000000D+04   0.27538954D-03   0.29383372D-05
   0.23000000D+04   0.24000000D+04   0.24358628D-03   0.30501561D-05
   0.24000000D+04   0.25000000D+04   0.22331246D-03   0.26609503D-05
   0.25000000D+04   0.26000000D+04   0.19771402D-03   0.25075243D-05
   0.26000000D+04   0.27000000D+04   0.17780217D-03   0.25455177D-05
   0.27000000D+04   0.28000000D+04   0.15829664D-03   0.23236015D-05
   0.28000000D+04   0.29000000D+04   0.14372019D-03   0.23475411D-05
   0.29000000D+04   0.30000000D+04   0.13836130D-03   0.25950218D-05
   0.30000000D+04   0.31000000D+04   0.11754240D-03   0.29956548D-05
   0.31000000D+04   0.32000000D+04   0.10099711D-03   0.36078873D-05
   0.32000000D+04   0.33000000D+04   0.90142550D-04   0.32488976D-05
   0.33000000D+04   0.34000000D+04   0.82506161D-04   0.29936536D-05
   0.34000000D+04   0.35000000D+04   0.69304871D-04   0.28071318D-05
   0.35000000D+04   0.36000000D+04   0.64757017D-04   0.27628904D-05
   0.36000000D+04   0.37000000D+04   0.59069090D-04   0.28546122D-05
   0.37000000D+04   0.38000000D+04   0.48678862D-04   0.28042945D-05
   0.38000000D+04   0.39000000D+04   0.47519445D-04   0.27572639D-05
   0.39000000D+04   0.40000000D+04   0.38528144D-04   0.25326905D-05


# PT jet 1- VBF CUTS index   4
   0.00000000D+00   0.25000000D+02   0.00000000D+00   0.00000000D+00
   0.25000000D+02   0.50000000D+02   0.36609945D-03   0.39343500D-05
   0.50000000D+02   0.75000000D+02   0.23350667D-02   0.12047256D-04
   0.75000000D+02   0.10000000D+03   0.46446379D-02   0.19386761D-04
   0.10000000D+03   0.12500000D+03   0.60414129D-02   0.28037472D-04
   0.12500000D+03   0.15000000D+03   0.63149849D-02   0.24612643D-04
   0.15000000D+03   0.17500000D+03   0.59467729D-02   0.17093970D-04
   0.17500000D+03   0.20000000D+03   0.51963674D-02   0.17541501D-04
   0.20000000D+03   0.22500000D+03   0.43322415D-02   0.17040584D-04
   0.22500000D+03   0.25000000D+03   0.35797985D-02   0.15751738D-04
   0.25000000D+03   0.27500000D+03   0.28865454D-02   0.14949681D-04
   0.27500000D+03   0.30000000D+03   0.23120926D-02   0.10433534D-04
   0.30000000D+03   0.32500000D+03   0.18471802D-02   0.81499979D-05
   0.32500000D+03   0.35000000D+03   0.14674792D-02   0.79656310D-05
   0.35000000D+03   0.37500000D+03   0.11751663D-02   0.68828805D-05
   0.37500000D+03   0.40000000D+03   0.93648428D-03   0.62729138D-05
   0.40000000D+03   0.42500000D+03   0.74607813D-03   0.45184439D-05
   0.42500000D+03   0.45000000D+03   0.60902968D-03   0.42851873D-05
   0.45000000D+03   0.47500000D+03   0.49391440D-03   0.40398237D-05
   0.47500000D+03   0.50000000D+03   0.39107728D-03   0.37018919D-05
   0.50000000D+03   0.52500000D+03   0.31973193D-03   0.28474466D-05
   0.52500000D+03   0.55000000D+03   0.25950681D-03   0.29900307D-05
   0.55000000D+03   0.57500000D+03   0.21401312D-03   0.31876507D-05
   0.57500000D+03   0.60000000D+03   0.16788258D-03   0.27153202D-05
   0.60000000D+03   0.62500000D+03   0.14031991D-03   0.22962012D-05
   0.62500000D+03   0.65000000D+03   0.11436443D-03   0.21607616D-05
   0.65000000D+03   0.67500000D+03   0.93406455D-04   0.17918635D-05
   0.67500000D+03   0.70000000D+03   0.79165148D-04   0.15546805D-05
   0.70000000D+03   0.72500000D+03   0.62799981D-04   0.13265097D-05
   0.72500000D+03   0.75000000D+03   0.53589795D-04   0.11983216D-05
   0.75000000D+03   0.77500000D+03   0.42822195D-04   0.11894316D-05
   0.77500000D+03   0.80000000D+03   0.37135822D-04   0.11029987D-05
   0.80000000D+03   0.82500000D+03   0.28125575D-04   0.10489286D-05
   0.82500000D+03   0.85000000D+03   0.25663920D-04   0.10675502D-05
   0.85000000D+03   0.87500000D+03   0.21140422D-04   0.11642530D-05
   0.87500000D+03   0.90000000D+03   0.18898122D-04   0.20537400D-05
   0.90000000D+03   0.92500000D+03   0.12317899D-04   0.18751708D-05
   0.92500000D+03   0.95000000D+03   0.11874996D-04   0.63387592D-06
   0.95000000D+03   0.97500000D+03   0.11041266D-04   0.58309392D-06
   0.97500000D+03   0.10000000D+04   0.87725152D-05   0.64595988D-06


# PT jet 2- VBF CUTS index   5
   0.00000000D+00   0.25000000D+02   0.00000000D+00   0.00000000D+00
   0.25000000D+02   0.50000000D+02   0.74473231D-02   0.23529241D-04
   0.50000000D+02   0.75000000D+02   0.11648428D-01   0.33308949D-04
   0.75000000D+02   0.10000000D+03   0.10289979D-01   0.31818284D-04
   0.10000000D+03   0.12500000D+03   0.76267015D-02   0.22004023D-04
   0.12500000D+03   0.15000000D+03   0.52353855D-02   0.17329220D-04
   0.15000000D+03   0.17500000D+03   0.34544244D-02   0.13086858D-04
   0.17500000D+03   0.20000000D+03   0.23400894D-02   0.12614359D-04
   0.20000000D+03   0.22500000D+03   0.15723114D-02   0.12936174D-04
   0.22500000D+03   0.25000000D+03   0.10774770D-02   0.51545086D-05
   0.25000000D+03   0.27500000D+03   0.74713855D-03   0.37776219D-05
   0.27500000D+03   0.30000000D+03   0.52098064D-03   0.31345168D-05
   0.30000000D+03   0.32500000D+03   0.37951500D-03   0.26400749D-05
   0.32500000D+03   0.35000000D+03   0.27000155D-03   0.26124716D-05
   0.35000000D+03   0.37500000D+03   0.19717861D-03   0.18223623D-05
   0.37500000D+03   0.40000000D+03   0.14545792D-03   0.15337812D-05
   0.40000000D+03   0.42500000D+03   0.10654245D-03   0.11265503D-05
   0.42500000D+03   0.45000000D+03   0.80729178D-04   0.15902240D-05
   0.45000000D+03   0.47500000D+03   0.58777290D-04   0.15287120D-05
   0.47500000D+03   0.50000000D+03   0.45801427D-04   0.86233991D-06
   0.50000000D+03   0.52500000D+03   0.34211432D-04   0.93810997D-06
   0.52500000D+03   0.55000000D+03   0.26819702D-04   0.10605511D-05
   0.55000000D+03   0.57500000D+03   0.18401115D-04   0.91499280D-06
   0.57500000D+03   0.60000000D+03   0.14904424D-04   0.77042207D-06
   0.60000000D+03   0.62500000D+03   0.12176870D-04   0.80550713D-06
   0.62500000D+03   0.65000000D+03   0.84752810D-05   0.50495507D-06
   0.65000000D+03   0.67500000D+03   0.70396446D-05   0.34351650D-06
   0.67500000D+03   0.70000000D+03   0.47904240D-05   0.33179255D-06
   0.70000000D+03   0.72500000D+03   0.45795868D-05   0.30169704D-06
   0.72500000D+03   0.75000000D+03   0.30428103D-05   0.26156046D-06
   0.75000000D+03   0.77500000D+03   0.24888323D-05   0.23124198D-06
   0.77500000D+03   0.80000000D+03   0.19245826D-05   0.18625607D-06
   0.80000000D+03   0.82500000D+03   0.22731296D-05   0.39319670D-06
   0.82500000D+03   0.85000000D+03   0.90129242D-06   0.44701473D-06
   0.85000000D+03   0.87500000D+03   0.83730567D-06   0.20927846D-06
   0.87500000D+03   0.90000000D+03   0.65471833D-06   0.24566824D-06
   0.90000000D+03   0.92500000D+03   0.43071710D-06   0.20613617D-06
   0.92500000D+03   0.95000000D+03   0.59295740D-06   0.15534906D-06
   0.95000000D+03   0.97500000D+03   0.12468642D-06   0.14062228D-06
   0.97500000D+03   0.10000000D+04   0.19693680D-07   0.88645634D-07


# Y jet 1- VBF CUTS index   6
  -0.50000000D+01  -0.45000000D+01   0.00000000D+00   0.00000000D+00
  -0.45000000D+01  -0.40000000D+01   0.18620477D-01   0.87281244D-03
  -0.40000000D+01  -0.35000000D+01   0.66255934D-01   0.10237265D-02
  -0.35000000D+01  -0.30000000D+01   0.14859276D+00   0.10594252D-02
  -0.30000000D+01  -0.25000000D+01   0.23505773D+00   0.83937352D-03
  -0.25000000D+01  -0.20000000D+01   0.27128357D+00   0.61934819D-03
  -0.20000000D+01  -0.15000000D+01   0.24306079D+00   0.47668122D-03
  -0.15000000D+01  -0.10000000D+01   0.17651872D+00   0.44566012D-03
  -0.10000000D+01  -0.50000000D+00   0.10812658D+00   0.37179036D-03
  -0.50000000D+00   0.00000000D+00   0.65985237D-01   0.33352884D-03
   0.00000000D+00   0.50000000D+00   0.66453196D-01   0.35552502D-03
   0.50000000D+00   0.10000000D+01   0.10837591D+00   0.37153886D-03
   0.10000000D+01   0.15000000D+01   0.17680811D+00   0.39565124D-03
   0.15000000D+01   0.20000000D+01   0.24400034D+00   0.48173783D-03
   0.20000000D+01   0.25000000D+01   0.27044728D+00   0.64170592D-03
   0.25000000D+01   0.30000000D+01   0.23770541D+00   0.98164219D-03
   0.30000000D+01   0.35000000D+01   0.14886663D+00   0.95989214D-03
   0.35000000D+01   0.40000000D+01   0.65276954D-01   0.92831331D-03
   0.40000000D+01   0.45000000D+01   0.18056160D-01   0.56229055D-03
   0.45000000D+01   0.50000000D+01   0.00000000D+00   0.00000000D+00


# Y jet 2- VBF CUTS index   7
  -0.50000000D+01  -0.45000000D+01   0.00000000D+00   0.00000000D+00
  -0.45000000D+01  -0.40000000D+01   0.71729467D-01   0.10013091D-02
  -0.40000000D+01  -0.35000000D+01   0.14836724D+00   0.11269823D-02
  -0.35000000D+01  -0.30000000D+01   0.22353540D+00   0.10291406D-02
  -0.30000000D+01  -0.25000000D+01   0.25815601D+00   0.66708469D-03
  -0.25000000D+01  -0.20000000D+01   0.23980201D+00   0.47626486D-03
  -0.20000000D+01  -0.15000000D+01   0.18522177D+00   0.36358037D-03
  -0.15000000D+01  -0.10000000D+01   0.11845873D+00   0.26845466D-03
  -0.10000000D+01  -0.50000000D+00   0.61534976D-01   0.19443191D-03
  -0.50000000D+00   0.00000000D+00   0.29249279D-01   0.14158833D-03
   0.00000000D+00   0.50000000D+00   0.29444593D-01   0.14557171D-03
   0.50000000D+00   0.10000000D+01   0.61599345D-01   0.19165195D-03
   0.10000000D+01   0.15000000D+01   0.11794189D+00   0.25750546D-03
   0.15000000D+01   0.20000000D+01   0.18502362D+00   0.35635696D-03
   0.20000000D+01   0.25000000D+01   0.24045301D+00   0.49852897D-03
   0.25000000D+01   0.30000000D+01   0.25701906D+00   0.69667903D-03
   0.30000000D+01   0.35000000D+01   0.22308314D+00   0.10156299D-02
   0.35000000D+01   0.40000000D+01   0.14839051D+00   0.12546739D-02
   0.40000000D+01   0.45000000D+01   0.70481751D-01   0.10141165D-02
   0.45000000D+01   0.50000000D+01   0.00000000D+00   0.00000000D+00


# M(l1l2)- VBF CUTS index   8
   0.00000000D+00   0.10000000D+03   0.50984339D-02   0.11402922D-04
   0.10000000D+03   0.20000000D+03   0.49751803D-02   0.10013583D-04
   0.20000000D+03   0.30000000D+03   0.18683146D-02   0.45282765D-05
   0.30000000D+03   0.40000000D+03   0.74654159D-03   0.23460569D-05
   0.40000000D+03   0.50000000D+03   0.32897813D-03   0.14060724D-05
   0.50000000D+03   0.60000000D+03   0.15573748D-03   0.10760919D-05
   0.60000000D+03   0.70000000D+03   0.77734396D-04   0.67316146D-06
   0.70000000D+03   0.80000000D+03   0.41560588D-04   0.57370459D-06
   0.80000000D+03   0.90000000D+03   0.22462471D-04   0.33478496D-06
   0.90000000D+03   0.10000000D+04   0.12787199D-04   0.16679830D-06
   0.10000000D+04   0.11000000D+04   0.74825469D-05   0.16144513D-06
   0.11000000D+04   0.12000000D+04   0.44983096D-05   0.88500861D-07
   0.12000000D+04   0.13000000D+04   0.26882248D-05   0.68517936D-07
   0.13000000D+04   0.14000000D+04   0.17661753D-05   0.79166842D-07
   0.14000000D+04   0.15000000D+04   0.11689382D-05   0.44392414D-07
   0.15000000D+04   0.16000000D+04   0.78787212D-06   0.58025533D-07
   0.16000000D+04   0.17000000D+04   0.45396450D-06   0.23468309D-07
   0.17000000D+04   0.18000000D+04   0.29779493D-06   0.21083753D-07
   0.18000000D+04   0.19000000D+04   0.20520596D-06   0.14169779D-07
   0.19000000D+04   0.20000000D+04   0.11063374D-06   0.61042169D-08
   0.20000000D+04   0.21000000D+04   0.84623200D-07   0.77444048D-08
   0.21000000D+04   0.22000000D+04   0.60342265D-07   0.61005716D-08
   0.22000000D+04   0.23000000D+04   0.32819278D-07   0.35818250D-08
   0.23000000D+04   0.24000000D+04   0.25570073D-07   0.32848085D-08
   0.24000000D+04   0.25000000D+04   0.18584407D-07   0.21958784D-08
   0.25000000D+04   0.26000000D+04   0.17577042D-07   0.47762970D-08
   0.26000000D+04   0.27000000D+04   0.88108435D-08   0.16481755D-08
   0.27000000D+04   0.28000000D+04   0.63137570D-08   0.10745638D-08
   0.28000000D+04   0.29000000D+04   0.58280848D-08   0.28904531D-08
   0.29000000D+04   0.30000000D+04   0.23041426D-08   0.43365202D-09
   0.30000000D+04   0.31000000D+04   0.16635265D-08   0.32475476D-09
   0.31000000D+04   0.32000000D+04   0.78467628D-09   0.11091948D-09
   0.32000000D+04   0.33000000D+04   0.86965957D-09   0.17315211D-09
   0.33000000D+04   0.34000000D+04   0.62694251D-09   0.25026858D-09
   0.34000000D+04   0.35000000D+04   0.73446710D-09   0.32360003D-09
   0.35000000D+04   0.36000000D+04   0.38619167D-09   0.10702075D-09
   0.36000000D+04   0.37000000D+04   0.23140739D-09   0.86160831D-10
   0.37000000D+04   0.38000000D+04   0.75369416D-10   0.25348669D-10
   0.38000000D+04   0.39000000D+04   0.18866590D-09   0.11805329D-09
   0.39000000D+04   0.40000000D+04   0.45063484D-10   0.11798798D-10


# zstar -electron- VBF CUTS index   9
   0.00000000D+00   0.50000000D-01   0.36804888D+01   0.14771673D-01
   0.50000000D-01   0.10000000D+00   0.35589840D+01   0.11783162D-01
   0.10000000D+00   0.15000000D+00   0.34114352D+01   0.11331822D-01
   0.15000000D+00   0.20000000D+00   0.31325113D+01   0.37743772D-01
   0.20000000D+00   0.25000000D+00   0.28907171D+01   0.37142709D-01
   0.25000000D+00   0.30000000D+00   0.24542629D+01   0.83120344D-02
   0.30000000D+00   0.35000000D+00   0.20332818D+01   0.77153112D-02
   0.35000000D+00   0.40000000D+00   0.15905597D+01   0.60274044D-02
   0.40000000D+00   0.45000000D+00   0.11742145D+01   0.46080090D-02
   0.45000000D+00   0.50000000D+00   0.81335445D+00   0.33604980D-02
   0.50000000D+00   0.55000000D+00   0.57025850D+00   0.22818631D-02
   0.55000000D+00   0.60000000D+00   0.42089198D+00   0.18616435D-02
   0.60000000D+00   0.65000000D+00   0.29551757D+00   0.15474361D-02
   0.65000000D+00   0.70000000D+00   0.20698475D+00   0.19668756D-02
   0.70000000D+00   0.75000000D+00   0.14174414D+00   0.16900869D-02
   0.75000000D+00   0.80000000D+00   0.97775365D-01   0.96934663D-03
   0.80000000D+00   0.85000000D+00   0.68774748D-01   0.91397168D-03
   0.85000000D+00   0.90000000D+00   0.46317882D-01   0.80739165D-03
   0.90000000D+00   0.95000000D+00   0.32204181D-01   0.63392719D-03
   0.95000000D+00   0.10000000D+01   0.23679296D-01   0.50438987D-03
   0.10000000D+01   0.10500000D+01   0.15320068D-01   0.53970571D-03
   0.10500000D+01   0.11000000D+01   0.11745248D-01   0.39970601D-03
   0.11000000D+01   0.11500000D+01   0.73316461D-02   0.27522961D-03
   0.11500000D+01   0.12000000D+01   0.54699094D-02   0.27456596D-03
   0.12000000D+01   0.12500000D+01   0.39362936D-02   0.20714296D-03
   0.12500000D+01   0.13000000D+01   0.23090973D-02   0.27464011D-03
   0.13000000D+01   0.13500000D+01   0.16296605D-02   0.11378060D-03
   0.13500000D+01   0.14000000D+01   0.10809255D-02   0.85056422D-04
   0.14000000D+01   0.14500000D+01   0.78989793D-03   0.92481807D-04
   0.14500000D+01   0.15000000D+01   0.49735243D-03   0.63601226D-04


# zstar -muon- VBF CUTS index  10
   0.00000000D+00   0.50000000D-01   0.36510050D+01   0.12729107D-01
   0.50000000D-01   0.10000000D+00   0.35616809D+01   0.11701982D-01
   0.10000000D+00   0.15000000D+00   0.34062416D+01   0.99276305D-02
   0.15000000D+00   0.20000000D+00   0.31860658D+01   0.12023902D-01
   0.20000000D+00   0.25000000D+00   0.28458783D+01   0.94749420D-02
   0.25000000D+00   0.30000000D+00   0.24785799D+01   0.12827684D-01
   0.30000000D+00   0.35000000D+00   0.20285964D+01   0.72754095D-02
   0.35000000D+00   0.40000000D+00   0.15914476D+01   0.59216588D-02
   0.40000000D+00   0.45000000D+00   0.11748324D+01   0.43329511D-02
   0.45000000D+00   0.50000000D+00   0.80851552D+00   0.35322716D-02
   0.50000000D+00   0.55000000D+00   0.57453926D+00   0.23497245D-02
   0.55000000D+00   0.60000000D+00   0.42016650D+00   0.18469077D-02
   0.60000000D+00   0.65000000D+00   0.29891242D+00   0.15517390D-02
   0.65000000D+00   0.70000000D+00   0.20556667D+00   0.13963442D-02
   0.70000000D+00   0.75000000D+00   0.14279824D+00   0.11182573D-02
   0.75000000D+00   0.80000000D+00   0.98118401D-01   0.90497099D-03
   0.80000000D+00   0.85000000D+00   0.67539795D-01   0.86447270D-03
   0.85000000D+00   0.90000000D+00   0.46322081D-01   0.78644010D-03
   0.90000000D+00   0.95000000D+00   0.32819248D-01   0.69392542D-03
   0.95000000D+00   0.10000000D+01   0.22259328D-01   0.64128682D-03
   0.10000000D+01   0.10500000D+01   0.16239429D-01   0.61048400D-03
   0.10500000D+01   0.11000000D+01   0.11399899D-01   0.41069393D-03
   0.11000000D+01   0.11500000D+01   0.76357904D-02   0.36306673D-03
   0.11500000D+01   0.12000000D+01   0.55783859D-02   0.31406307D-03
   0.12000000D+01   0.12500000D+01   0.39093535D-02   0.31546499D-03
   0.12500000D+01   0.13000000D+01   0.29840692D-02   0.26426095D-03
   0.13000000D+01   0.13500000D+01   0.18931757D-02   0.19616752D-03
   0.13500000D+01   0.14000000D+01   0.10186368D-02   0.40839641D-03
   0.14000000D+01   0.14500000D+01   0.75436435D-03   0.14259983D-03
   0.14500000D+01   0.15000000D+01   0.60985134D-03   0.72469182D-04


