# BEGIN PLOT
LegendOnly=//itp/scratch/rauch/Projekte/VBFNLO/VBSCAN/VBSComparison/parton-shower/VBFNLO/VBFNLO-NLO.yoda/MC_VBSCAN_MCComparison/m_ll //itp/scratch/rauch/Projekte/VBFNLO/VBSCAN/VBSComparison/parton-shower/VBFNLO/Herwig-MCatNLO-DipoleShower.yoda/MC_VBSCAN_MCComparison/m_ll //itp/scratch/rauch/Projekte/VBFNLO/VBSCAN/VBSComparison/parton-shower/VBFNLO/Herwig-MCatNLO-DefaultShower.yoda/MC_VBSCAN_MCComparison/m_ll //itp/scratch/rauch/Projekte/VBFNLO/VBSCAN/VBSComparison/parton-shower/Powheg/Powheg.yoda/MC_VBSCAN_MCComparison/m_ll //itp/scratch/rauch/Projekte/VBFNLO/VBSCAN/VBSComparison/parton-shower/Powheg/lhef.yoda/MC_VBSCAN_MCComparison/m_ll //itp/scratch/rauch/Projekte/VBFNLO/VBSCAN/VBSComparison/parton-shower/MG5_aMC/run_HWPP_5M_NLOPS.yoda/MC_VBSCAN_MCComparison/m_ll //itp/scratch/rauch/Projekte/VBFNLO/VBSCAN/VBSComparison/parton-shower/MG5_aMC/run_PY8_10M_NLOPS.yoda/MC_VBSCAN_MCComparison/m_ll
DrawOnly=//itp/scratch/rauch/Projekte/VBFNLO/VBSCAN/VBSComparison/parton-shower/VBFNLO/VBFNLO-NLO.yoda/MC_VBSCAN_MCComparison/m_ll //itp/scratch/rauch/Projekte/VBFNLO/VBSCAN/VBSComparison/parton-shower/VBFNLO/Herwig-MCatNLO-DipoleShower.yoda/MC_VBSCAN_MCComparison/m_ll //itp/scratch/rauch/Projekte/VBFNLO/VBSCAN/VBSComparison/parton-shower/VBFNLO/Herwig-MCatNLO-DefaultShower.yoda/MC_VBSCAN_MCComparison/m_ll //itp/scratch/rauch/Projekte/VBFNLO/VBSCAN/VBSComparison/parton-shower/Powheg/Powheg.yoda/MC_VBSCAN_MCComparison/m_ll //itp/scratch/rauch/Projekte/VBFNLO/VBSCAN/VBSComparison/parton-shower/Powheg/lhef.yoda/MC_VBSCAN_MCComparison/m_ll //itp/scratch/rauch/Projekte/VBFNLO/VBSCAN/VBSComparison/parton-shower/MG5_aMC/run_HWPP_5M_NLOPS.yoda/MC_VBSCAN_MCComparison/m_ll //itp/scratch/rauch/Projekte/VBFNLO/VBSCAN/VBSComparison/parton-shower/MG5_aMC/run_PY8_10M_NLOPS.yoda/MC_VBSCAN_MCComparison/m_ll
Title=Dilepton invariant mass
RatioPlot=1
LogY=1
RatioPlotYLabel=Ratio
RatioPlotSameStyle=1
RatioPlotReference=//itp/scratch/rauch/Projekte/VBFNLO/VBSCAN/VBSComparison/parton-shower/VBFNLO/VBFNLO-NLO.yoda/MC_VBSCAN_MCComparison/m_ll
XLabel=$m_{e,\mu}$~[GeV]
YLabel=$d~\sigma_{WW\to e^+\nu \mu^+\nu}/d~m_{e,\mu}$~[fb/GeV]
Legend=1
# END PLOT

# BEGIN HISTO1D //itp/scratch/rauch/Projekte/VBFNLO/VBSCAN/VBSComparison/parton-shower/VBFNLO/VBFNLO-NLO.yoda/MC_VBSCAN_MCComparison/m_ll
ErrorBandColor=red
ErrorBandOpacity=0.3
ErrorBands=1
LineColor=red
LineStyle=solid
Path=//itp/scratch/rauch/Projekte/VBFNLO/VBSCAN/VBSComparison/parton-shower/VBFNLO/VBFNLO-NLO.yoda/MC_VBSCAN_MCComparison/m_ll
RatioPlotErrorBandColor=red
ScaledBy=1
Title=NLO
XLabel=
YLabel=
# xlow	 xhigh	 val	 errminus	 errplus
0.000000e+00	1.000000e+02	5.207343e-03	7.175571e-07	7.175571e-07
1.000000e+02	2.000000e+02	5.106756e-03	6.404909e-07	6.404909e-07
2.000000e+02	3.000000e+02	1.926614e-03	4.338282e-07	4.338282e-07
3.000000e+02	4.000000e+02	7.734830e-04	3.661300e-07	3.661300e-07
4.000000e+02	5.000000e+02	3.413042e-04	1.903333e-07	1.903333e-07
5.000000e+02	6.000000e+02	1.627496e-04	1.096299e-07	1.096299e-07
6.000000e+02	7.000000e+02	8.226501e-05	7.725326e-08	7.725326e-08
7.000000e+02	8.000000e+02	4.374149e-05	5.360129e-08	5.360129e-08
8.000000e+02	9.000000e+02	2.421711e-05	4.221989e-08	4.221989e-08
9.000000e+02	1.000000e+03	1.383466e-05	3.234737e-08	3.234737e-08
1.000000e+03	1.100000e+03	8.035735e-06	2.349964e-08	2.349964e-08
1.100000e+03	1.200000e+03	4.831285e-06	1.635419e-08	1.635419e-08
1.200000e+03	1.300000e+03	2.966787e-06	1.169819e-08	1.169819e-08
1.300000e+03	1.400000e+03	1.826599e-06	1.532178e-08	1.532178e-08
1.400000e+03	1.500000e+03	1.142750e-06	9.041878e-09	9.041878e-09
1.500000e+03	1.600000e+03	7.518707e-07	5.038046e-09	5.038046e-09
1.600000e+03	1.700000e+03	4.769280e-07	4.061488e-09	4.061488e-09
1.700000e+03	1.800000e+03	3.167300e-07	2.990863e-09	2.990863e-09
1.800000e+03	1.900000e+03	2.084543e-07	2.432815e-09	2.432815e-09
1.900000e+03	2.000000e+03	1.417860e-07	1.664494e-09	1.664494e-09
2.000000e+03	2.100000e+03	9.117516e-08	1.604537e-09	1.604537e-09
2.100000e+03	2.200000e+03	6.169658e-08	8.516118e-10	8.516118e-10
2.200000e+03	2.300000e+03	4.353835e-08	1.806610e-09	1.806610e-09
2.300000e+03	2.400000e+03	2.863415e-08	5.129035e-10	5.129035e-10
2.400000e+03	2.500000e+03	2.033840e-08	4.383888e-10	4.383888e-10
2.500000e+03	2.600000e+03	1.405404e-08	6.209838e-10	6.209838e-10
2.600000e+03	2.700000e+03	9.071656e-09	2.290062e-10	2.290062e-10
2.700000e+03	2.800000e+03	6.589329e-09	2.317567e-10	2.317567e-10
2.800000e+03	2.900000e+03	4.581523e-09	1.250543e-10	1.250543e-10
2.900000e+03	3.000000e+03	3.243734e-09	8.121028e-11	8.121028e-11
3.000000e+03	3.100000e+03	2.220835e-09	1.451473e-10	1.451473e-10
3.100000e+03	3.200000e+03	1.521588e-09	7.373254e-11	7.373254e-11
3.200000e+03	3.300000e+03	1.144233e-09	5.847243e-11	5.847243e-11
3.300000e+03	3.400000e+03	6.743085e-10	9.387335e-11	9.387335e-11
3.400000e+03	3.500000e+03	5.273030e-10	4.046685e-11	4.046685e-11
3.500000e+03	3.600000e+03	3.782139e-10	2.689374e-11	2.689374e-11
3.600000e+03	3.700000e+03	2.656519e-10	1.532230e-11	1.532230e-11
3.700000e+03	3.800000e+03	1.771815e-10	1.726957e-11	1.726957e-11
3.800000e+03	3.900000e+03	1.247611e-10	9.828770e-12	9.828770e-12
3.900000e+03	4.000000e+03	7.122932e-11	2.083710e-11	2.083710e-11
# END HISTO1D

# BEGIN HISTO1D //itp/scratch/rauch/Projekte/VBFNLO/VBSCAN/VBSComparison/parton-shower/VBFNLO/Herwig-MCatNLO-DipoleShower.yoda/MC_VBSCAN_MCComparison/m_ll
ErrorBandColor=blue
ErrorBandOpacity=0.3
ErrorBands=1
LineColor=blue
LineStyle=solid
Path=//itp/scratch/rauch/Projekte/VBFNLO/VBSCAN/VBSComparison/parton-shower/VBFNLO/Herwig-MCatNLO-DipoleShower.yoda/MC_VBSCAN_MCComparison/m_ll
RatioPlotErrorBandColor=blue
ScaledBy=1.05355021816678726e-03
Title=VBFNLO 3+Herwig 7-Dipole
XLabel=
YLabel=
# xlow	 xhigh	 val	 errminus	 errplus
0.000000e+00	1.000000e+02	5.090664e-03	4.407803e-06	4.407803e-06
1.000000e+02	2.000000e+02	4.994341e-03	3.492495e-06	3.492495e-06
2.000000e+02	3.000000e+02	1.881564e-03	2.256358e-06	2.256358e-06
3.000000e+02	4.000000e+02	7.531341e-04	1.231093e-06	1.231093e-06
4.000000e+02	5.000000e+02	3.320165e-04	8.000476e-07	8.000476e-07
5.000000e+02	6.000000e+02	1.588338e-04	5.078927e-07	5.078927e-07
6.000000e+02	7.000000e+02	8.017886e-05	5.383583e-07	5.383583e-07
7.000000e+02	8.000000e+02	4.180095e-05	3.825214e-07	3.825214e-07
8.000000e+02	9.000000e+02	2.341143e-05	1.743508e-07	1.743508e-07
9.000000e+02	1.000000e+03	1.306680e-05	1.435985e-07	1.435985e-07
1.000000e+03	1.100000e+03	7.735938e-06	8.628181e-08	8.628181e-08
1.100000e+03	1.200000e+03	4.683867e-06	7.000161e-08	7.000161e-08
1.200000e+03	1.300000e+03	2.819497e-06	3.878229e-08	3.878229e-08
1.300000e+03	1.400000e+03	1.764321e-06	2.946393e-08	2.946393e-08
1.400000e+03	1.500000e+03	1.136757e-06	2.515375e-08	2.515375e-08
1.500000e+03	1.600000e+03	7.386319e-07	2.508006e-08	2.508006e-08
1.600000e+03	1.700000e+03	4.557925e-07	1.852487e-08	1.852487e-08
1.700000e+03	1.800000e+03	3.103219e-07	1.142274e-08	1.142274e-08
1.800000e+03	1.900000e+03	1.845032e-07	7.489464e-09	7.489464e-09
1.900000e+03	2.000000e+03	1.248810e-07	5.401896e-09	5.401896e-09
2.000000e+03	2.100000e+03	9.082754e-08	5.074587e-09	5.074587e-09
2.100000e+03	2.200000e+03	6.351383e-08	3.544401e-09	3.544401e-09
2.200000e+03	2.300000e+03	4.407084e-08	2.888162e-09	2.888162e-09
2.300000e+03	2.400000e+03	2.830308e-08	2.102205e-09	2.102205e-09
2.400000e+03	2.500000e+03	2.087047e-08	3.472816e-09	3.472816e-09
2.500000e+03	2.600000e+03	1.200305e-08	1.045029e-09	1.045029e-09
2.600000e+03	2.700000e+03	8.369786e-09	7.931038e-10	7.931038e-10
2.700000e+03	2.800000e+03	4.405566e-09	1.368635e-09	1.368635e-09
2.800000e+03	2.900000e+03	5.696529e-09	1.450793e-09	1.450793e-09
2.900000e+03	3.000000e+03	3.147200e-09	2.997952e-10	2.997952e-10
3.000000e+03	3.100000e+03	1.947462e-09	3.768180e-10	3.768180e-10
3.100000e+03	3.200000e+03	1.301163e-09	2.314706e-10	2.314706e-10
3.200000e+03	3.300000e+03	1.028264e-09	2.107974e-10	2.107974e-10
3.300000e+03	3.400000e+03	2.677211e-10	5.457138e-10	5.457138e-10
3.400000e+03	3.500000e+03	2.665751e-10	2.392826e-10	2.392826e-10
3.500000e+03	3.600000e+03	3.500924e-10	1.255151e-10	1.255151e-10
3.600000e+03	3.700000e+03	4.920985e-10	1.296881e-10	1.296881e-10
3.700000e+03	3.800000e+03	1.057591e-10	6.499240e-11	6.499240e-11
3.800000e+03	3.900000e+03	1.346531e-10	3.462485e-11	3.462485e-11
3.900000e+03	4.000000e+03	7.931319e-11	2.871328e-11	2.871328e-11
# END HISTO1D

# BEGIN HISTO1D //itp/scratch/rauch/Projekte/VBFNLO/VBSCAN/VBSComparison/parton-shower/VBFNLO/Herwig-MCatNLO-DefaultShower.yoda/MC_VBSCAN_MCComparison/m_ll
ErrorBandColor=cyan
ErrorBandOpacity=0.3
ErrorBands=1
LineColor=cyan
LineStyle=solid
Path=//itp/scratch/rauch/Projekte/VBFNLO/VBSCAN/VBSComparison/parton-shower/VBFNLO/Herwig-MCatNLO-DefaultShower.yoda/MC_VBSCAN_MCComparison/m_ll
RatioPlotErrorBandColor=cyan
ScaledBy=6.13846458628156426e-05
Title=VBFNLO 3+Herwig 7-QTilde
XLabel=
YLabel=
# xlow	 xhigh	 val	 errminus	 errplus
0.000000e+00	1.000000e+02	4.975940e-03	4.440668e-06	4.440668e-06
1.000000e+02	2.000000e+02	4.868373e-03	3.942649e-06	3.942649e-06
2.000000e+02	3.000000e+02	1.838683e-03	2.481163e-06	2.481163e-06
3.000000e+02	4.000000e+02	7.327647e-04	1.500382e-06	1.500382e-06
4.000000e+02	5.000000e+02	3.227494e-04	1.543710e-06	1.543710e-06
5.000000e+02	6.000000e+02	1.540895e-04	7.512231e-07	7.512231e-07
6.000000e+02	7.000000e+02	7.816927e-05	4.560830e-07	4.560830e-07
7.000000e+02	8.000000e+02	4.114148e-05	3.103796e-07	3.103796e-07
8.000000e+02	9.000000e+02	2.257165e-05	2.690324e-07	2.690324e-07
9.000000e+02	1.000000e+03	1.274638e-05	1.548652e-07	1.548652e-07
1.000000e+03	1.100000e+03	7.565289e-06	1.668066e-07	1.668066e-07
1.100000e+03	1.200000e+03	4.452033e-06	9.454903e-08	9.454903e-08
1.200000e+03	1.300000e+03	2.696365e-06	7.253539e-08	7.253539e-08
1.300000e+03	1.400000e+03	1.793112e-06	4.967145e-08	4.967145e-08
1.400000e+03	1.500000e+03	1.092016e-06	7.040217e-08	7.040217e-08
1.500000e+03	1.600000e+03	6.887563e-07	2.190238e-08	2.190238e-08
1.600000e+03	1.700000e+03	4.438849e-07	1.653884e-08	1.653884e-08
1.700000e+03	1.800000e+03	3.102534e-07	1.478613e-08	1.478613e-08
1.800000e+03	1.900000e+03	1.861809e-07	8.568172e-09	8.568172e-09
1.900000e+03	2.000000e+03	1.275557e-07	8.042592e-09	8.042592e-09
2.000000e+03	2.100000e+03	7.082351e-08	1.181329e-08	1.181329e-08
2.100000e+03	2.200000e+03	7.218276e-08	1.326855e-08	1.326855e-08
2.200000e+03	2.300000e+03	3.502893e-08	3.610454e-09	3.610454e-09
2.300000e+03	2.400000e+03	2.613959e-08	2.301602e-09	2.301602e-09
2.400000e+03	2.500000e+03	2.125759e-08	4.610346e-09	4.610346e-09
2.500000e+03	2.600000e+03	1.248996e-08	1.163817e-09	1.163817e-09
2.600000e+03	2.700000e+03	7.790669e-09	1.042982e-09	1.042982e-09
2.700000e+03	2.800000e+03	4.036657e-09	1.680663e-09	1.680663e-09
2.800000e+03	2.900000e+03	4.240896e-09	4.762505e-10	4.762505e-10
2.900000e+03	3.000000e+03	2.898554e-09	4.811286e-10	4.811286e-10
3.000000e+03	3.100000e+03	1.779136e-09	3.452669e-10	3.452669e-10
3.100000e+03	3.200000e+03	1.262959e-09	2.354863e-10	2.354863e-10
3.200000e+03	3.300000e+03	1.062057e-09	2.003567e-10	2.003567e-10
3.300000e+03	3.400000e+03	9.531709e-10	1.396827e-10	1.396827e-10
3.400000e+03	3.500000e+03	6.105470e-10	1.088242e-10	1.088242e-10
3.500000e+03	3.600000e+03	4.253910e-10	8.473242e-11	8.473242e-11
3.600000e+03	3.700000e+03	2.436460e-10	4.863949e-11	4.863949e-11
3.700000e+03	3.800000e+03	1.937661e-10	6.136700e-11	6.136700e-11
3.800000e+03	3.900000e+03	1.533449e-10	2.620503e-11	2.620503e-11
3.900000e+03	4.000000e+03	1.795925e-10	4.528527e-11	4.528527e-11
# END HISTO1D

# BEGIN HISTO1D //itp/scratch/rauch/Projekte/VBFNLO/VBSCAN/VBSComparison/parton-shower/Powheg/Powheg.yoda/MC_VBSCAN_MCComparison/m_ll
ErrorBandColor=green
ErrorBandOpacity=0.3
ErrorBands=1
LineColor=green
LineStyle=solid
Path=//itp/scratch/rauch/Projekte/VBFNLO/VBSCAN/VBSComparison/parton-shower/Powheg/Powheg.yoda/MC_VBSCAN_MCComparison/m_ll
RatioPlotErrorBandColor=green
ScaledBy=3.25552498400246410e-05
Title=Powheg+Pythia 8
XLabel=
YLabel=
# xlow	 xhigh	 val	 errminus	 errplus
0.000000e+00	1.000000e+02	5.191892e-03	2.814848e-06	2.814848e-06
1.000000e+02	2.000000e+02	5.091921e-03	2.787671e-06	2.787671e-06
2.000000e+02	3.000000e+02	1.915027e-03	1.709639e-06	1.709639e-06
3.000000e+02	4.000000e+02	7.653952e-04	1.080918e-06	1.080918e-06
4.000000e+02	5.000000e+02	3.369794e-04	7.173134e-07	7.173134e-07
5.000000e+02	6.000000e+02	1.597536e-04	4.938576e-07	4.938576e-07
6.000000e+02	7.000000e+02	8.009651e-05	3.497629e-07	3.497629e-07
7.000000e+02	8.000000e+02	4.276575e-05	2.555650e-07	2.555650e-07
8.000000e+02	9.000000e+02	2.373569e-05	1.904285e-07	1.904285e-07
9.000000e+02	1.000000e+03	1.344707e-05	1.433055e-07	1.433055e-07
1.000000e+03	1.100000e+03	7.978524e-06	1.104194e-07	1.104194e-07
1.100000e+03	1.200000e+03	4.701058e-06	8.485822e-08	8.485822e-08
1.200000e+03	1.300000e+03	2.897536e-06	6.649155e-08	6.649155e-08
1.300000e+03	1.400000e+03	1.861503e-06	5.333834e-08	5.333834e-08
1.400000e+03	1.500000e+03	1.161151e-06	4.209169e-08	4.209169e-08
1.500000e+03	1.600000e+03	7.293430e-07	3.349866e-08	3.349866e-08
1.600000e+03	1.700000e+03	4.882631e-07	2.746480e-08	2.746480e-08
1.700000e+03	1.800000e+03	2.899062e-07	2.103201e-08	2.103201e-08
1.800000e+03	1.900000e+03	1.724179e-07	1.621971e-08	1.621971e-08
1.900000e+03	2.000000e+03	1.205400e-07	1.356180e-08	1.356180e-08
2.000000e+03	2.100000e+03	8.544605e-08	1.141821e-08	1.141821e-08
2.100000e+03	2.200000e+03	5.798125e-08	9.888458e-09	9.888458e-09
2.200000e+03	2.300000e+03	3.509391e-08	7.317586e-09	7.317586e-09
2.300000e+03	2.400000e+03	3.051644e-08	6.823684e-09	6.823684e-09
2.400000e+03	2.500000e+03	1.678404e-08	5.060580e-09	5.060580e-09
2.500000e+03	2.600000e+03	1.678404e-08	5.060580e-09	5.060580e-09
2.600000e+03	2.700000e+03	9.154933e-09	3.737486e-09	3.737486e-09
2.700000e+03	2.800000e+03	1.373240e-08	4.577467e-09	4.577467e-09
2.800000e+03	2.900000e+03	1.525822e-09	1.525822e-09	1.525822e-09
2.900000e+03	3.000000e+03	3.051644e-09	2.157839e-09	2.157839e-09
3.000000e+03	3.100000e+03	3.051644e-09	2.157839e-09	2.157839e-09
3.100000e+03	3.200000e+03	0.000000e+00	0.000000e+00	0.000000e+00
3.200000e+03	3.300000e+03	1.525822e-09	1.525822e-09	1.525822e-09
3.300000e+03	3.400000e+03	1.525822e-09	1.525822e-09	1.525822e-09
3.400000e+03	3.500000e+03	0.000000e+00	0.000000e+00	0.000000e+00
3.500000e+03	3.600000e+03	0.000000e+00	0.000000e+00	0.000000e+00
3.600000e+03	3.700000e+03	0.000000e+00	0.000000e+00	0.000000e+00
3.700000e+03	3.800000e+03	0.000000e+00	0.000000e+00	0.000000e+00
3.800000e+03	3.900000e+03	0.000000e+00	0.000000e+00	0.000000e+00
3.900000e+03	4.000000e+03	0.000000e+00	0.000000e+00	0.000000e+00
# END HISTO1D

# BEGIN HISTO1D //itp/scratch/rauch/Projekte/VBFNLO/VBSCAN/VBSComparison/parton-shower/Powheg/lhef.yoda/MC_VBSCAN_MCComparison/m_ll
LineColor=green
LineStyle=dashed
Path=//itp/scratch/rauch/Projekte/VBFNLO/VBSCAN/VBSComparison/parton-shower/Powheg/lhef.yoda/MC_VBSCAN_MCComparison/m_ll
ScaledBy=3.19361318241456415e-05
Title=Powheg-no shower
XLabel=
YLabel=
# xlow	 xhigh	 val	 errminus	 errplus
0.000000e+00	1.000000e+02	5.329058e-03	2.824546e-06	2.824546e-06
1.000000e+02	2.000000e+02	5.211522e-03	2.793278e-06	2.793278e-06
2.000000e+02	3.000000e+02	1.956086e-03	1.711360e-06	1.711360e-06
3.000000e+02	4.000000e+02	7.807290e-04	1.081262e-06	1.081262e-06
4.000000e+02	5.000000e+02	3.433266e-04	7.171133e-07	7.171133e-07
5.000000e+02	6.000000e+02	1.629601e-04	4.940318e-07	4.940318e-07
6.000000e+02	7.000000e+02	8.144415e-05	3.493107e-07	3.493107e-07
7.000000e+02	8.000000e+02	4.345075e-05	2.551383e-07	2.551383e-07
8.000000e+02	9.000000e+02	2.421980e-05	1.905181e-07	1.905181e-07
9.000000e+02	1.000000e+03	1.375564e-05	1.435529e-07	1.435529e-07
1.000000e+03	1.100000e+03	8.097715e-06	1.101754e-07	1.101754e-07
1.100000e+03	1.200000e+03	4.783789e-06	8.477786e-08	8.477786e-08
1.200000e+03	1.300000e+03	2.938228e-06	6.631708e-08	6.631708e-08
1.300000e+03	1.400000e+03	1.888968e-06	5.321558e-08	5.321558e-08
1.400000e+03	1.500000e+03	1.180979e-06	4.204398e-08	4.204398e-08
1.500000e+03	1.600000e+03	7.394217e-07	3.340257e-08	3.340257e-08
1.600000e+03	1.700000e+03	5.193913e-07	2.796263e-08	2.796263e-08
1.700000e+03	1.800000e+03	2.948706e-07	2.100866e-08	2.100866e-08
1.800000e+03	1.900000e+03	1.871006e-07	1.673479e-08	1.673479e-08
1.900000e+03	2.000000e+03	1.242348e-07	1.363654e-08	1.363654e-08
2.000000e+03	2.100000e+03	9.130510e-08	1.169042e-08	1.169042e-08
2.100000e+03	2.200000e+03	5.687859e-08	9.700405e-09	9.700405e-09
2.200000e+03	2.300000e+03	3.891693e-08	7.632238e-09	7.632238e-09
2.300000e+03	2.400000e+03	3.742012e-08	7.484025e-09	7.484025e-09
2.400000e+03	2.500000e+03	1.796166e-08	5.185084e-09	5.185084e-09
2.500000e+03	2.600000e+03	1.496805e-08	4.733313e-09	4.733313e-09
2.600000e+03	2.700000e+03	8.980830e-09	3.666408e-09	3.666408e-09
2.700000e+03	2.800000e+03	1.347124e-08	4.490415e-09	4.490415e-09
2.800000e+03	2.900000e+03	1.496805e-09	1.496805e-09	1.496805e-09
2.900000e+03	3.000000e+03	4.490415e-09	2.592542e-09	2.592542e-09
3.000000e+03	3.100000e+03	2.993610e-09	2.116802e-09	2.116802e-09
3.100000e+03	3.200000e+03	0.000000e+00	0.000000e+00	0.000000e+00
3.200000e+03	3.300000e+03	0.000000e+00	0.000000e+00	0.000000e+00
3.300000e+03	3.400000e+03	1.496805e-09	1.496805e-09	1.496805e-09
3.400000e+03	3.500000e+03	0.000000e+00	0.000000e+00	0.000000e+00
3.500000e+03	3.600000e+03	0.000000e+00	0.000000e+00	0.000000e+00
3.600000e+03	3.700000e+03	0.000000e+00	0.000000e+00	0.000000e+00
3.700000e+03	3.800000e+03	0.000000e+00	0.000000e+00	0.000000e+00
3.800000e+03	3.900000e+03	0.000000e+00	0.000000e+00	0.000000e+00
3.900000e+03	4.000000e+03	0.000000e+00	0.000000e+00	0.000000e+00
# END HISTO1D

# BEGIN HISTO1D //itp/scratch/rauch/Projekte/VBFNLO/VBSCAN/VBSComparison/parton-shower/MG5_aMC/run_HWPP_5M_NLOPS.yoda/MC_VBSCAN_MCComparison/m_ll
ErrorBandColor=magenta
ErrorBandOpacity=0.3
ErrorBands=1
LineColor=magenta
LineStyle=dashed
Path=//itp/scratch/rauch/Projekte/VBFNLO/VBSCAN/VBSComparison/parton-shower/MG5_aMC/run_HWPP_5M_NLOPS.yoda/MC_VBSCAN_MCComparison/m_ll
RatioPlotErrorBandColor=magenta
ScaledBy=4.29481468359931388e-06
Title=MG5_aMC+Herwig 2.7.1
XLabel=
YLabel=
# xlow	 xhigh	 val	 errminus	 errplus
0.000000e+00	1.000000e+02	5.488644e-03	2.250831e-05	2.250831e-05
1.000000e+02	2.000000e+02	5.392183e-03	2.229042e-05	2.229042e-05
2.000000e+02	3.000000e+02	2.025134e-03	1.371203e-05	1.371203e-05
3.000000e+02	4.000000e+02	8.277826e-04	8.680414e-06	8.680414e-06
4.000000e+02	5.000000e+02	3.584452e-04	5.761138e-06	5.761138e-06
5.000000e+02	6.000000e+02	1.651356e-04	3.961254e-06	3.961254e-06
6.000000e+02	7.000000e+02	8.572450e-05	2.793941e-06	2.793941e-06
7.000000e+02	8.000000e+02	4.372121e-05	2.018106e-06	2.018106e-06
8.000000e+02	9.000000e+02	2.632721e-05	1.531148e-06	1.531148e-06
9.000000e+02	1.000000e+03	1.537544e-05	1.205612e-06	1.205612e-06
1.000000e+03	1.100000e+03	9.491540e-06	9.140996e-07	9.140996e-07
1.100000e+03	1.200000e+03	4.595452e-06	6.965019e-07	6.965019e-07
1.200000e+03	1.300000e+03	2.190356e-06	5.135851e-07	5.135851e-07
1.300000e+03	1.400000e+03	2.061511e-06	4.208042e-07	4.208042e-07
1.400000e+03	1.500000e+03	8.589630e-07	3.156031e-07	3.156031e-07
1.500000e+03	1.600000e+03	1.116652e-06	2.783358e-07	2.783358e-07
1.600000e+03	1.700000e+03	3.865333e-07	2.312829e-07	2.312829e-07
1.700000e+03	1.800000e+03	3.006370e-07	1.770798e-07	1.770798e-07
1.800000e+03	1.900000e+03	2.147407e-07	1.548517e-07	1.548517e-07
1.900000e+03	2.000000e+03	1.288444e-07	1.136301e-07	1.136301e-07
2.000000e+03	2.100000e+03	-8.589629e-08	1.214757e-07	1.214757e-07
2.100000e+03	2.200000e+03	-9.218089e-15	6.073785e-08	6.073785e-08
2.200000e+03	2.300000e+03	4.294815e-08	4.294814e-08	4.294814e-08
2.300000e+03	2.400000e+03	0.000000e+00	0.000000e+00	0.000000e+00
2.400000e+03	2.500000e+03	-1.843617e-15	6.073785e-08	6.073785e-08
2.500000e+03	2.600000e+03	1.288444e-07	7.438837e-08	7.438837e-08
2.600000e+03	2.700000e+03	8.589629e-08	6.073785e-08	6.073785e-08
2.700000e+03	2.800000e+03	4.294814e-08	4.294814e-08	4.294814e-08
2.800000e+03	2.900000e+03	0.000000e+00	0.000000e+00	0.000000e+00
2.900000e+03	3.000000e+03	4.294814e-08	4.294814e-08	4.294814e-08
3.000000e+03	3.100000e+03	0.000000e+00	0.000000e+00	0.000000e+00
3.100000e+03	3.200000e+03	0.000000e+00	0.000000e+00	0.000000e+00
3.200000e+03	3.300000e+03	0.000000e+00	0.000000e+00	0.000000e+00
3.300000e+03	3.400000e+03	0.000000e+00	0.000000e+00	0.000000e+00
3.400000e+03	3.500000e+03	0.000000e+00	0.000000e+00	0.000000e+00
3.500000e+03	3.600000e+03	0.000000e+00	0.000000e+00	0.000000e+00
3.600000e+03	3.700000e+03	0.000000e+00	0.000000e+00	0.000000e+00
3.700000e+03	3.800000e+03	0.000000e+00	0.000000e+00	0.000000e+00
3.800000e+03	3.900000e+03	0.000000e+00	0.000000e+00	0.000000e+00
3.900000e+03	4.000000e+03	0.000000e+00	0.000000e+00	0.000000e+00
# END HISTO1D

# BEGIN HISTO1D //itp/scratch/rauch/Projekte/VBFNLO/VBSCAN/VBSComparison/parton-shower/MG5_aMC/run_PY8_10M_NLOPS.yoda/MC_VBSCAN_MCComparison/m_ll
ErrorBandColor=brown
ErrorBandOpacity=0.3
ErrorBands=1
LineColor=brown
LineStyle=dashed
Path=//itp/scratch/rauch/Projekte/VBFNLO/VBSCAN/VBSComparison/parton-shower/MG5_aMC/run_PY8_10M_NLOPS.yoda/MC_VBSCAN_MCComparison/m_ll
RatioPlotErrorBandColor=brown
ScaledBy=9.99999999999999334e-01
Title=MG5_aMC+Pythia 8
XLabel=
YLabel=
# xlow	 xhigh	 val	 errminus	 errplus
0.000000e+00	1.000000e+02	5.564634e-03	2.235134e-05	2.235134e-05
1.000000e+02	2.000000e+02	5.377247e-03	2.192297e-05	2.192297e-05
2.000000e+02	3.000000e+02	2.026828e-03	1.329326e-05	1.329326e-05
3.000000e+02	4.000000e+02	8.170355e-04	8.357405e-06	8.357405e-06
4.000000e+02	5.000000e+02	3.500190e-04	5.526772e-06	5.526772e-06
5.000000e+02	6.000000e+02	1.625416e-04	3.795235e-06	3.795235e-06
6.000000e+02	7.000000e+02	8.644295e-05	2.692051e-06	2.692051e-06
7.000000e+02	8.000000e+02	4.730474e-05	1.961264e-06	1.961264e-06
8.000000e+02	9.000000e+02	2.558478e-05	1.453901e-06	1.453901e-06
9.000000e+02	1.000000e+03	1.468508e-05	1.093234e-06	1.093234e-06
1.000000e+03	1.100000e+03	9.342457e-06	8.421021e-07	8.421021e-07
1.100000e+03	1.200000e+03	5.027866e-06	6.193926e-07	6.193926e-07
1.200000e+03	1.300000e+03	4.391922e-06	5.251584e-07	5.251584e-07
1.300000e+03	1.400000e+03	2.538341e-06	3.977186e-07	3.977186e-07
1.400000e+03	1.500000e+03	1.349551e-06	3.096726e-07	3.096726e-07
1.500000e+03	1.600000e+03	6.887549e-07	2.454468e-07	2.454468e-07
1.600000e+03	1.700000e+03	4.767363e-07	2.049498e-07	2.049498e-07
1.700000e+03	1.800000e+03	3.439336e-07	1.694575e-07	1.694575e-07
1.800000e+03	1.900000e+03	3.176393e-07	1.496258e-07	1.496258e-07
1.900000e+03	2.000000e+03	2.907903e-07	1.090601e-07	1.090601e-07
2.000000e+03	2.100000e+03	-7.954850e-08	8.781056e-08	8.781056e-08
2.100000e+03	2.200000e+03	-2.219000e-10	8.364119e-08	8.364119e-08
2.200000e+03	2.300000e+03	-2.640523e-08	4.573521e-08	4.573521e-08
2.300000e+03	2.400000e+03	-2.651617e-08	2.651617e-08	2.651617e-08
2.400000e+03	2.500000e+03	2.651617e-08	2.651617e-08	2.651617e-08
2.500000e+03	2.600000e+03	2.651617e-08	2.651617e-08	2.651617e-08
2.600000e+03	2.700000e+03	2.640523e-08	2.640523e-08	2.640523e-08
2.700000e+03	2.800000e+03	2.640523e-08	4.573521e-08	4.573521e-08
2.800000e+03	2.900000e+03	2.651617e-08	2.651617e-08	2.651617e-08
2.900000e+03	3.000000e+03	0.000000e+00	0.000000e+00	0.000000e+00
3.000000e+03	3.100000e+03	0.000000e+00	0.000000e+00	0.000000e+00
3.100000e+03	3.200000e+03	0.000000e+00	0.000000e+00	0.000000e+00
3.200000e+03	3.300000e+03	0.000000e+00	0.000000e+00	0.000000e+00
3.300000e+03	3.400000e+03	0.000000e+00	0.000000e+00	0.000000e+00
3.400000e+03	3.500000e+03	0.000000e+00	0.000000e+00	0.000000e+00
3.500000e+03	3.600000e+03	0.000000e+00	0.000000e+00	0.000000e+00
3.600000e+03	3.700000e+03	0.000000e+00	0.000000e+00	0.000000e+00
3.700000e+03	3.800000e+03	0.000000e+00	0.000000e+00	0.000000e+00
3.800000e+03	3.900000e+03	0.000000e+00	0.000000e+00	0.000000e+00
3.900000e+03	4.000000e+03	0.000000e+00	0.000000e+00	0.000000e+00
# END HISTO1D

