# BEGIN PLOT
LegendOnly=//itp/scratch/rauch/Projekte/VBFNLO/VBSCAN/VBSComparison/parton-shower/VBFNLO/VBFNLO-NLO.yoda/MC_VBSCAN_MCComparison/pT_j3 //itp/scratch/rauch/Projekte/VBFNLO/VBSCAN/VBSComparison/parton-shower/VBFNLO/Herwig-MCatNLO-DipoleShower.yoda/MC_VBSCAN_MCComparison/pT_j3 //itp/scratch/rauch/Projekte/VBFNLO/VBSCAN/VBSComparison/parton-shower/VBFNLO/Herwig-MCatNLO-DefaultShower.yoda/MC_VBSCAN_MCComparison/pT_j3 //itp/scratch/rauch/Projekte/VBFNLO/VBSCAN/VBSComparison/parton-shower/Powheg/Powheg.yoda/MC_VBSCAN_MCComparison/pT_j3 //itp/scratch/rauch/Projekte/VBFNLO/VBSCAN/VBSComparison/parton-shower/Powheg/lhef.yoda/MC_VBSCAN_MCComparison/pT_j3 //itp/scratch/rauch/Projekte/VBFNLO/VBSCAN/VBSComparison/parton-shower/MG5_aMC/run_HWPP_5M_NLOPS.yoda/MC_VBSCAN_MCComparison/pT_j3 //itp/scratch/rauch/Projekte/VBFNLO/VBSCAN/VBSComparison/parton-shower/MG5_aMC/run_PY8_10M_NLOPS.yoda/MC_VBSCAN_MCComparison/pT_j3
DrawOnly=//itp/scratch/rauch/Projekte/VBFNLO/VBSCAN/VBSComparison/parton-shower/VBFNLO/VBFNLO-NLO.yoda/MC_VBSCAN_MCComparison/pT_j3 //itp/scratch/rauch/Projekte/VBFNLO/VBSCAN/VBSComparison/parton-shower/VBFNLO/Herwig-MCatNLO-DipoleShower.yoda/MC_VBSCAN_MCComparison/pT_j3 //itp/scratch/rauch/Projekte/VBFNLO/VBSCAN/VBSComparison/parton-shower/VBFNLO/Herwig-MCatNLO-DefaultShower.yoda/MC_VBSCAN_MCComparison/pT_j3 //itp/scratch/rauch/Projekte/VBFNLO/VBSCAN/VBSComparison/parton-shower/Powheg/Powheg.yoda/MC_VBSCAN_MCComparison/pT_j3 //itp/scratch/rauch/Projekte/VBFNLO/VBSCAN/VBSComparison/parton-shower/Powheg/lhef.yoda/MC_VBSCAN_MCComparison/pT_j3 //itp/scratch/rauch/Projekte/VBFNLO/VBSCAN/VBSComparison/parton-shower/MG5_aMC/run_HWPP_5M_NLOPS.yoda/MC_VBSCAN_MCComparison/pT_j3 //itp/scratch/rauch/Projekte/VBFNLO/VBSCAN/VBSComparison/parton-shower/MG5_aMC/run_PY8_10M_NLOPS.yoda/MC_VBSCAN_MCComparison/pT_j3
Title=Transverse momentum of the third jet
RatioPlot=1
LogY=1
RatioPlotYLabel=Ratio
RatioPlotSameStyle=1
RatioPlotReference=//itp/scratch/rauch/Projekte/VBFNLO/VBSCAN/VBSComparison/parton-shower/VBFNLO/VBFNLO-NLO.yoda/MC_VBSCAN_MCComparison/pT_j3
XLabel=$p_{T,j3}$~[GeV]
YLabel=$d~\sigma_{WW\to e^+\nu \mu^+\nu}/d~p_{T,j3}$~[fb/GeV]
Legend=1
# END PLOT

# BEGIN HISTO1D //itp/scratch/rauch/Projekte/VBFNLO/VBSCAN/VBSComparison/parton-shower/VBFNLO/VBFNLO-NLO.yoda/MC_VBSCAN_MCComparison/pT_j3
ErrorBandColor=red
ErrorBandOpacity=0.3
ErrorBands=1
LineColor=red
LineStyle=solid
Path=//itp/scratch/rauch/Projekte/VBFNLO/VBSCAN/VBSComparison/parton-shower/VBFNLO/VBFNLO-NLO.yoda/MC_VBSCAN_MCComparison/pT_j3
RatioPlotErrorBandColor=red
ScaledBy=1
Title=NLO
XLabel=
YLabel=
# xlow	 xhigh	 val	 errminus	 errplus
0.000000e+00	1.000000e+01	0.000000e+00	0.000000e+00	0.000000e+00
1.000000e+01	2.000000e+01	0.000000e+00	0.000000e+00	0.000000e+00
2.000000e+01	3.000000e+01	0.000000e+00	0.000000e+00	0.000000e+00
3.000000e+01	4.000000e+01	1.314822e-02	2.569347e-06	2.569347e-06
4.000000e+01	5.000000e+01	8.507726e-03	2.030931e-06	2.030931e-06
5.000000e+01	6.000000e+01	5.723414e-03	1.602476e-06	1.602476e-06
6.000000e+01	7.000000e+01	3.945186e-03	1.279956e-06	1.279956e-06
7.000000e+01	8.000000e+01	2.768209e-03	1.089248e-06	1.089248e-06
8.000000e+01	9.000000e+01	1.969960e-03	8.921063e-07	8.921063e-07
9.000000e+01	1.000000e+02	1.417965e-03	7.480269e-07	7.480269e-07
1.000000e+02	1.100000e+02	1.033489e-03	6.623004e-07	6.623004e-07
1.100000e+02	1.200000e+02	7.591589e-04	5.814301e-07	5.814301e-07
1.200000e+02	1.300000e+02	5.626472e-04	5.063952e-07	5.063952e-07
1.300000e+02	1.400000e+02	4.212226e-04	4.444211e-07	4.444211e-07
1.400000e+02	1.500000e+02	3.183174e-04	4.133922e-07	4.133922e-07
1.500000e+02	1.600000e+02	2.425399e-04	3.557639e-07	3.557639e-07
1.600000e+02	1.700000e+02	1.865912e-04	3.246735e-07	3.246735e-07
1.700000e+02	1.800000e+02	1.443297e-04	2.986904e-07	2.986904e-07
1.800000e+02	1.900000e+02	1.130668e-04	2.659288e-07	2.659288e-07
1.900000e+02	2.000000e+02	8.893217e-05	2.677609e-07	2.677609e-07
2.000000e+02	2.100000e+02	7.054922e-05	2.401068e-07	2.401068e-07
2.100000e+02	2.200000e+02	5.612966e-05	2.520789e-07	2.520789e-07
2.200000e+02	2.300000e+02	4.440582e-05	1.815147e-07	1.815147e-07
2.300000e+02	2.400000e+02	3.577390e-05	1.750094e-07	1.750094e-07
2.400000e+02	2.500000e+02	2.890860e-05	1.704973e-07	1.704973e-07
2.500000e+02	2.600000e+02	2.343087e-05	1.551901e-07	1.551901e-07
2.600000e+02	2.700000e+02	1.938508e-05	1.577755e-07	1.577755e-07
2.700000e+02	2.800000e+02	1.549387e-05	1.408090e-07	1.408090e-07
2.800000e+02	2.900000e+02	1.288778e-05	1.340245e-07	1.340245e-07
2.900000e+02	3.000000e+02	1.068851e-05	1.211433e-07	1.211433e-07
3.000000e+02	3.100000e+02	8.571781e-06	1.061640e-07	1.061640e-07
3.100000e+02	3.200000e+02	7.264743e-06	1.476039e-07	1.476039e-07
3.200000e+02	3.300000e+02	6.087933e-06	9.823466e-08	9.823466e-08
3.300000e+02	3.400000e+02	4.687504e-06	7.341784e-08	7.341784e-08
3.400000e+02	3.500000e+02	4.093124e-06	7.527837e-08	7.527837e-08
3.500000e+02	3.600000e+02	3.334846e-06	6.197751e-08	6.197751e-08
3.600000e+02	3.700000e+02	2.879429e-06	6.161668e-08	6.161668e-08
3.700000e+02	3.800000e+02	2.297003e-06	5.371149e-08	5.371149e-08
3.800000e+02	3.900000e+02	1.943978e-06	4.989272e-08	4.989272e-08
3.900000e+02	4.000000e+02	1.770971e-06	6.104149e-08	6.104149e-08
4.000000e+02	4.100000e+02	1.471784e-06	5.276423e-08	5.276423e-08
4.100000e+02	4.200000e+02	1.146489e-06	3.655559e-08	3.655559e-08
4.200000e+02	4.300000e+02	9.858974e-07	3.180126e-08	3.180126e-08
4.300000e+02	4.400000e+02	8.382570e-07	3.647385e-08	3.647385e-08
4.400000e+02	4.500000e+02	7.173216e-07	3.327933e-08	3.327933e-08
4.500000e+02	4.600000e+02	6.708836e-07	3.590565e-08	3.590565e-08
4.600000e+02	4.700000e+02	5.346950e-07	2.678060e-08	2.678060e-08
4.700000e+02	4.800000e+02	4.360846e-07	2.561072e-08	2.561072e-08
4.800000e+02	4.900000e+02	4.172977e-07	3.016984e-08	3.016984e-08
4.900000e+02	5.000000e+02	3.177166e-07	2.112362e-08	2.112362e-08
5.000000e+02	5.100000e+02	2.787313e-07	1.865570e-08	1.865570e-08
5.100000e+02	5.200000e+02	2.528571e-07	1.986600e-08	1.986600e-08
5.200000e+02	5.300000e+02	1.980113e-07	2.472990e-08	2.472990e-08
5.300000e+02	5.400000e+02	2.107710e-07	2.574415e-08	2.574415e-08
5.400000e+02	5.500000e+02	1.321903e-07	1.023245e-08	1.023245e-08
5.500000e+02	5.600000e+02	1.388997e-07	1.954168e-08	1.954168e-08
5.600000e+02	5.700000e+02	1.145126e-07	1.347286e-08	1.347286e-08
5.700000e+02	5.800000e+02	8.880386e-08	1.108853e-08	1.108853e-08
5.800000e+02	5.900000e+02	6.997223e-08	6.454506e-09	6.454506e-09
5.900000e+02	6.000000e+02	5.647028e-08	6.546374e-09	6.546374e-09
6.000000e+02	6.100000e+02	5.025818e-08	9.689544e-09	9.689544e-09
6.100000e+02	6.200000e+02	5.656866e-08	9.603274e-09	9.603274e-09
6.200000e+02	6.300000e+02	4.935639e-08	1.501917e-08	1.501917e-08
6.300000e+02	6.400000e+02	3.998561e-08	7.108006e-09	7.108006e-09
6.400000e+02	6.500000e+02	3.102952e-08	4.664000e-09	4.664000e-09
6.500000e+02	6.600000e+02	1.929468e-08	2.674663e-09	2.674663e-09
6.600000e+02	6.700000e+02	1.426831e-08	2.542202e-09	2.542202e-09
6.700000e+02	6.800000e+02	1.622029e-08	2.726937e-09	2.726937e-09
6.800000e+02	6.900000e+02	1.622602e-08	3.770070e-09	3.770070e-09
6.900000e+02	7.000000e+02	1.291980e-08	2.079730e-09	2.079730e-09
7.000000e+02	7.100000e+02	1.572360e-08	4.409905e-09	4.409905e-09
7.100000e+02	7.200000e+02	9.544610e-09	1.599378e-09	1.599378e-09
7.200000e+02	7.300000e+02	1.122707e-08	4.243673e-09	4.243673e-09
7.300000e+02	7.400000e+02	6.242832e-09	1.577575e-09	1.577575e-09
7.400000e+02	7.500000e+02	8.706799e-09	2.644560e-09	2.644560e-09
7.500000e+02	7.600000e+02	7.328351e-09	2.867876e-09	2.867876e-09
7.600000e+02	7.700000e+02	4.329783e-09	8.161626e-10	8.161626e-10
7.700000e+02	7.800000e+02	3.031108e-09	5.297582e-10	5.297582e-10
7.800000e+02	7.900000e+02	3.132991e-09	8.197769e-10	8.197769e-10
7.900000e+02	8.000000e+02	3.794834e-09	2.043757e-09	2.043757e-09
8.000000e+02	8.100000e+02	1.276608e-09	2.373575e-10	2.373575e-10
8.100000e+02	8.200000e+02	1.540919e-09	4.746748e-10	4.746748e-10
8.200000e+02	8.300000e+02	1.941482e-09	7.346511e-10	7.346511e-10
8.300000e+02	8.400000e+02	2.505323e-09	1.064942e-09	1.064942e-09
8.400000e+02	8.500000e+02	6.825089e-10	1.419409e-10	1.419409e-10
8.500000e+02	8.600000e+02	7.691698e-10	2.271270e-10	2.271270e-10
8.600000e+02	8.700000e+02	1.297631e-09	4.269900e-10	4.269900e-10
8.700000e+02	8.800000e+02	1.049935e-09	4.471874e-10	4.471874e-10
8.800000e+02	8.900000e+02	3.725021e-10	6.568454e-11	6.568454e-11
8.900000e+02	9.000000e+02	1.163542e-09	3.095265e-10	3.095265e-10
9.000000e+02	9.100000e+02	1.062627e-09	4.247630e-10	4.247630e-10
9.100000e+02	9.200000e+02	4.793827e-10	1.136453e-10	1.136453e-10
9.200000e+02	9.300000e+02	7.795210e-10	4.277118e-10	4.277118e-10
9.300000e+02	9.400000e+02	2.417955e-10	1.011749e-10	1.011749e-10
9.400000e+02	9.500000e+02	1.397340e-10	2.403282e-11	2.403282e-11
9.500000e+02	9.600000e+02	1.042585e-10	1.103189e-11	1.103189e-11
9.600000e+02	9.700000e+02	1.078083e-10	4.623820e-11	4.623820e-11
9.700000e+02	9.800000e+02	1.262708e-10	6.198395e-11	6.198395e-11
9.800000e+02	9.900000e+02	9.493134e-11	3.253808e-12	3.253808e-12
9.900000e+02	1.000000e+03	2.254758e-11	5.296470e-12	5.296470e-12
# END HISTO1D

# BEGIN HISTO1D //itp/scratch/rauch/Projekte/VBFNLO/VBSCAN/VBSComparison/parton-shower/VBFNLO/Herwig-MCatNLO-DipoleShower.yoda/MC_VBSCAN_MCComparison/pT_j3
ErrorBandColor=blue
ErrorBandOpacity=0.3
ErrorBands=1
LineColor=blue
LineStyle=solid
Path=//itp/scratch/rauch/Projekte/VBFNLO/VBSCAN/VBSComparison/parton-shower/VBFNLO/Herwig-MCatNLO-DipoleShower.yoda/MC_VBSCAN_MCComparison/pT_j3
RatioPlotErrorBandColor=blue
ScaledBy=1.05355021816678726e-03
Title=VBFNLO 3+H7-Dipole
XLabel=
YLabel=
# xlow	 xhigh	 val	 errminus	 errplus
0.000000e+00	1.000000e+01	0.000000e+00	0.000000e+00	0.000000e+00
1.000000e+01	2.000000e+01	0.000000e+00	0.000000e+00	0.000000e+00
2.000000e+01	3.000000e+01	0.000000e+00	0.000000e+00	0.000000e+00
3.000000e+01	4.000000e+01	1.038157e-02	2.060366e-05	2.060366e-05
4.000000e+01	5.000000e+01	6.899664e-03	1.206046e-05	1.206046e-05
5.000000e+01	6.000000e+01	4.677360e-03	1.098607e-05	1.098607e-05
6.000000e+01	7.000000e+01	3.257520e-03	8.688288e-06	8.688288e-06
7.000000e+01	8.000000e+01	2.281977e-03	6.819686e-06	6.819686e-06
8.000000e+01	9.000000e+01	1.626568e-03	6.814519e-06	6.814519e-06
9.000000e+01	1.000000e+02	1.177460e-03	1.294444e-05	1.294444e-05
1.000000e+02	1.100000e+02	8.473910e-04	4.480947e-06	4.480947e-06
1.100000e+02	1.200000e+02	6.239454e-04	4.580659e-06	4.580659e-06
1.200000e+02	1.300000e+02	4.510865e-04	8.690017e-06	8.690017e-06
1.300000e+02	1.400000e+02	3.447067e-04	3.340672e-06	3.340672e-06
1.400000e+02	1.500000e+02	2.583609e-04	3.813211e-06	3.813211e-06
1.500000e+02	1.600000e+02	1.998576e-04	3.133862e-06	3.133862e-06
1.600000e+02	1.700000e+02	1.641358e-04	1.043083e-05	1.043083e-05
1.700000e+02	1.800000e+02	1.135243e-04	2.264081e-06	2.264081e-06
1.800000e+02	1.900000e+02	8.704578e-05	1.863133e-06	1.863133e-06
1.900000e+02	2.000000e+02	6.670889e-05	1.481298e-06	1.481298e-06
2.000000e+02	2.100000e+02	5.570458e-05	1.458284e-06	1.458284e-06
2.100000e+02	2.200000e+02	4.539898e-05	1.371227e-06	1.371227e-06
2.200000e+02	2.300000e+02	3.603700e-05	1.430271e-06	1.430271e-06
2.300000e+02	2.400000e+02	3.007983e-05	1.289122e-06	1.289122e-06
2.400000e+02	2.500000e+02	2.224186e-05	9.977620e-07	9.977620e-07
2.500000e+02	2.600000e+02	2.057775e-05	1.490403e-06	1.490403e-06
2.600000e+02	2.700000e+02	1.432666e-05	1.175405e-06	1.175405e-06
2.700000e+02	2.800000e+02	1.103542e-05	9.502770e-07	9.502770e-07
2.800000e+02	2.900000e+02	9.832148e-06	6.427487e-07	6.427487e-07
2.900000e+02	3.000000e+02	9.186057e-06	8.359927e-07	8.359927e-07
3.000000e+02	3.100000e+02	6.499641e-06	5.447374e-07	5.447374e-07
3.100000e+02	3.200000e+02	5.062448e-06	7.026908e-07	7.026908e-07
3.200000e+02	3.300000e+02	3.118755e-06	4.066357e-07	4.066357e-07
3.300000e+02	3.400000e+02	3.763576e-06	4.851872e-07	4.851872e-07
3.400000e+02	3.500000e+02	3.355651e-06	5.829357e-07	5.829357e-07
3.500000e+02	3.600000e+02	3.082107e-06	7.775555e-07	7.775555e-07
3.600000e+02	3.700000e+02	7.575774e-07	1.223801e-06	1.223801e-06
3.700000e+02	3.800000e+02	1.764590e-06	3.583829e-07	3.583829e-07
3.800000e+02	3.900000e+02	1.575133e-06	2.625936e-07	2.625936e-07
3.900000e+02	4.000000e+02	1.301451e-06	2.340043e-07	2.340043e-07
4.000000e+02	4.100000e+02	7.990019e-07	1.460789e-07	1.460789e-07
4.100000e+02	4.200000e+02	7.655851e-07	1.782903e-07	1.782903e-07
4.200000e+02	4.300000e+02	5.121186e-07	1.707760e-07	1.707760e-07
4.300000e+02	4.400000e+02	6.621753e-07	2.818981e-07	2.818981e-07
4.400000e+02	4.500000e+02	4.455367e-07	1.198648e-07	1.198648e-07
4.500000e+02	4.600000e+02	2.916588e-07	9.283228e-08	9.283228e-08
4.600000e+02	4.700000e+02	3.480983e-07	1.628204e-07	1.628204e-07
4.700000e+02	4.800000e+02	3.608599e-07	9.250346e-08	9.250346e-08
4.800000e+02	4.900000e+02	-1.732043e-07	5.276751e-07	5.276751e-07
4.900000e+02	5.000000e+02	1.839438e-07	8.782537e-08	8.782537e-08
5.000000e+02	5.100000e+02	3.051551e-07	1.516218e-07	1.516218e-07
5.100000e+02	5.200000e+02	9.637916e-08	3.513855e-08	3.513855e-08
5.200000e+02	5.300000e+02	1.234592e-09	6.419709e-08	6.419709e-08
5.300000e+02	5.400000e+02	2.595868e-07	1.750509e-07	1.750509e-07
5.400000e+02	5.500000e+02	5.890315e-08	2.769800e-08	2.769800e-08
5.500000e+02	5.600000e+02	1.175665e-07	4.816304e-08	4.816304e-08
5.600000e+02	5.700000e+02	9.653756e-08	6.191842e-08	6.191842e-08
5.700000e+02	5.800000e+02	8.005930e-08	3.797612e-08	3.797612e-08
5.800000e+02	5.900000e+02	2.959747e-08	9.611443e-09	9.611443e-09
5.900000e+02	6.000000e+02	2.009983e-08	6.541757e-09	6.541757e-09
6.000000e+02	6.100000e+02	1.764504e-08	6.383304e-09	6.383304e-09
6.100000e+02	6.200000e+02	3.057041e-08	1.152604e-08	1.152604e-08
6.200000e+02	6.300000e+02	-2.955261e-08	3.828850e-08	3.828850e-08
6.300000e+02	6.400000e+02	1.162783e-08	9.814851e-09	9.814851e-09
6.400000e+02	6.500000e+02	-3.841322e-09	5.787616e-09	5.787616e-09
6.500000e+02	6.600000e+02	5.332671e-11	6.301555e-09	6.301555e-09
6.600000e+02	6.700000e+02	6.045905e-09	3.760749e-09	3.760749e-09
6.700000e+02	6.800000e+02	1.032714e-08	1.001499e-08	1.001499e-08
6.800000e+02	6.900000e+02	1.868705e-09	1.352989e-09	1.352989e-09
6.900000e+02	7.000000e+02	2.268143e-09	1.345025e-08	1.345025e-08
7.000000e+02	7.100000e+02	2.457249e-09	3.630253e-09	3.630253e-09
7.100000e+02	7.200000e+02	4.643339e-08	4.551162e-08	4.551162e-08
7.200000e+02	7.300000e+02	4.407717e-10	2.738307e-10	2.738307e-10
7.300000e+02	7.400000e+02	-7.325951e-10	1.190658e-09	1.190658e-09
7.400000e+02	7.500000e+02	-2.991407e-08	2.997746e-08	2.997746e-08
7.500000e+02	7.600000e+02	2.091140e-09	1.150795e-09	1.150795e-09
7.600000e+02	7.700000e+02	1.780933e-10	1.197016e-10	1.197016e-10
7.700000e+02	7.800000e+02	2.536784e-11	3.467649e-10	3.467649e-10
7.800000e+02	7.900000e+02	6.764833e-10	6.434111e-10	6.434111e-10
7.900000e+02	8.000000e+02	-1.118968e-08	1.090889e-08	1.090889e-08
8.000000e+02	8.100000e+02	1.715292e-07	1.714925e-07	1.714925e-07
8.100000e+02	8.200000e+02	7.258070e-11	4.614397e-11	4.614397e-11
8.200000e+02	8.300000e+02	5.546862e-10	4.126440e-10	4.126440e-10
8.300000e+02	8.400000e+02	6.911828e-10	4.877960e-10	4.877960e-10
8.400000e+02	8.500000e+02	3.445053e-10	3.443410e-10	3.443410e-10
8.500000e+02	8.600000e+02	3.210442e-10	3.258734e-10	3.258734e-10
8.600000e+02	8.700000e+02	-1.066135e-10	3.025160e-10	3.025160e-10
8.700000e+02	8.800000e+02	2.138278e-09	2.138307e-09	2.138307e-09
8.800000e+02	8.900000e+02	1.858102e-10	1.773586e-10	1.773586e-10
8.900000e+02	9.000000e+02	5.269779e-11	3.371925e-11	3.371925e-11
9.000000e+02	9.100000e+02	5.555121e-10	5.983537e-10	5.983537e-10
9.100000e+02	9.200000e+02	1.471144e-11	1.471143e-11	1.471143e-11
9.200000e+02	9.300000e+02	2.906282e-10	2.754017e-10	2.754017e-10
9.300000e+02	9.400000e+02	-8.868732e-13	2.284125e-12	2.284125e-12
9.400000e+02	9.500000e+02	-4.895682e-13	4.895683e-13	4.895683e-13
9.500000e+02	9.600000e+02	1.363493e-10	1.362882e-10	1.362882e-10
9.600000e+02	9.700000e+02	1.343949e-12	1.343864e-12	1.343864e-12
9.700000e+02	9.800000e+02	4.603281e-09	4.603289e-09	4.603289e-09
9.800000e+02	9.900000e+02	1.956540e-15	1.956578e-15	1.956578e-15
9.900000e+02	1.000000e+03	2.390654e-12	2.403894e-12	2.403894e-12
# END HISTO1D

# BEGIN HISTO1D //itp/scratch/rauch/Projekte/VBFNLO/VBSCAN/VBSComparison/parton-shower/VBFNLO/Herwig-MCatNLO-DefaultShower.yoda/MC_VBSCAN_MCComparison/pT_j3
ErrorBandColor=cyan
ErrorBandOpacity=0.3
ErrorBands=1
LineColor=cyan
LineStyle=solid
Path=//itp/scratch/rauch/Projekte/VBFNLO/VBSCAN/VBSComparison/parton-shower/VBFNLO/Herwig-MCatNLO-DefaultShower.yoda/MC_VBSCAN_MCComparison/pT_j3
RatioPlotErrorBandColor=cyan
ScaledBy=6.13846458628156426e-05
Title=VBFNLO 3+H7-QTilde
XLabel=
YLabel=
# xlow	 xhigh	 val	 errminus	 errplus
0.000000e+00	1.000000e+01	0.000000e+00	0.000000e+00	0.000000e+00
1.000000e+01	2.000000e+01	0.000000e+00	0.000000e+00	0.000000e+00
2.000000e+01	3.000000e+01	0.000000e+00	0.000000e+00	0.000000e+00
3.000000e+01	4.000000e+01	1.092167e-02	1.932660e-05	1.932660e-05
4.000000e+01	5.000000e+01	7.357613e-03	1.524347e-05	1.524347e-05
5.000000e+01	6.000000e+01	5.003961e-03	1.258021e-05	1.258021e-05
6.000000e+01	7.000000e+01	3.472427e-03	1.032838e-05	1.032838e-05
7.000000e+01	8.000000e+01	2.483954e-03	8.876013e-06	8.876013e-06
8.000000e+01	9.000000e+01	1.744370e-03	7.384958e-06	7.384958e-06
9.000000e+01	1.000000e+02	1.263170e-03	6.474274e-06	6.474274e-06
1.000000e+02	1.100000e+02	9.191981e-04	5.615455e-06	5.615455e-06
1.100000e+02	1.200000e+02	6.803951e-04	4.936299e-06	4.936299e-06
1.200000e+02	1.300000e+02	5.023178e-04	4.525631e-06	4.525631e-06
1.300000e+02	1.400000e+02	3.783792e-04	3.845296e-06	3.845296e-06
1.400000e+02	1.500000e+02	2.868206e-04	3.354835e-06	3.354835e-06
1.500000e+02	1.600000e+02	2.142066e-04	3.052516e-06	3.052516e-06
1.600000e+02	1.700000e+02	1.681907e-04	2.485518e-06	2.485518e-06
1.700000e+02	1.800000e+02	1.265016e-04	2.640441e-06	2.640441e-06
1.800000e+02	1.900000e+02	1.002921e-04	2.343644e-06	2.343644e-06
1.900000e+02	2.000000e+02	7.967398e-05	1.849906e-06	1.849906e-06
2.000000e+02	2.100000e+02	6.317098e-05	2.183235e-06	2.183235e-06
2.100000e+02	2.200000e+02	5.012285e-05	1.462083e-06	1.462083e-06
2.200000e+02	2.300000e+02	3.907302e-05	1.794795e-06	1.794795e-06
2.300000e+02	2.400000e+02	3.074421e-05	1.399232e-06	1.399232e-06
2.400000e+02	2.500000e+02	2.465756e-05	2.365579e-06	2.365579e-06
2.500000e+02	2.600000e+02	2.227180e-05	1.167908e-06	1.167908e-06
2.600000e+02	2.700000e+02	1.742084e-05	1.068880e-06	1.068880e-06
2.700000e+02	2.800000e+02	1.338925e-05	8.390897e-07	8.390897e-07
2.800000e+02	2.900000e+02	1.350689e-05	2.866037e-06	2.866037e-06
2.900000e+02	3.000000e+02	8.411403e-06	6.530784e-07	6.530784e-07
3.000000e+02	3.100000e+02	7.870645e-06	8.453025e-07	8.453025e-07
3.100000e+02	3.200000e+02	6.348231e-06	6.485925e-07	6.485925e-07
3.200000e+02	3.300000e+02	5.824115e-06	8.707516e-07	8.707516e-07
3.300000e+02	3.400000e+02	4.057324e-06	4.168172e-07	4.168172e-07
3.400000e+02	3.500000e+02	4.214241e-06	9.036370e-07	9.036370e-07
3.500000e+02	3.600000e+02	3.096224e-06	4.475746e-07	4.475746e-07
3.600000e+02	3.700000e+02	2.481895e-06	3.010593e-07	3.010593e-07
3.700000e+02	3.800000e+02	2.398259e-06	3.556240e-07	3.556240e-07
3.800000e+02	3.900000e+02	1.275103e-06	5.150150e-07	5.150150e-07
3.900000e+02	4.000000e+02	1.713225e-06	3.590357e-07	3.590357e-07
4.000000e+02	4.100000e+02	1.170464e-06	2.186364e-07	2.186364e-07
4.100000e+02	4.200000e+02	9.372685e-07	1.702961e-07	1.702961e-07
4.200000e+02	4.300000e+02	9.781217e-07	1.908768e-07	1.908768e-07
4.300000e+02	4.400000e+02	9.000322e-07	4.115182e-07	4.115182e-07
4.400000e+02	4.500000e+02	9.023634e-07	2.109681e-07	2.109681e-07
4.500000e+02	4.600000e+02	5.358097e-07	1.583177e-07	1.583177e-07
4.600000e+02	4.700000e+02	5.795120e-07	1.318550e-07	1.318550e-07
4.700000e+02	4.800000e+02	7.338420e-07	2.471438e-07	2.471438e-07
4.800000e+02	4.900000e+02	2.657551e-07	8.398998e-08	8.398998e-08
4.900000e+02	5.000000e+02	2.914344e-07	1.597106e-07	1.597106e-07
5.000000e+02	5.100000e+02	2.313093e-07	1.228796e-07	1.228796e-07
5.100000e+02	5.200000e+02	3.113200e-07	2.174269e-07	2.174269e-07
5.200000e+02	5.300000e+02	4.291001e-08	6.690007e-08	6.690007e-08
5.300000e+02	5.400000e+02	2.574726e-07	1.337429e-07	1.337429e-07
5.400000e+02	5.500000e+02	-2.458452e-08	7.854536e-08	7.854536e-08
5.500000e+02	5.600000e+02	1.125466e-07	3.119230e-08	3.119230e-08
5.600000e+02	5.700000e+02	3.300813e-07	2.918569e-07	2.918569e-07
5.700000e+02	5.800000e+02	4.421741e-08	1.295619e-08	1.295619e-08
5.800000e+02	5.900000e+02	5.168777e-08	2.522958e-08	2.522958e-08
5.900000e+02	6.000000e+02	7.479174e-08	2.621596e-08	2.621596e-08
6.000000e+02	6.100000e+02	3.734585e-08	1.085078e-08	1.085078e-08
6.100000e+02	6.200000e+02	3.076523e-08	1.161933e-08	1.161933e-08
6.200000e+02	6.300000e+02	4.372589e-08	2.267658e-08	2.267658e-08
6.300000e+02	6.400000e+02	7.316600e-09	5.176085e-09	5.176085e-09
6.400000e+02	6.500000e+02	4.822354e-08	2.209827e-08	2.209827e-08
6.500000e+02	6.600000e+02	2.157460e-08	1.101483e-08	1.101483e-08
6.600000e+02	6.700000e+02	8.466733e-08	5.439661e-08	5.439661e-08
6.700000e+02	6.800000e+02	1.488885e-08	6.837862e-09	6.837862e-09
6.800000e+02	6.900000e+02	-4.910977e-10	4.344112e-09	4.344112e-09
6.900000e+02	7.000000e+02	2.944105e-09	1.644611e-09	1.644611e-09
7.000000e+02	7.100000e+02	4.223093e-09	2.680534e-09	2.680534e-09
7.100000e+02	7.200000e+02	1.879108e-08	1.641507e-08	1.641507e-08
7.200000e+02	7.300000e+02	7.064924e-09	4.724525e-09	4.724525e-09
7.300000e+02	7.400000e+02	1.024937e-09	4.042827e-10	4.042827e-10
7.400000e+02	7.500000e+02	7.572878e-10	8.447664e-10	8.447664e-10
7.500000e+02	7.600000e+02	5.313860e-10	9.405337e-10	9.405337e-10
7.600000e+02	7.700000e+02	1.343534e-09	3.286131e-09	3.286131e-09
7.700000e+02	7.800000e+02	1.413535e-09	2.110434e-09	2.110434e-09
7.800000e+02	7.900000e+02	2.030737e-09	1.475382e-09	1.475382e-09
7.900000e+02	8.000000e+02	3.652472e-09	2.641207e-09	2.641207e-09
8.000000e+02	8.100000e+02	1.525921e-10	1.411159e-10	1.411159e-10
8.100000e+02	8.200000e+02	5.462249e-10	3.570661e-10	3.570661e-10
8.200000e+02	8.300000e+02	-2.659536e-09	3.045665e-09	3.045665e-09
8.300000e+02	8.400000e+02	3.842934e-10	2.017286e-10	2.017286e-10
8.400000e+02	8.500000e+02	-5.021254e-10	4.125336e-10	4.125336e-10
8.500000e+02	8.600000e+02	-2.226147e-10	3.518180e-10	3.518180e-10
8.600000e+02	8.700000e+02	3.415194e-11	8.960363e-11	8.960363e-11
8.700000e+02	8.800000e+02	-3.241978e-09	4.103547e-09	4.103547e-09
8.800000e+02	8.900000e+02	1.435779e-12	8.655281e-13	8.655281e-13
8.900000e+02	9.000000e+02	9.406963e-11	7.337950e-11	7.337950e-11
9.000000e+02	9.100000e+02	2.342315e-09	2.306364e-09	2.306364e-09
9.100000e+02	9.200000e+02	2.156467e-10	2.156411e-10	2.156411e-10
9.200000e+02	9.300000e+02	1.131849e-09	1.130198e-09	1.130198e-09
9.300000e+02	9.400000e+02	5.148252e-12	5.211918e-12	5.211918e-12
9.400000e+02	9.500000e+02	5.221314e-11	3.904058e-11	3.904058e-11
9.500000e+02	9.600000e+02	-4.535410e-12	5.077492e-12	5.077492e-12
9.600000e+02	9.700000e+02	4.584201e-12	4.490496e-12	4.490496e-12
9.700000e+02	9.800000e+02	1.307902e-12	1.308467e-12	1.308467e-12
9.800000e+02	9.900000e+02	-1.283334e-13	1.503559e-13	1.503559e-13
9.900000e+02	1.000000e+03	-4.619321e-10	4.966043e-10	4.966043e-10
# END HISTO1D

# BEGIN HISTO1D //itp/scratch/rauch/Projekte/VBFNLO/VBSCAN/VBSComparison/parton-shower/Powheg/Powheg.yoda/MC_VBSCAN_MCComparison/pT_j3
ErrorBandColor=green
ErrorBandOpacity=0.3
ErrorBands=1
LineColor=green
LineStyle=solid
Path=//itp/scratch/rauch/Projekte/VBFNLO/VBSCAN/VBSComparison/parton-shower/Powheg/Powheg.yoda/MC_VBSCAN_MCComparison/pT_j3
RatioPlotErrorBandColor=green
ScaledBy=3.25552498400246410e-05
Title=Powheg+Pythia 8
XLabel=
YLabel=
# xlow	 xhigh	 val	 errminus	 errplus
0.000000e+00	1.000000e+01	0.000000e+00	0.000000e+00	0.000000e+00
1.000000e+01	2.000000e+01	0.000000e+00	0.000000e+00	0.000000e+00
2.000000e+01	3.000000e+01	0.000000e+00	0.000000e+00	0.000000e+00
3.000000e+01	4.000000e+01	1.034903e-02	1.256689e-05	1.256689e-05
4.000000e+01	5.000000e+01	6.899143e-03	1.026059e-05	1.026059e-05
5.000000e+01	6.000000e+01	4.725578e-03	8.491951e-06	8.491951e-06
6.000000e+01	7.000000e+01	3.295990e-03	7.091709e-06	7.091709e-06
7.000000e+01	8.000000e+01	2.346562e-03	5.983869e-06	5.983869e-06
8.000000e+01	9.000000e+01	1.668654e-03	5.045952e-06	5.045952e-06
9.000000e+01	1.000000e+02	1.220612e-03	4.315866e-06	4.315866e-06
1.000000e+02	1.100000e+02	8.907140e-04	3.686684e-06	3.686684e-06
1.100000e+02	1.200000e+02	6.570648e-04	3.166476e-06	3.166476e-06
1.200000e+02	1.300000e+02	4.846469e-04	2.719519e-06	2.719519e-06
1.300000e+02	1.400000e+02	3.663957e-04	2.364631e-06	2.364631e-06
1.400000e+02	1.500000e+02	2.766621e-04	2.054711e-06	2.054711e-06
1.500000e+02	1.600000e+02	2.092513e-04	1.786972e-06	1.786972e-06
1.600000e+02	1.700000e+02	1.635071e-04	1.579650e-06	1.579650e-06
1.700000e+02	1.800000e+02	1.242630e-04	1.376965e-06	1.376965e-06
1.800000e+02	1.900000e+02	9.838501e-05	1.225417e-06	1.225417e-06
1.900000e+02	2.000000e+02	7.497890e-05	1.069600e-06	1.069600e-06
2.000000e+02	2.100000e+02	6.080402e-05	9.632037e-07	9.632037e-07
2.100000e+02	2.200000e+02	4.777349e-05	8.537791e-07	8.537791e-07
2.200000e+02	2.300000e+02	3.941199e-05	7.754721e-07	7.754721e-07
2.300000e+02	2.400000e+02	3.114203e-05	6.893273e-07	6.893273e-07
2.400000e+02	2.500000e+02	2.488616e-05	6.162131e-07	6.162131e-07
2.500000e+02	2.600000e+02	1.960682e-05	5.469600e-07	5.469600e-07
2.600000e+02	2.700000e+02	1.661620e-05	5.039835e-07	5.039835e-07
2.700000e+02	2.800000e+02	1.287794e-05	4.432770e-07	4.432770e-07
2.800000e+02	2.900000e+02	1.060446e-05	4.022503e-07	4.022503e-07
2.900000e+02	3.000000e+02	8.971835e-06	3.699923e-07	3.699923e-07
3.000000e+02	3.100000e+02	7.644369e-06	3.415253e-07	3.415253e-07
3.100000e+02	3.200000e+02	5.859157e-06	2.989989e-07	2.989989e-07
3.200000e+02	3.300000e+02	4.791082e-06	2.703764e-07	2.703764e-07
3.300000e+02	3.400000e+02	4.470659e-06	2.620686e-07	2.620686e-07
3.400000e+02	3.500000e+02	3.433100e-06	2.288733e-07	2.288733e-07
3.500000e+02	3.600000e+02	2.990612e-06	2.136151e-07	2.136151e-07
3.600000e+02	3.700000e+02	2.273475e-06	1.862503e-07	1.862503e-07
3.700000e+02	3.800000e+02	1.922536e-06	1.712731e-07	1.712731e-07
3.800000e+02	3.900000e+02	1.525822e-06	1.525822e-07	1.525822e-07
3.900000e+02	4.000000e+02	1.266432e-06	1.390090e-07	1.390090e-07
4.000000e+02	4.100000e+02	1.174883e-06	1.338904e-07	1.338904e-07
4.100000e+02	4.200000e+02	9.002351e-07	1.172006e-07	1.172006e-07
4.200000e+02	4.300000e+02	1.037559e-06	1.258225e-07	1.258225e-07
4.300000e+02	4.400000e+02	8.086858e-07	1.110815e-07	1.110815e-07
4.400000e+02	4.500000e+02	5.035213e-07	8.765181e-08	8.765181e-08
4.500000e+02	4.600000e+02	4.424884e-07	8.216804e-08	8.216804e-08
4.600000e+02	4.700000e+02	2.746480e-07	6.473515e-08	6.473515e-08
4.700000e+02	4.800000e+02	3.967138e-07	7.780197e-08	7.780197e-08
4.800000e+02	4.900000e+02	2.899062e-07	6.650905e-08	6.650905e-08
4.900000e+02	5.000000e+02	1.983569e-07	5.501430e-08	5.501430e-08
5.000000e+02	5.100000e+02	1.983569e-07	5.501430e-08	5.501430e-08
5.100000e+02	5.200000e+02	1.220658e-07	4.315677e-08	4.315677e-08
5.200000e+02	5.300000e+02	1.678404e-07	5.060580e-08	5.060580e-08
5.300000e+02	5.400000e+02	1.373240e-07	4.577467e-08	4.577467e-08
5.400000e+02	5.500000e+02	1.373240e-07	4.577467e-08	4.577467e-08
5.500000e+02	5.600000e+02	1.373240e-07	4.577467e-08	4.577467e-08
5.600000e+02	5.700000e+02	6.103289e-08	3.051644e-08	3.051644e-08
5.700000e+02	5.800000e+02	7.629111e-08	3.411843e-08	3.411843e-08
5.800000e+02	5.900000e+02	7.629111e-08	3.411843e-08	3.411843e-08
5.900000e+02	6.000000e+02	3.051644e-08	2.157839e-08	2.157839e-08
6.000000e+02	6.100000e+02	6.103289e-08	3.051644e-08	3.051644e-08
6.100000e+02	6.200000e+02	7.629111e-08	3.411843e-08	3.411843e-08
6.200000e+02	6.300000e+02	4.577467e-08	2.642802e-08	2.642802e-08
6.300000e+02	6.400000e+02	6.103289e-08	3.051644e-08	3.051644e-08
6.400000e+02	6.500000e+02	1.525822e-08	1.525822e-08	1.525822e-08
6.500000e+02	6.600000e+02	0.000000e+00	0.000000e+00	0.000000e+00
6.600000e+02	6.700000e+02	3.051644e-08	2.157839e-08	2.157839e-08
6.700000e+02	6.800000e+02	0.000000e+00	0.000000e+00	0.000000e+00
6.800000e+02	6.900000e+02	0.000000e+00	0.000000e+00	0.000000e+00
6.900000e+02	7.000000e+02	1.525822e-08	1.525822e-08	1.525822e-08
7.000000e+02	7.100000e+02	0.000000e+00	0.000000e+00	0.000000e+00
7.100000e+02	7.200000e+02	1.525822e-08	1.525822e-08	1.525822e-08
7.200000e+02	7.300000e+02	4.577467e-08	2.642802e-08	2.642802e-08
7.300000e+02	7.400000e+02	0.000000e+00	0.000000e+00	0.000000e+00
7.400000e+02	7.500000e+02	0.000000e+00	0.000000e+00	0.000000e+00
7.500000e+02	7.600000e+02	0.000000e+00	0.000000e+00	0.000000e+00
7.600000e+02	7.700000e+02	0.000000e+00	0.000000e+00	0.000000e+00
7.700000e+02	7.800000e+02	0.000000e+00	0.000000e+00	0.000000e+00
7.800000e+02	7.900000e+02	0.000000e+00	0.000000e+00	0.000000e+00
7.900000e+02	8.000000e+02	0.000000e+00	0.000000e+00	0.000000e+00
8.000000e+02	8.100000e+02	0.000000e+00	0.000000e+00	0.000000e+00
8.100000e+02	8.200000e+02	0.000000e+00	0.000000e+00	0.000000e+00
8.200000e+02	8.300000e+02	0.000000e+00	0.000000e+00	0.000000e+00
8.300000e+02	8.400000e+02	0.000000e+00	0.000000e+00	0.000000e+00
8.400000e+02	8.500000e+02	0.000000e+00	0.000000e+00	0.000000e+00
8.500000e+02	8.600000e+02	0.000000e+00	0.000000e+00	0.000000e+00
8.600000e+02	8.700000e+02	0.000000e+00	0.000000e+00	0.000000e+00
8.700000e+02	8.800000e+02	0.000000e+00	0.000000e+00	0.000000e+00
8.800000e+02	8.900000e+02	0.000000e+00	0.000000e+00	0.000000e+00
8.900000e+02	9.000000e+02	0.000000e+00	0.000000e+00	0.000000e+00
9.000000e+02	9.100000e+02	0.000000e+00	0.000000e+00	0.000000e+00
9.100000e+02	9.200000e+02	0.000000e+00	0.000000e+00	0.000000e+00
9.200000e+02	9.300000e+02	0.000000e+00	0.000000e+00	0.000000e+00
9.300000e+02	9.400000e+02	0.000000e+00	0.000000e+00	0.000000e+00
9.400000e+02	9.500000e+02	0.000000e+00	0.000000e+00	0.000000e+00
9.500000e+02	9.600000e+02	0.000000e+00	0.000000e+00	0.000000e+00
9.600000e+02	9.700000e+02	0.000000e+00	0.000000e+00	0.000000e+00
9.700000e+02	9.800000e+02	0.000000e+00	0.000000e+00	0.000000e+00
9.800000e+02	9.900000e+02	0.000000e+00	0.000000e+00	0.000000e+00
9.900000e+02	1.000000e+03	0.000000e+00	0.000000e+00	0.000000e+00
# END HISTO1D

# BEGIN HISTO1D //itp/scratch/rauch/Projekte/VBFNLO/VBSCAN/VBSComparison/parton-shower/Powheg/lhef.yoda/MC_VBSCAN_MCComparison/pT_j3
LineColor=green
LineStyle=dashed
Path=//itp/scratch/rauch/Projekte/VBFNLO/VBSCAN/VBSComparison/parton-shower/Powheg/lhef.yoda/MC_VBSCAN_MCComparison/pT_j3
ScaledBy=3.19361318241456415e-05
Title=Powheg-no shower
XLabel=
YLabel=
# xlow	 xhigh	 val	 errminus	 errplus
0.000000e+00	1.000000e+01	0.000000e+00	0.000000e+00	0.000000e+00
1.000000e+01	2.000000e+01	0.000000e+00	0.000000e+00	0.000000e+00
2.000000e+01	3.000000e+01	0.000000e+00	0.000000e+00	0.000000e+00
3.000000e+01	4.000000e+01	1.117579e-02	1.293398e-05	1.293398e-05
4.000000e+01	5.000000e+01	7.684657e-03	1.072519e-05	1.072519e-05
5.000000e+01	6.000000e+01	5.346842e-03	8.946249e-06	8.946249e-06
6.000000e+01	7.000000e+01	3.757325e-03	7.499501e-06	7.499501e-06
7.000000e+01	8.000000e+01	2.686615e-03	6.341474e-06	6.341474e-06
8.000000e+01	9.000000e+01	1.929442e-03	5.374092e-06	5.374092e-06
9.000000e+01	1.000000e+02	1.402731e-03	4.582253e-06	4.582253e-06
1.000000e+02	1.100000e+02	1.027063e-03	3.921029e-06	3.921029e-06
1.100000e+02	1.200000e+02	7.584311e-04	3.369374e-06	3.369374e-06
1.200000e+02	1.300000e+02	5.673789e-04	2.914199e-06	2.914199e-06
1.300000e+02	1.400000e+02	4.275923e-04	2.529866e-06	2.529866e-06
1.400000e+02	1.500000e+02	3.237439e-04	2.201423e-06	2.201423e-06
1.500000e+02	1.600000e+02	2.448923e-04	1.914682e-06	1.914682e-06
1.600000e+02	1.700000e+02	1.883879e-04	1.679359e-06	1.679359e-06
1.700000e+02	1.800000e+02	1.467468e-04	1.482064e-06	1.482064e-06
1.800000e+02	1.900000e+02	1.141763e-04	1.307457e-06	1.307457e-06
1.900000e+02	2.000000e+02	9.304139e-05	1.180105e-06	1.180105e-06
2.000000e+02	2.100000e+02	7.261001e-05	1.042511e-06	1.042511e-06
2.100000e+02	2.200000e+02	5.711808e-05	9.246331e-07	9.246331e-07
2.200000e+02	2.300000e+02	4.692484e-05	8.380772e-07	8.380772e-07
2.300000e+02	2.400000e+02	3.788413e-05	7.533258e-07	7.533258e-07
2.400000e+02	2.500000e+02	2.920267e-05	6.611407e-07	6.611407e-07
2.500000e+02	2.600000e+02	2.360461e-05	5.944031e-07	5.944031e-07
2.600000e+02	2.700000e+02	1.944350e-05	5.398882e-07	5.398882e-07
2.700000e+02	2.800000e+02	1.610562e-05	4.909886e-07	4.909886e-07
2.800000e+02	2.900000e+02	1.287252e-05	4.389494e-07	4.389494e-07
2.900000e+02	3.000000e+02	1.088177e-05	4.035826e-07	4.035826e-07
3.000000e+02	3.100000e+02	9.145478e-06	3.699865e-07	3.699865e-07
3.100000e+02	3.200000e+02	7.244536e-06	3.292971e-07	3.292971e-07
3.200000e+02	3.300000e+02	6.151868e-06	3.034493e-07	3.034493e-07
3.300000e+02	3.400000e+02	5.029265e-06	2.743689e-07	2.743689e-07
3.400000e+02	3.500000e+02	4.116214e-06	2.482170e-07	2.482170e-07
3.500000e+02	3.600000e+02	3.502524e-06	2.289671e-07	2.289671e-07
3.600000e+02	3.700000e+02	2.843929e-06	2.063203e-07	2.063203e-07
3.700000e+02	3.800000e+02	2.679281e-06	2.013745e-07	2.013745e-07
3.800000e+02	3.900000e+02	1.930878e-06	1.700044e-07	1.700044e-07
3.900000e+02	4.000000e+02	1.661454e-06	1.576982e-07	1.576982e-07
4.000000e+02	4.100000e+02	1.392029e-06	1.443466e-07	1.443466e-07
4.100000e+02	4.200000e+02	1.077700e-06	1.270081e-07	1.270081e-07
4.200000e+02	4.300000e+02	9.130510e-07	1.169042e-07	1.169042e-07
4.300000e+02	4.400000e+02	8.831149e-07	1.149718e-07	1.149718e-07
4.400000e+02	4.500000e+02	5.837539e-07	9.347544e-08	9.347544e-08
4.500000e+02	4.600000e+02	6.286581e-07	9.700405e-08	9.700405e-08
4.600000e+02	4.700000e+02	6.885303e-07	1.015183e-07	1.015183e-07
4.700000e+02	4.800000e+02	4.191054e-07	7.920347e-08	7.920347e-08
4.800000e+02	4.900000e+02	3.592332e-07	7.332817e-08	7.332817e-08
4.900000e+02	5.000000e+02	2.544568e-07	6.171485e-08	6.171485e-08
5.000000e+02	5.100000e+02	2.694249e-07	6.350405e-08	6.350405e-08
5.100000e+02	5.200000e+02	1.945846e-07	5.396807e-08	5.396807e-08
5.200000e+02	5.300000e+02	1.347124e-07	4.490415e-08	4.490415e-08
5.300000e+02	5.400000e+02	2.095527e-07	5.600531e-08	5.600531e-08
5.400000e+02	5.500000e+02	1.347124e-07	4.490415e-08	4.490415e-08
5.500000e+02	5.600000e+02	1.347124e-07	4.490415e-08	4.490415e-08
5.600000e+02	5.700000e+02	1.047763e-07	3.960174e-08	3.960174e-08
5.700000e+02	5.800000e+02	1.197444e-07	4.233604e-08	4.233604e-08
5.800000e+02	5.900000e+02	7.484025e-08	3.346958e-08	3.346958e-08
5.900000e+02	6.000000e+02	4.490415e-08	2.592542e-08	2.592542e-08
6.000000e+02	6.100000e+02	7.484025e-08	3.346958e-08	3.346958e-08
6.100000e+02	6.200000e+02	8.980830e-08	3.666408e-08	3.666408e-08
6.200000e+02	6.300000e+02	5.987220e-08	2.993610e-08	2.993610e-08
6.300000e+02	6.400000e+02	1.197444e-07	4.233604e-08	4.233604e-08
6.400000e+02	6.500000e+02	5.987220e-08	2.993610e-08	2.993610e-08
6.500000e+02	6.600000e+02	1.496805e-08	1.496805e-08	1.496805e-08
6.600000e+02	6.700000e+02	1.496805e-08	1.496805e-08	1.496805e-08
6.700000e+02	6.800000e+02	1.496805e-08	1.496805e-08	1.496805e-08
6.800000e+02	6.900000e+02	2.993610e-08	2.116802e-08	2.116802e-08
6.900000e+02	7.000000e+02	4.490415e-08	2.592542e-08	2.592542e-08
7.000000e+02	7.100000e+02	1.496805e-08	1.496805e-08	1.496805e-08
7.100000e+02	7.200000e+02	0.000000e+00	0.000000e+00	0.000000e+00
7.200000e+02	7.300000e+02	2.993610e-08	2.116802e-08	2.116802e-08
7.300000e+02	7.400000e+02	2.993610e-08	2.116802e-08	2.116802e-08
7.400000e+02	7.500000e+02	1.496805e-08	1.496805e-08	1.496805e-08
7.500000e+02	7.600000e+02	0.000000e+00	0.000000e+00	0.000000e+00
7.600000e+02	7.700000e+02	0.000000e+00	0.000000e+00	0.000000e+00
7.700000e+02	7.800000e+02	0.000000e+00	0.000000e+00	0.000000e+00
7.800000e+02	7.900000e+02	0.000000e+00	0.000000e+00	0.000000e+00
7.900000e+02	8.000000e+02	0.000000e+00	0.000000e+00	0.000000e+00
8.000000e+02	8.100000e+02	0.000000e+00	0.000000e+00	0.000000e+00
8.100000e+02	8.200000e+02	0.000000e+00	0.000000e+00	0.000000e+00
8.200000e+02	8.300000e+02	0.000000e+00	0.000000e+00	0.000000e+00
8.300000e+02	8.400000e+02	0.000000e+00	0.000000e+00	0.000000e+00
8.400000e+02	8.500000e+02	0.000000e+00	0.000000e+00	0.000000e+00
8.500000e+02	8.600000e+02	0.000000e+00	0.000000e+00	0.000000e+00
8.600000e+02	8.700000e+02	0.000000e+00	0.000000e+00	0.000000e+00
8.700000e+02	8.800000e+02	0.000000e+00	0.000000e+00	0.000000e+00
8.800000e+02	8.900000e+02	0.000000e+00	0.000000e+00	0.000000e+00
8.900000e+02	9.000000e+02	0.000000e+00	0.000000e+00	0.000000e+00
9.000000e+02	9.100000e+02	0.000000e+00	0.000000e+00	0.000000e+00
9.100000e+02	9.200000e+02	0.000000e+00	0.000000e+00	0.000000e+00
9.200000e+02	9.300000e+02	0.000000e+00	0.000000e+00	0.000000e+00
9.300000e+02	9.400000e+02	0.000000e+00	0.000000e+00	0.000000e+00
9.400000e+02	9.500000e+02	0.000000e+00	0.000000e+00	0.000000e+00
9.500000e+02	9.600000e+02	0.000000e+00	0.000000e+00	0.000000e+00
9.600000e+02	9.700000e+02	0.000000e+00	0.000000e+00	0.000000e+00
9.700000e+02	9.800000e+02	0.000000e+00	0.000000e+00	0.000000e+00
9.800000e+02	9.900000e+02	0.000000e+00	0.000000e+00	0.000000e+00
9.900000e+02	1.000000e+03	0.000000e+00	0.000000e+00	0.000000e+00
# END HISTO1D

# BEGIN HISTO1D //itp/scratch/rauch/Projekte/VBFNLO/VBSCAN/VBSComparison/parton-shower/MG5_aMC/run_HWPP_5M_NLOPS.yoda/MC_VBSCAN_MCComparison/pT_j3
ErrorBandColor=magenta
ErrorBandOpacity=0.3
ErrorBands=1
LineColor=magenta
LineStyle=dashed
Path=//itp/scratch/rauch/Projekte/VBFNLO/VBSCAN/VBSComparison/parton-shower/MG5_aMC/run_HWPP_5M_NLOPS.yoda/MC_VBSCAN_MCComparison/pT_j3
RatioPlotErrorBandColor=magenta
ScaledBy=4.29481468359931388e-06
Title=MG5_aMC+H++ 2.7.1
XLabel=
YLabel=
# xlow	 xhigh	 val	 errminus	 errplus
0.000000e+00	1.000000e+01	0.000000e+00	0.000000e+00	0.000000e+00
1.000000e+01	2.000000e+01	0.000000e+00	0.000000e+00	0.000000e+00
2.000000e+01	3.000000e+01	0.000000e+00	0.000000e+00	0.000000e+00
3.000000e+01	4.000000e+01	1.159213e-02	1.047310e-04	1.047310e-04
4.000000e+01	5.000000e+01	7.851351e-03	8.512080e-05	8.512080e-05
5.000000e+01	6.000000e+01	5.266302e-03	6.919851e-05	6.919851e-05
6.000000e+01	7.000000e+01	3.733912e-03	5.731929e-05	5.731929e-05
7.000000e+01	8.000000e+01	2.589344e-03	4.769952e-05	4.769952e-05
8.000000e+01	9.000000e+01	1.851495e-03	4.000637e-05	4.000637e-05
9.000000e+01	1.000000e+02	1.357161e-03	3.399150e-05	3.399150e-05
1.000000e+02	1.100000e+02	9.852305e-04	2.855325e-05	2.855325e-05
1.100000e+02	1.200000e+02	6.820166e-04	2.431032e-05	2.431032e-05
1.200000e+02	1.300000e+02	5.201021e-04	2.070885e-05	2.070885e-05
1.300000e+02	1.400000e+02	3.895397e-04	1.756679e-05	1.756679e-05
1.400000e+02	1.500000e+02	3.019255e-04	1.564516e-05	1.564516e-05
1.500000e+02	1.600000e+02	2.224714e-04	1.322357e-05	1.322357e-05
1.600000e+02	1.700000e+02	1.790938e-04	1.165945e-05	1.165945e-05
1.700000e+02	1.800000e+02	1.408699e-04	1.023573e-05	1.023573e-05
1.800000e+02	1.900000e+02	1.035050e-04	8.470699e-06	8.470699e-06
1.900000e+02	2.000000e+02	7.730666e-05	8.080645e-06	8.080645e-06
2.000000e+02	2.100000e+02	6.227481e-05	7.122144e-06	7.122144e-06
2.100000e+02	2.200000e+02	4.165970e-05	5.873071e-06	5.873071e-06
2.200000e+02	2.300000e+02	5.067881e-05	5.825770e-06	5.825770e-06
2.300000e+02	2.400000e+02	3.435852e-05	4.859028e-06	4.859028e-06
2.400000e+02	2.500000e+02	2.920474e-05	4.294814e-06	4.294814e-06
2.500000e+02	2.600000e+02	1.932667e-05	4.051721e-06	4.051721e-06
2.600000e+02	2.700000e+02	1.760874e-05	3.515457e-06	3.515457e-06
2.700000e+02	2.800000e+02	1.374341e-05	3.156031e-06	3.156031e-06
2.800000e+02	2.900000e+02	1.030756e-05	2.352367e-06	2.352367e-06
2.900000e+02	3.000000e+02	9.448592e-06	2.576889e-06	2.576889e-06
3.000000e+02	3.100000e+02	6.871703e-06	2.352367e-06	2.352367e-06
3.100000e+02	3.200000e+02	7.301185e-06	1.968131e-06	1.968131e-06
3.200000e+02	3.300000e+02	4.724296e-06	2.059721e-06	2.059721e-06
3.300000e+02	3.400000e+02	4.294815e-06	1.487767e-06	1.487767e-06
3.400000e+02	3.500000e+02	3.006370e-06	1.770798e-06	1.770798e-06
3.500000e+02	3.600000e+02	6.871703e-06	1.822136e-06	1.822136e-06
3.600000e+02	3.700000e+02	2.576889e-06	1.487767e-06	1.487767e-06
3.700000e+02	3.800000e+02	3.006370e-06	1.136301e-06	1.136301e-06
3.800000e+02	3.900000e+02	4.294813e-07	7.438837e-07	7.438837e-07
3.900000e+02	4.000000e+02	1.288444e-06	9.603498e-07	9.603498e-07
4.000000e+02	4.100000e+02	1.717926e-06	1.052010e-06	1.052010e-06
4.100000e+02	4.200000e+02	2.147407e-06	9.603498e-07	9.603498e-07
4.200000e+02	4.300000e+02	1.033921e-13	6.073785e-07	6.073785e-07
4.300000e+02	4.400000e+02	8.589630e-07	8.589629e-07	8.589629e-07
4.400000e+02	4.500000e+02	5.344000e-14	6.073785e-07	6.073785e-07
4.500000e+02	4.600000e+02	4.294814e-07	7.438837e-07	7.438837e-07
4.600000e+02	4.700000e+02	0.000000e+00	0.000000e+00	0.000000e+00
4.700000e+02	4.800000e+02	0.000000e+00	0.000000e+00	0.000000e+00
4.800000e+02	4.900000e+02	8.589629e-07	6.073785e-07	6.073785e-07
4.900000e+02	5.000000e+02	0.000000e+00	0.000000e+00	0.000000e+00
5.000000e+02	5.100000e+02	4.294814e-07	4.294814e-07	4.294814e-07
5.100000e+02	5.200000e+02	4.294814e-07	4.294814e-07	4.294814e-07
5.200000e+02	5.300000e+02	4.294815e-07	4.294814e-07	4.294814e-07
5.300000e+02	5.400000e+02	0.000000e+00	0.000000e+00	0.000000e+00
5.400000e+02	5.500000e+02	0.000000e+00	0.000000e+00	0.000000e+00
5.500000e+02	5.600000e+02	4.294815e-07	4.294814e-07	4.294814e-07
5.600000e+02	5.700000e+02	0.000000e+00	0.000000e+00	0.000000e+00
5.700000e+02	5.800000e+02	0.000000e+00	0.000000e+00	0.000000e+00
5.800000e+02	5.900000e+02	0.000000e+00	0.000000e+00	0.000000e+00
5.900000e+02	6.000000e+02	0.000000e+00	0.000000e+00	0.000000e+00
6.000000e+02	6.100000e+02	0.000000e+00	0.000000e+00	0.000000e+00
6.100000e+02	6.200000e+02	4.294814e-07	4.294814e-07	4.294814e-07
6.200000e+02	6.300000e+02	0.000000e+00	0.000000e+00	0.000000e+00
6.300000e+02	6.400000e+02	0.000000e+00	0.000000e+00	0.000000e+00
6.400000e+02	6.500000e+02	0.000000e+00	0.000000e+00	0.000000e+00
6.500000e+02	6.600000e+02	0.000000e+00	0.000000e+00	0.000000e+00
6.600000e+02	6.700000e+02	0.000000e+00	0.000000e+00	0.000000e+00
6.700000e+02	6.800000e+02	0.000000e+00	0.000000e+00	0.000000e+00
6.800000e+02	6.900000e+02	0.000000e+00	0.000000e+00	0.000000e+00
6.900000e+02	7.000000e+02	0.000000e+00	0.000000e+00	0.000000e+00
7.000000e+02	7.100000e+02	0.000000e+00	0.000000e+00	0.000000e+00
7.100000e+02	7.200000e+02	0.000000e+00	0.000000e+00	0.000000e+00
7.200000e+02	7.300000e+02	0.000000e+00	0.000000e+00	0.000000e+00
7.300000e+02	7.400000e+02	0.000000e+00	0.000000e+00	0.000000e+00
7.400000e+02	7.500000e+02	0.000000e+00	0.000000e+00	0.000000e+00
7.500000e+02	7.600000e+02	0.000000e+00	0.000000e+00	0.000000e+00
7.600000e+02	7.700000e+02	0.000000e+00	0.000000e+00	0.000000e+00
7.700000e+02	7.800000e+02	0.000000e+00	0.000000e+00	0.000000e+00
7.800000e+02	7.900000e+02	0.000000e+00	0.000000e+00	0.000000e+00
7.900000e+02	8.000000e+02	0.000000e+00	0.000000e+00	0.000000e+00
8.000000e+02	8.100000e+02	0.000000e+00	0.000000e+00	0.000000e+00
8.100000e+02	8.200000e+02	0.000000e+00	0.000000e+00	0.000000e+00
8.200000e+02	8.300000e+02	0.000000e+00	0.000000e+00	0.000000e+00
8.300000e+02	8.400000e+02	0.000000e+00	0.000000e+00	0.000000e+00
8.400000e+02	8.500000e+02	0.000000e+00	0.000000e+00	0.000000e+00
8.500000e+02	8.600000e+02	0.000000e+00	0.000000e+00	0.000000e+00
8.600000e+02	8.700000e+02	0.000000e+00	0.000000e+00	0.000000e+00
8.700000e+02	8.800000e+02	0.000000e+00	0.000000e+00	0.000000e+00
8.800000e+02	8.900000e+02	0.000000e+00	0.000000e+00	0.000000e+00
8.900000e+02	9.000000e+02	0.000000e+00	0.000000e+00	0.000000e+00
9.000000e+02	9.100000e+02	0.000000e+00	0.000000e+00	0.000000e+00
9.100000e+02	9.200000e+02	0.000000e+00	0.000000e+00	0.000000e+00
9.200000e+02	9.300000e+02	0.000000e+00	0.000000e+00	0.000000e+00
9.300000e+02	9.400000e+02	0.000000e+00	0.000000e+00	0.000000e+00
9.400000e+02	9.500000e+02	0.000000e+00	0.000000e+00	0.000000e+00
9.500000e+02	9.600000e+02	0.000000e+00	0.000000e+00	0.000000e+00
9.600000e+02	9.700000e+02	0.000000e+00	0.000000e+00	0.000000e+00
9.700000e+02	9.800000e+02	0.000000e+00	0.000000e+00	0.000000e+00
9.800000e+02	9.900000e+02	0.000000e+00	0.000000e+00	0.000000e+00
9.900000e+02	1.000000e+03	0.000000e+00	0.000000e+00	0.000000e+00
# END HISTO1D

# BEGIN HISTO1D //itp/scratch/rauch/Projekte/VBFNLO/VBSCAN/VBSComparison/parton-shower/MG5_aMC/run_PY8_10M_NLOPS.yoda/MC_VBSCAN_MCComparison/pT_j3
ErrorBandColor=brown
ErrorBandOpacity=0.3
ErrorBands=1
LineColor=brown
LineStyle=dashed
Path=//itp/scratch/rauch/Projekte/VBFNLO/VBSCAN/VBSComparison/parton-shower/MG5_aMC/run_PY8_10M_NLOPS.yoda/MC_VBSCAN_MCComparison/pT_j3
RatioPlotErrorBandColor=brown
ScaledBy=9.99999999999999334e-01
Title=MG5_aMC+Pythia 8
XLabel=
YLabel=
# xlow	 xhigh	 val	 errminus	 errplus
0.000000e+00	1.000000e+01	0.000000e+00	0.000000e+00	0.000000e+00
1.000000e+01	2.000000e+01	0.000000e+00	0.000000e+00	0.000000e+00
2.000000e+01	3.000000e+01	0.000000e+00	0.000000e+00	0.000000e+00
3.000000e+01	4.000000e+01	1.669389e-02	1.350952e-04	1.350952e-04
4.000000e+01	5.000000e+01	1.078608e-02	1.144829e-04	1.144829e-04
5.000000e+01	6.000000e+01	7.195306e-03	9.635826e-05	9.635826e-05
6.000000e+01	7.000000e+01	4.830399e-03	8.057380e-05	8.057380e-05
7.000000e+01	8.000000e+01	3.379841e-03	6.751947e-05	6.751947e-05
8.000000e+01	9.000000e+01	2.368022e-03	5.665280e-05	5.665280e-05
9.000000e+01	1.000000e+02	1.593537e-03	4.753679e-05	4.753679e-05
1.000000e+02	1.100000e+02	1.198412e-03	4.048408e-05	4.048408e-05
1.100000e+02	1.200000e+02	8.772926e-04	3.426278e-05	3.426278e-05
1.200000e+02	1.300000e+02	5.849635e-04	2.936580e-05	2.936580e-05
1.300000e+02	1.400000e+02	4.117396e-04	2.500255e-05	2.500255e-05
1.400000e+02	1.500000e+02	2.947988e-04	2.152541e-05	2.152541e-05
1.500000e+02	1.600000e+02	2.653837e-04	1.835266e-05	1.835266e-05
1.600000e+02	1.700000e+02	1.468708e-04	1.601914e-05	1.601914e-05
1.700000e+02	1.800000e+02	1.466200e-04	1.434263e-05	1.434263e-05
1.800000e+02	1.900000e+02	9.925927e-05	1.217549e-05	1.217549e-05
1.900000e+02	2.000000e+02	8.918643e-05	1.066652e-05	1.066652e-05
2.000000e+02	2.100000e+02	7.115543e-05	9.550996e-06	9.550996e-06
2.100000e+02	2.200000e+02	6.636699e-05	8.422696e-06	8.422696e-06
2.200000e+02	2.300000e+02	2.722290e-05	7.327583e-06	7.327583e-06
2.300000e+02	2.400000e+02	2.858088e-05	6.683634e-06	6.683634e-06
2.400000e+02	2.500000e+02	3.360232e-05	5.910662e-06	5.910662e-06
2.500000e+02	2.600000e+02	1.797886e-05	5.252087e-06	5.252087e-06
2.600000e+02	2.700000e+02	2.170665e-05	4.806225e-06	4.806225e-06
2.700000e+02	2.800000e+02	1.111239e-05	3.907110e-06	3.907110e-06
2.800000e+02	2.900000e+02	1.136424e-05	3.951695e-06	3.951695e-06
2.900000e+02	3.000000e+02	5.289921e-06	3.326331e-06	3.326331e-06
3.000000e+02	3.100000e+02	7.932662e-06	2.993889e-06	2.993889e-06
3.100000e+02	3.200000e+02	8.212246e-06	2.763381e-06	2.763381e-06
3.200000e+02	3.300000e+02	4.231493e-06	2.619818e-06	2.619818e-06
3.300000e+02	3.400000e+02	5.293250e-06	2.213601e-06	2.213601e-06
3.400000e+02	3.500000e+02	5.810262e-06	2.213601e-06	2.213601e-06
3.500000e+02	3.600000e+02	1.320262e-06	1.925991e-06	1.925991e-06
3.600000e+02	3.700000e+02	1.851694e-06	1.852332e-06	1.852332e-06
3.700000e+02	3.800000e+02	2.380908e-06	1.775951e-06	1.775951e-06
3.800000e+02	3.900000e+02	1.060647e-06	1.399752e-06	1.399752e-06
3.900000e+02	4.000000e+02	2.119075e-06	1.399752e-06	1.399752e-06
4.000000e+02	4.100000e+02	5.292140e-07	1.122635e-06	1.122635e-06
4.100000e+02	4.200000e+02	2.662713e-07	1.269592e-06	1.269592e-06
4.200000e+02	4.300000e+02	5.314327e-07	9.169478e-07	9.169478e-07
4.300000e+02	4.400000e+02	-1.109400e-09	8.381647e-07	8.381647e-07
4.400000e+02	4.500000e+02	-5.281045e-07	5.292152e-07	5.292152e-07
4.500000e+02	4.600000e+02	-1.109400e-09	6.472472e-07	6.472472e-07
4.600000e+02	4.700000e+02	5.303235e-07	6.486064e-07	6.486064e-07
4.700000e+02	4.800000e+02	1.322481e-06	5.914325e-07	5.914325e-07
4.800000e+02	4.900000e+02	1.587642e-06	6.481536e-07	6.481536e-07
4.900000e+02	5.000000e+02	5.292140e-07	3.742116e-07	3.742116e-07
5.000000e+02	5.100000e+02	2.651617e-07	4.579934e-07	4.579934e-07
5.100000e+02	5.200000e+02	5.303235e-07	5.292152e-07	5.292152e-07
5.200000e+02	5.300000e+02	0.000000e+00	0.000000e+00	0.000000e+00
5.300000e+02	5.400000e+02	0.000000e+00	3.749953e-07	3.749953e-07
5.400000e+02	5.500000e+02	5.281045e-07	3.734263e-07	3.734263e-07
5.500000e+02	5.600000e+02	0.000000e+00	0.000000e+00	0.000000e+00
5.600000e+02	5.700000e+02	0.000000e+00	0.000000e+00	0.000000e+00
5.700000e+02	5.800000e+02	0.000000e+00	0.000000e+00	0.000000e+00
5.800000e+02	5.900000e+02	-1.109400e-09	3.742116e-07	3.742116e-07
5.900000e+02	6.000000e+02	0.000000e+00	0.000000e+00	0.000000e+00
6.000000e+02	6.100000e+02	2.651617e-07	2.651617e-07	2.651617e-07
6.100000e+02	6.200000e+02	2.651617e-07	2.651617e-07	2.651617e-07
6.200000e+02	6.300000e+02	0.000000e+00	0.000000e+00	0.000000e+00
6.300000e+02	6.400000e+02	0.000000e+00	0.000000e+00	0.000000e+00
6.400000e+02	6.500000e+02	0.000000e+00	0.000000e+00	0.000000e+00
6.500000e+02	6.600000e+02	0.000000e+00	0.000000e+00	0.000000e+00
6.600000e+02	6.700000e+02	0.000000e+00	0.000000e+00	0.000000e+00
6.700000e+02	6.800000e+02	0.000000e+00	0.000000e+00	0.000000e+00
6.800000e+02	6.900000e+02	0.000000e+00	0.000000e+00	0.000000e+00
6.900000e+02	7.000000e+02	0.000000e+00	0.000000e+00	0.000000e+00
7.000000e+02	7.100000e+02	0.000000e+00	0.000000e+00	0.000000e+00
7.100000e+02	7.200000e+02	0.000000e+00	0.000000e+00	0.000000e+00
7.200000e+02	7.300000e+02	0.000000e+00	0.000000e+00	0.000000e+00
7.300000e+02	7.400000e+02	0.000000e+00	0.000000e+00	0.000000e+00
7.400000e+02	7.500000e+02	0.000000e+00	0.000000e+00	0.000000e+00
7.500000e+02	7.600000e+02	0.000000e+00	0.000000e+00	0.000000e+00
7.600000e+02	7.700000e+02	0.000000e+00	0.000000e+00	0.000000e+00
7.700000e+02	7.800000e+02	0.000000e+00	0.000000e+00	0.000000e+00
7.800000e+02	7.900000e+02	0.000000e+00	0.000000e+00	0.000000e+00
7.900000e+02	8.000000e+02	0.000000e+00	0.000000e+00	0.000000e+00
8.000000e+02	8.100000e+02	0.000000e+00	0.000000e+00	0.000000e+00
8.100000e+02	8.200000e+02	0.000000e+00	0.000000e+00	0.000000e+00
8.200000e+02	8.300000e+02	0.000000e+00	0.000000e+00	0.000000e+00
8.300000e+02	8.400000e+02	0.000000e+00	0.000000e+00	0.000000e+00
8.400000e+02	8.500000e+02	0.000000e+00	0.000000e+00	0.000000e+00
8.500000e+02	8.600000e+02	0.000000e+00	0.000000e+00	0.000000e+00
8.600000e+02	8.700000e+02	0.000000e+00	0.000000e+00	0.000000e+00
8.700000e+02	8.800000e+02	0.000000e+00	0.000000e+00	0.000000e+00
8.800000e+02	8.900000e+02	0.000000e+00	0.000000e+00	0.000000e+00
8.900000e+02	9.000000e+02	0.000000e+00	0.000000e+00	0.000000e+00
9.000000e+02	9.100000e+02	0.000000e+00	0.000000e+00	0.000000e+00
9.100000e+02	9.200000e+02	0.000000e+00	0.000000e+00	0.000000e+00
9.200000e+02	9.300000e+02	0.000000e+00	0.000000e+00	0.000000e+00
9.300000e+02	9.400000e+02	0.000000e+00	0.000000e+00	0.000000e+00
9.400000e+02	9.500000e+02	0.000000e+00	0.000000e+00	0.000000e+00
9.500000e+02	9.600000e+02	0.000000e+00	0.000000e+00	0.000000e+00
9.600000e+02	9.700000e+02	0.000000e+00	0.000000e+00	0.000000e+00
9.700000e+02	9.800000e+02	0.000000e+00	0.000000e+00	0.000000e+00
9.800000e+02	9.900000e+02	0.000000e+00	0.000000e+00	0.000000e+00
9.900000e+02	1.000000e+03	0.000000e+00	0.000000e+00	0.000000e+00
# END HISTO1D

