# BEGIN PLOT
LegendOnly=//itp/scratch/rauch/Projekte/VBFNLO/branches/VBSCAN/runs/PS/NLO/LHC.yoda/MC_VBSCAN_MCComparison/z_j3 //itp/scratch/rauch/Projekte/VBFNLO/branches/VBSCAN/runs/PS/LO/LHC.yoda/MC_VBSCAN_MCComparison/z_j3 //itp/scratch/rauch/Projekte/VBFNLO/branches/VBSCAN/runs/PS/MCatNLO-Dipole/LHC.yoda/MC_VBSCAN_MCComparison/z_j3 //itp/scratch/rauch/Projekte/VBFNLO/branches/VBSCAN/runs/PS/MCatLO-Dipole/LHC.yoda/MC_VBSCAN_MCComparison/z_j3
DrawOnly=//itp/scratch/rauch/Projekte/VBFNLO/branches/VBSCAN/runs/PS/NLO/LHC.yoda/MC_VBSCAN_MCComparison/z_j3 //itp/scratch/rauch/Projekte/VBFNLO/branches/VBSCAN/runs/PS/LO/LHC.yoda/MC_VBSCAN_MCComparison/z_j3 //itp/scratch/rauch/Projekte/VBFNLO/branches/VBSCAN/runs/PS/MCatNLO-Dipole/LHC.yoda/MC_VBSCAN_MCComparison/z_j3 //itp/scratch/rauch/Projekte/VBFNLO/branches/VBSCAN/runs/PS/MCatLO-Dipole/LHC.yoda/MC_VBSCAN_MCComparison/z_j3
Title=Normalized average rapidity of the third jet
RatioPlot=1
LogY=0
RatioPlotYLabel=Ratio
RatioPlotSameStyle=1
RatioPlotReference=//itp/scratch/rauch/Projekte/VBFNLO/branches/VBSCAN/runs/PS/NLO/LHC.yoda/MC_VBSCAN_MCComparison/z_j3
XLabel=$z_{j3}$
YLabel=$d~\sigma_{WW\to e^+\nu \mu^+\nu}/d~z_{j3}$~[fb]
Legend=1
# END PLOT

# BEGIN HISTO1D //itp/scratch/rauch/Projekte/VBFNLO/branches/VBSCAN/runs/PS/NLO/LHC.yoda/MC_VBSCAN_MCComparison/z_j3
ErrorBandColor=red
ErrorBandOpacity=0.3
ErrorBands=0
LineColor=red
LineStyle=solid
Path=//itp/scratch/rauch/Projekte/VBFNLO/branches/VBSCAN/runs/PS/NLO/LHC.yoda/MC_VBSCAN_MCComparison/z_j3
RatioPlotErrorBandColor=red
ScaledBy=1.91088153257004890e-04
Title=NLO
XLabel=
YLabel=
# xlow	 xhigh	 val	 errminus	 errplus
0.000000e+00	5.000000e-02	8.244708e-02	5.056379e-04	5.056379e-04
5.000000e-02	1.000000e-01	9.168944e-02	4.835130e-04	4.835130e-04
1.000000e-01	1.500000e-01	1.105030e-01	6.692557e-04	6.692557e-04
1.500000e-01	2.000000e-01	1.422293e-01	7.484771e-04	7.484771e-04
2.000000e-01	2.500000e-01	1.915340e-01	1.035651e-03	1.035651e-03
2.500000e-01	3.000000e-01	2.650264e-01	1.325069e-03	1.325069e-03
3.000000e-01	3.500000e-01	3.879928e-01	1.925431e-03	1.925431e-03
3.500000e-01	4.000000e-01	5.779586e-01	3.060628e-03	3.060628e-03
4.000000e-01	4.500000e-01	6.795992e-01	3.903276e-03	3.903276e-03
4.500000e-01	5.000000e-01	6.223418e-01	4.277030e-03	4.277030e-03
5.000000e-01	5.500000e-01	6.460554e-01	4.349597e-03	4.349597e-03
5.500000e-01	6.000000e-01	7.671490e-01	4.837640e-03	4.837640e-03
6.000000e-01	6.500000e-01	7.275926e-01	4.379000e-03	4.379000e-03
6.500000e-01	7.000000e-01	5.550690e-01	3.327336e-03	3.327336e-03
7.000000e-01	7.500000e-01	4.138676e-01	2.886175e-03	2.886175e-03
7.500000e-01	8.000000e-01	3.191320e-01	2.192626e-03	2.192626e-03
8.000000e-01	8.500000e-01	2.434502e-01	1.730671e-03	1.730671e-03
8.500000e-01	9.000000e-01	1.953876e-01	1.562187e-03	1.562187e-03
9.000000e-01	9.500000e-01	1.516562e-01	1.127875e-03	1.127875e-03
9.500000e-01	1.000000e+00	1.199557e-01	1.022837e-03	1.022837e-03
1.000000e+00	1.050000e+00	9.428250e-02	8.728413e-04	8.728413e-04
1.050000e+00	1.100000e+00	7.534084e-02	7.509232e-04	7.509232e-04
1.100000e+00	1.150000e+00	5.859148e-02	6.429958e-04	6.429958e-04
1.150000e+00	1.200000e+00	4.647222e-02	5.660959e-04	5.660959e-04
1.200000e+00	1.250000e+00	3.664170e-02	4.982814e-04	4.982814e-04
1.250000e+00	1.300000e+00	2.854808e-02	4.072798e-04	4.072798e-04
1.300000e+00	1.350000e+00	2.244940e-02	3.664718e-04	3.664718e-04
1.350000e+00	1.400000e+00	1.767415e-02	3.008218e-04	3.008218e-04
1.400000e+00	1.450000e+00	1.349475e-02	2.862450e-04	2.862450e-04
1.450000e+00	1.500000e+00	1.060608e-02	2.699623e-04	2.699623e-04
# END HISTO1D

# BEGIN HISTO1D //itp/scratch/rauch/Projekte/VBFNLO/branches/VBSCAN/runs/PS/LO/LHC.yoda/MC_VBSCAN_MCComparison/z_j3
ErrorBandColor=green
ErrorBandOpacity=0.3
ErrorBands=1
LineColor=green
LineStyle=solid
Path=//itp/scratch/rauch/Projekte/VBFNLO/branches/VBSCAN/runs/PS/LO/LHC.yoda/MC_VBSCAN_MCComparison/z_j3
RatioPlotErrorBandColor=green
ScaledBy=6.19855292121686101e-04
Title=LO
XLabel=
YLabel=
yodamerge_scale= 1.00000000e+00
# xlow	 xhigh	 val	 errminus	 errplus
0.000000e+00	5.000000e-02	0.000000e+00	0.000000e+00	0.000000e+00
5.000000e-02	1.000000e-01	0.000000e+00	0.000000e+00	0.000000e+00
1.000000e-01	1.500000e-01	0.000000e+00	0.000000e+00	0.000000e+00
1.500000e-01	2.000000e-01	0.000000e+00	0.000000e+00	0.000000e+00
2.000000e-01	2.500000e-01	0.000000e+00	0.000000e+00	0.000000e+00
2.500000e-01	3.000000e-01	0.000000e+00	0.000000e+00	0.000000e+00
3.000000e-01	3.500000e-01	0.000000e+00	0.000000e+00	0.000000e+00
3.500000e-01	4.000000e-01	0.000000e+00	0.000000e+00	0.000000e+00
4.000000e-01	4.500000e-01	0.000000e+00	0.000000e+00	0.000000e+00
4.500000e-01	5.000000e-01	0.000000e+00	0.000000e+00	0.000000e+00
5.000000e-01	5.500000e-01	0.000000e+00	0.000000e+00	0.000000e+00
5.500000e-01	6.000000e-01	0.000000e+00	0.000000e+00	0.000000e+00
6.000000e-01	6.500000e-01	0.000000e+00	0.000000e+00	0.000000e+00
6.500000e-01	7.000000e-01	0.000000e+00	0.000000e+00	0.000000e+00
7.000000e-01	7.500000e-01	0.000000e+00	0.000000e+00	0.000000e+00
7.500000e-01	8.000000e-01	0.000000e+00	0.000000e+00	0.000000e+00
8.000000e-01	8.500000e-01	0.000000e+00	0.000000e+00	0.000000e+00
8.500000e-01	9.000000e-01	0.000000e+00	0.000000e+00	0.000000e+00
9.000000e-01	9.500000e-01	0.000000e+00	0.000000e+00	0.000000e+00
9.500000e-01	1.000000e+00	0.000000e+00	0.000000e+00	0.000000e+00
1.000000e+00	1.050000e+00	0.000000e+00	0.000000e+00	0.000000e+00
1.050000e+00	1.100000e+00	0.000000e+00	0.000000e+00	0.000000e+00
1.100000e+00	1.150000e+00	0.000000e+00	0.000000e+00	0.000000e+00
1.150000e+00	1.200000e+00	0.000000e+00	0.000000e+00	0.000000e+00
1.200000e+00	1.250000e+00	0.000000e+00	0.000000e+00	0.000000e+00
1.250000e+00	1.300000e+00	0.000000e+00	0.000000e+00	0.000000e+00
1.300000e+00	1.350000e+00	0.000000e+00	0.000000e+00	0.000000e+00
1.350000e+00	1.400000e+00	0.000000e+00	0.000000e+00	0.000000e+00
1.400000e+00	1.450000e+00	0.000000e+00	0.000000e+00	0.000000e+00
1.450000e+00	1.500000e+00	0.000000e+00	0.000000e+00	0.000000e+00
# END HISTO1D

# BEGIN HISTO1D //itp/scratch/rauch/Projekte/VBFNLO/branches/VBSCAN/runs/PS/MCatNLO-Dipole/LHC.yoda/MC_VBSCAN_MCComparison/z_j3
ErrorBandColor=brown
ErrorBandOpacity=0.3
ErrorBands=1
LineColor=brown
LineStyle=solid
Path=//itp/scratch/rauch/Projekte/VBFNLO/branches/VBSCAN/runs/PS/MCatNLO-Dipole/LHC.yoda/MC_VBSCAN_MCComparison/z_j3
RatioPlotErrorBandColor=brown
Scale=2
ScaledBy=1.05355021816678726e-03
Title=MC@NLO-Dipole
XLabel=
YLabel=
# xlow	 xhigh	 val	 errminus	 errplus
0.000000e+00	5.000000e-02	2.854952e-02	3.672710e-04	3.672710e-04
5.000000e-02	1.000000e-01	3.411780e-02	2.333444e-03	2.333444e-03
1.000000e-01	1.500000e-01	3.872996e-02	4.456673e-04	4.456673e-04
1.500000e-01	2.000000e-01	5.260666e-02	5.218793e-04	5.218793e-04
2.000000e-01	2.500000e-01	7.217320e-02	8.188326e-04	8.188326e-04
2.500000e-01	3.000000e-01	1.047137e-01	1.797989e-03	1.797989e-03
3.000000e-01	3.500000e-01	1.641944e-01	1.098231e-03	1.098231e-03
3.500000e-01	4.000000e-01	2.554176e-01	1.252748e-03	1.252748e-03
4.000000e-01	4.500000e-01	3.045218e-01	1.138200e-03	1.138200e-03
4.500000e-01	5.000000e-01	2.818348e-01	1.202258e-03	1.202258e-03
5.000000e-01	5.500000e-01	2.942726e-01	1.002858e-03	1.002858e-03
5.500000e-01	6.000000e-01	3.536776e-01	1.337351e-03	1.337351e-03
6.000000e-01	6.500000e-01	3.439892e-01	1.247007e-03	1.247007e-03
6.500000e-01	7.000000e-01	2.561212e-01	1.064019e-03	1.064019e-03
7.000000e-01	7.500000e-01	1.847752e-01	9.519676e-04	9.519676e-04
7.500000e-01	8.000000e-01	1.360186e-01	8.179995e-04	8.179995e-04
8.000000e-01	8.500000e-01	1.039263e-01	6.727534e-04	6.727534e-04
8.500000e-01	9.000000e-01	7.934348e-02	5.879841e-04	5.879841e-04
9.000000e-01	9.500000e-01	6.066688e-02	2.905861e-03	2.905861e-03
9.500000e-01	1.000000e+00	4.838210e-02	4.443085e-04	4.443085e-04
1.000000e+00	1.050000e+00	3.837474e-02	3.884466e-04	3.884466e-04
1.050000e+00	1.100000e+00	3.043928e-02	3.255167e-04	3.255167e-04
1.100000e+00	1.150000e+00	2.349124e-02	3.123442e-04	3.123442e-04
1.150000e+00	1.200000e+00	1.880607e-02	2.689528e-04	2.689528e-04
1.200000e+00	1.250000e+00	1.463742e-02	2.730277e-04	2.730277e-04
1.250000e+00	1.300000e+00	1.139551e-02	2.194095e-04	2.194095e-04
1.300000e+00	1.350000e+00	8.987410e-03	1.831037e-04	1.831037e-04
1.350000e+00	1.400000e+00	7.287138e-03	1.605760e-04	1.605760e-04
1.400000e+00	1.450000e+00	5.514424e-03	1.354573e-04	1.354573e-04
1.450000e+00	1.500000e+00	4.116024e-03	1.096623e-04	1.096623e-04
# END HISTO1D

# BEGIN HISTO1D //itp/scratch/rauch/Projekte/VBFNLO/branches/VBSCAN/runs/PS/MCatLO-Dipole/LHC.yoda/MC_VBSCAN_MCComparison/z_j3
ErrorBandColor=blue
ErrorBandOpacity=0.3
ErrorBands=1
LineColor=blue
LineStyle=solid
Path=//itp/scratch/rauch/Projekte/VBFNLO/branches/VBSCAN/runs/PS/MCatLO-Dipole/LHC.yoda/MC_VBSCAN_MCComparison/z_j3
RatioPlotErrorBandColor=blue
ScaledBy=6.19466512584469066e-06
Title=MC@LO-Dipole
XLabel=
YLabel=
# xlow	 xhigh	 val	 errminus	 errplus
0.000000e+00	5.000000e-02	3.774370e-02	1.995758e-04	1.995758e-04
5.000000e-02	1.000000e-01	4.323160e-02	2.076918e-04	2.076918e-04
1.000000e-01	1.500000e-01	5.608922e-02	2.377372e-04	2.377372e-04
1.500000e-01	2.000000e-01	7.804300e-02	2.821247e-04	2.821247e-04
2.000000e-01	2.500000e-01	1.145714e-01	3.396751e-04	3.396751e-04
2.500000e-01	3.000000e-01	1.751073e-01	4.208419e-04	4.208419e-04
3.000000e-01	3.500000e-01	2.821616e-01	5.391685e-04	5.391685e-04
3.500000e-01	4.000000e-01	4.476010e-01	6.577218e-04	6.577218e-04
4.000000e-01	4.500000e-01	5.359658e-01	7.123314e-04	7.123314e-04
4.500000e-01	5.000000e-01	4.897522e-01	6.788841e-04	6.788841e-04
5.000000e-01	5.500000e-01	5.258728e-01	7.052157e-04	7.052157e-04
5.500000e-01	6.000000e-01	6.549508e-01	7.845863e-04	7.845863e-04
6.000000e-01	6.500000e-01	6.675550e-01	7.934835e-04	7.934835e-04
6.500000e-01	7.000000e-01	5.051466e-01	6.999543e-04	6.999543e-04
7.000000e-01	7.500000e-01	3.619756e-01	5.932974e-04	5.932974e-04
7.500000e-01	8.000000e-01	2.667266e-01	5.123072e-04	5.123072e-04
8.000000e-01	8.500000e-01	2.023260e-01	4.443462e-04	4.443462e-04
8.500000e-01	9.000000e-01	1.547690e-01	3.863745e-04	3.863745e-04
9.000000e-01	9.500000e-01	1.207073e-01	3.413448e-04	3.413448e-04
9.500000e-01	1.000000e+00	9.357146e-02	3.124205e-04	3.124205e-04
1.000000e+00	1.050000e+00	7.309498e-02	2.630880e-04	2.630880e-04
1.050000e+00	1.100000e+00	5.742330e-02	2.385643e-04	2.385643e-04
1.100000e+00	1.150000e+00	4.496584e-02	2.044623e-04	2.044623e-04
1.150000e+00	1.200000e+00	3.455794e-02	1.847115e-04	1.847115e-04
1.200000e+00	1.250000e+00	2.720782e-02	1.648580e-04	1.648580e-04
1.250000e+00	1.300000e+00	2.114842e-02	1.425365e-04	1.425365e-04
1.300000e+00	1.350000e+00	1.638860e-02	1.253667e-04	1.253667e-04
1.350000e+00	1.400000e+00	1.263431e-02	1.092219e-04	1.092219e-04
1.400000e+00	1.450000e+00	9.812276e-03	9.970633e-05	9.970633e-05
1.450000e+00	1.500000e+00	7.575218e-03	9.126375e-05	9.126375e-05
# END HISTO1D

