-5.00000 -4.50000 0.0 0.0 6.4707484375e-08 0.0 6.4707484375e-08 0.0
-4.50000 -4.00000 0.010264266141732285 6.47191981138856e-06 9.668191874999999e-06 0.0 0.010273934333607284 6.47191981138856e-06
-4.00000 -3.50000 0.02711317401574804 1.2173673295791582e-05 5.598772812499999e-05 0.0 0.02716916174387304 1.2173673295791582e-05
-3.50000 -3.00000 0.049764256692913386 1.8584368059884535e-05 0.00020820075 0.0 0.049972457442913384 1.8584368059884535e-05
-3.00000 -2.50000 0.06884878503937006 2.3536250992350916e-05 0.00054056884375 0.0 0.06938935388312006 2.3536250992350916e-05
-2.50000 -2.00000 0.07543038976377951 2.663978135139362e-05 0.001028030875 0.0 0.07645842063877951 2.663978135139362e-05
-2.00000 -1.50000 0.06819692834645669 2.5772343879608504e-05 0.0015134543750000003 0.0 0.06971038272145669 2.5772343879608504e-05
-1.50000 -1.00000 0.052763488188976394 2.3564377798867088e-05 0.001779788125 0.0 0.054543276313976395 2.3564377798867088e-05
-1.00000 -0.500000 0.03718892362204723 2.0834902798395175e-05 0.0018319034375000002 0.0 0.03902082705954723 2.0834902798395175e-05
-0.500000 0.00000 0.027821330708661423 1.8418086342567975e-05 0.0017942365625000002 0.0 0.029615567271161422 1.8418086342567975e-05
0.00000 0.500000 0.027791366929133858 2.008950770494901e-05 0.0017908115625000001 0.0 0.02958217849163386 2.008950770494901e-05
0.500000 1.00000 0.037154255905511795 2.1088078529919985e-05 0.0018288206250000002 0.0 0.03898307653051179 2.1088078529919985e-05
1.00000 1.50000 0.05272035118110239 2.4411774641723336e-05 0.001777776875 0.0 0.054498128056102386 2.4411774641723336e-05
1.50000 2.00000 0.06810902362204722 2.6465500023727506e-05 0.0015113278125000002 0.0 0.06962035143454723 2.6465500023727506e-05
2.00000 2.50000 0.07538077401574798 2.674063029093672e-05 0.00102353146875 0.0 0.07640430548449799 2.674063029093672e-05
2.50000 3.00000 0.06879595433070865 2.4668723114029066e-05 0.00053714384375 0.0 0.06933309817445865 2.4668723114029066e-05
3.00000 3.50000 0.04974005511811022 1.9744043518804374e-05 0.00020689159375 0.0 0.04994694671186022 1.9744043518804374e-05
3.50000 4.00000 0.027084110236220472 1.3770513311102884e-05 5.486095937500002e-05 0.0 0.02713897119559547 1.3770513311102884e-05
4.00000 4.50000 0.01025332440944882 6.95714498500188e-06 9.973790624999996e-06 0.0 0.01026329820007382 6.95714498500188e-06
4.50000 5.00000 0.0 0.0 6.829532812499999e-08 0.0 6.829532812499999e-08 0.0
