0.00000 0.500000E-01 3.7386374015748025 0.0010160996036905814 0.03446800312500001 0.0 3.7731054046998027 0.0010160996036905814
0.500000E-01 0.100000 3.652240787401575 0.001061117051177258 0.03527904999999999 0.0 3.687519837401575 0.001061117051177258
0.100000 0.150000 3.488830472440943 0.0010567461146864334 0.034853946875 0.0 3.523684419315943 0.0010567461146864334
0.150000 0.200000 3.2395749606299216 0.0009553025318832316 0.03428362812500001 0.0 3.2738585887549214 0.0009553025318832316
0.200000 0.250000 2.9160923622047235 0.0008995069343502753 0.033917140625 0.0 2.9500095028297233 0.0008995069343502753
0.250000 0.300000 2.5197635433070866 0.0008782899907715296 0.033354021875 0.0 2.5531175651820868 0.0008782899907715296
0.300000 0.350000 2.0845164566929135 0.0009185636448665421 0.032767715625 0.0 2.1172841723179134 0.0009185636448665421
0.350000 0.400000 1.648855748031496 0.0009574793508972366 0.03183668437500001 0.0 1.680692432406496 0.0009574793508972366
0.400000 0.450000 1.2309037007874015 0.0006738390513594809 0.028762871874999995 0.0 1.2596665726624015 0.0006738390513594809
0.450000 0.500000 0.8445736062992127 0.000705926911125046 0.02392949375 0.0 0.8685031000492127 0.000705926911125046
0.500000 0.550000 0.598385094488189 0.00047752967933429804 0.0206636875 0.0 0.619048781988189 0.00047752967933429804
0.550000 0.600000 0.44010043307086616 0.000485778382460561 0.018379318749999995 0.0 0.45847975182086614 0.000485778382460561
0.600000 0.650000 0.3107671417322834 0.0004471851683058566 0.015497628124999994 0.0 0.3262647698572834 0.0004471851683058566
0.650000 0.700000 0.2129824960629921 0.0005512066798150512 0.01200234375 0.0 0.2249848398129921 0.0005512066798150512
0.700000 0.750000 0.14656729921259842 0.0005106118357347621 0.0091372159375 0.0 0.15570451515009842 0.0005106118357347621
0.750000 0.800000 0.10157359763779528 0.0002470592881653397 0.006920194062499999 0.0 0.10849379170029527 0.0002470592881653397
0.800000 0.850000 0.07084741889763779 0.00023365006163236077 0.0051995346875 0.0 0.0760469535851378 0.00023365006163236077
0.850000 0.900000 0.04870915354330708 0.00022519945260423194 0.0038301999999999998 0.0 0.05253935354330708 0.00022519945260423194
0.900000 0.950000 0.03396823307086613 0.00020676597012180028 0.002838123124999999 0.0 0.036806356195866134 0.00020676597012180028
0.950000 1.00000 0.0241138125984252 0.00017543179018504574 0.0020326353125 0.0 0.0261464479109252 0.00017543179018504574
1.00000 1.05000 0.016639889763779524 0.00013484153775839548 0.0014589209375000006 0.0 0.018098810701279524 0.00013484153775839548
1.05000 1.10000 0.01162391692913386 0.00012331696810691578 0.0010288211562500002 0.0 0.01265273808538386 0.00012331696810691578
1.10000 1.15000 0.00808278858267717 0.00011838998237139252 0.0007205384687499999 0.0 0.00880332705142717 0.00011838998237139252
1.15000 1.20000 0.0057384579527559095 0.00011453245080060752 0.00053804878125 0.0 0.006276506734005909 0.00011453245080060752
1.20000 1.25000 0.004111099291338584 0.0001011138826042444 0.00027549259374999997 0.0 0.0043865918850885845 0.0001011138826042444
1.25000 1.30000 0.0027064568123622026 9.22410546903109e-05 0.00021865128125000003 0.0 0.0029251080936122027 9.22410546903109e-05
1.30000 1.35000 0.0017850432370078745 0.0001139098764724146 0.00014166443750000005 0.0 0.0019267076745078746 0.0001139098764724146
1.35000 1.40000 0.0013656925803149605 9.180582113907707e-05 9.1466528125e-05 0.0 0.0014571591084399605 9.180582113907707e-05
1.40000 1.45000 0.0009072068251968502 6.103973907533432e-05 5.894079062500001e-05 0.0 0.0009661476158218502 6.103973907533432e-05
1.45000 1.50000 0.0005330378130708659 0.00014378345938092062 3.6531071875000004e-05 0.0 0.0005695688849458659 0.00014378345938092062
