0.00000 25.0000 0.0 0.0 0.0 0.0 0.0 0.0
25.0000 50.0000 0.008363479133858267 2.841616967795639e-06 0.00016678409375 2.4334129468314323e-07 0.008530263227608267 2.8520171769051725e-06
50.0000 75.0000 0.01158104645669291 2.7908226092962246e-06 0.00021294206249999998 2.485612277011418e-07 0.011793988519192911 2.801869647302545e-06
75.0000 100.000 0.010227677165354328 2.776562405857766e-06 0.0001721535625 1.6746880175755228e-07 0.010399830727854328 2.7816082745751196e-06
100.000 125.000 0.0076285603937007885 2.2179897016332e-06 0.00012141625000000002 1.6777050242340098e-07 0.007749976643700788 2.224325798536341e-06
125.000 150.000 0.005266012047244096 1.9914624431286585e-06 7.346249374999999e-05 1.1697513131997832e-07 0.005339474540994096 1.994894945539562e-06
150.000 175.000 0.0035378257480314966 1.4700756006334855e-06 4.0633299999999996e-05 9.234446288889908e-08 0.0035784590480314967 1.4729731061374277e-06
175.000 200.000 0.0023910681102362204 1.3831517874776271e-06 2.3375646875000003e-05 7.409772219625142e-08 0.0024144437571112206 1.385135134070762e-06
200.000 225.000 0.001638747086614173 1.2178911560061424e-06 1.3912075e-05 4.459026061357922e-08 0.001652659161614173 1.218707167132271e-06
225.000 250.000 0.00113499094488189 1.0490508104471134e-06 8.672269687499997e-06 1.8247655352677974e-07 0.0011436632145693899 1.0648029373958157e-06
250.000 275.000 0.0008019610236220472 8.510932960180476e-07 5.311911562499999e-06 2.6154061248812596e-08 0.0008072729351845471 8.514950577934499e-07
275.000 300.000 0.0005730660787401575 8.178059923437973e-07 3.3857843749999996e-06 2.6013365815414815e-08 0.0005764518631151575 8.182196137434433e-07
300.000 325.000 0.0004136567559055118 7.122244675754924e-07 2.3082937500000004e-06 1.9606617386568273e-08 0.00041596504965551176 7.124942888602946e-07
325.000 350.000 0.00030285870866141723 6.197281648812409e-07 1.5699609375e-06 2.0172859123776782e-08 0.00030442866959891725 6.20056402750829e-07
350.000 375.000 0.0002246620078740157 6.453002046757943e-07 1.08284184375e-06 3.6817430437826046e-08 0.00022574484971776569 6.46349655634368e-07
375.000 400.000 0.0001682726141732283 4.98879463838285e-07 8.325035625e-07 1.2197589365365363e-08 0.0001691051177357283 4.990285569242514e-07
400.000 425.000 0.00012688620393700784 5.200876750845979e-07 6.7925690625e-07 1.1360108207154188e-08 0.00012756546084325784 5.202117278891168e-07
425.000 450.000 9.568477086614175e-05 4.7475343714463354e-07 5.6135821875e-07 8.507817561497577e-09 9.624612908489176e-05 4.748296631849186e-07
450.000 475.000 7.32555322834646e-05 4.2385783682728985e-07 4.2953709375000004e-07 8.068599484964509e-09 7.36850693772146e-05 4.2393462719806014e-07
475.000 500.000 5.6151267716535415e-05 3.626599324557087e-07 3.071220781249999e-07 2.142790999593125e-08 5.645838979466042e-05 3.632924193202673e-07
500.000 525.000 4.394004566929133e-05 5.535229731400271e-07 2.8275093750000003e-07 2.1310157202577012e-08 4.422279660679133e-05 5.539330325894762e-07
525.000 550.000 3.385874881889765e-05 6.873134583187463e-07 1.8979266562500003e-07 5.772311834606434e-09 3.404854148452265e-05 6.873376968928672e-07
550.000 575.000 2.65169535433071e-05 2.640981695518587e-07 1.4507690625e-07 4.3226084514809405e-09 2.66620304495571e-05 2.6413354217983585e-07
575.000 600.000 2.100263937007874e-05 4.5690387396335804e-07 1.0929225937499998e-07 3.911885720778617e-09 2.1111931629453743e-05 4.569206199030818e-07
600.000 625.000 1.6558285984251976e-05 3.17236404441332e-07 8.466310937500001e-08 3.3361954248963033e-09 1.6642949093626977e-05 3.1725394639433167e-07
625.000 650.000 1.3011626535433067e-05 2.3238329644805307e-07 8.194020625e-08 6.311906028862596e-09 1.3093566741683067e-05 2.32469001429827e-07
650.000 675.000 1.0375408188976377e-05 2.1020800488623838e-07 4.895785e-08 2.1957368274677957e-09 1.0424366038976377e-05 2.1021947240555123e-07
675.000 700.000 8.100432346456693e-06 1.82825691347311e-07 3.8273978124999996e-08 1.8408429191142376e-09 8.138706324581692e-06 1.8283495869027641e-07
700.000 725.000 6.551096299212595e-06 1.638916443768942e-07 3.1048940625000005e-08 2.0856916043972613e-09 6.582145239837595e-06 1.6390491513688968e-07
725.000 750.000 5.135333606299212e-06 1.5574511071836088e-07 2.5862484375000007e-08 4.041089992526394e-09 5.161196090674212e-06 1.557975286100591e-07
750.000 775.000 4.238673362204726e-06 1.449066242168968e-07 1.67147090625e-08 1.2278314178528354e-09 4.255388071267226e-06 1.4491182599059198e-07
775.000 800.000 3.342700393700787e-06 1.2566015146023492e-07 -6.120333125000003e-09 1.942393655304672e-08 3.336580060575787e-06 1.2715251856029421e-07
800.000 825.000 2.7419760755905504e-06 1.018101488509828e-07 1.0099519062499999e-08 9.556137487949622e-10 2.7520755946530506e-06 1.0181463355871866e-07
825.000 850.000 2.1291646921259857e-06 9.346353964588583e-08 8.192270624999999e-09 7.616671490874149e-10 2.1373569627509858e-06 9.346664314066314e-08
850.000 875.000 1.7681510244094484e-06 9.883005183696546e-08 6.465855312500002e-09 6.449877511318431e-10 1.7746168797219485e-06 9.883215648409373e-08
875.000 900.000 1.5821417110236217e-06 8.765583610183397e-08 6.3703565625e-09 1.399198154663833e-09 1.5885120675861218e-06 8.766700267596466e-08
900.000 925.000 1.1164224433070863e-06 6.580884624254226e-08 4.034541031249999e-09 7.744425646315325e-10 1.1204569843383362e-06 6.581340292873847e-08
925.000 950.000 8.672877637795279e-07 7.734607810849289e-08 2.7104245312499997e-09 3.417300636022383e-10 8.699981883107779e-07 7.734683301985578e-08
950.000 975.000 9.937442393700786e-07 2.0466659405988208e-07 1.97708615625e-09 2.6511831994175224e-10 9.957213255263287e-07 2.046667657725507e-07
975.000 1000.00 7.52565549448819e-07 1.2244735438113947e-07 1.6208654624999996e-09 3.637642475036862e-10 7.54186414911319e-07 1.2244789471186557e-07
