  +0.0000000e+00   +5.0000000e-01   +0.0000000e+00   +0.0000000e+00  +0.0000000e+00   +0.0000000e+00   +0.0000000e+00   +0.0000000e+00   +0.0000000e+00   +0.0000000e+00   +0.0000000e+00   +0.0000000e+00   +0.0000000e+00   +0.0000000e+00   +0.0000000e+00   +0.0000000e+00
  +5.0000000e-01   +1.0000000e+00   +0.0000000e+00   +0.0000000e+00  +0.0000000e+00   +0.0000000e+00   +0.0000000e+00   +0.0000000e+00   +0.0000000e+00   +0.0000000e+00   +0.0000000e+00   +0.0000000e+00   +0.0000000e+00   +0.0000000e+00   +0.0000000e+00   +0.0000000e+00
  +1.0000000e+00   +1.5000000e+00   +0.0000000e+00   +0.0000000e+00  +0.0000000e+00   +0.0000000e+00   +0.0000000e+00   +0.0000000e+00   +0.0000000e+00   +0.0000000e+00   +0.0000000e+00   +0.0000000e+00   +0.0000000e+00   +0.0000000e+00   +0.0000000e+00   +0.0000000e+00
  +1.5000000e+00   +2.0000000e+00   +0.0000000e+00   +0.0000000e+00  +0.0000000e+00   +0.0000000e+00   +0.0000000e+00   +0.0000000e+00   +0.0000000e+00   +0.0000000e+00   +0.0000000e+00   +0.0000000e+00   +0.0000000e+00   +0.0000000e+00   +0.0000000e+00   +0.0000000e+00
  +2.0000000e+00   +2.5000000e+00   +0.0000000e+00   +0.0000000e+00  +0.0000000e+00   +0.0000000e+00   +0.0000000e+00   +0.0000000e+00   +0.0000000e+00   +0.0000000e+00   +0.0000000e+00   +0.0000000e+00   +0.0000000e+00   +0.0000000e+00   +0.0000000e+00   +0.0000000e+00
  +2.5000000e+00   +3.0000000e+00   +1.1704155e-04   +3.6270613e-07  +1.1704155e-04   +1.1553621e-04   +1.1896893e-04   +1.1704155e-04   +1.1800704e-04   +1.1587799e-04   +1.1737189e-04   +1.1773862e-04   +1.1692916e-04   +1.1741142e-04   +1.1896893e-04   +1.1553621e-04
  +3.0000000e+00   +3.5000000e+00   +1.6221125e-04   +5.6226052e-07  +1.6221125e-04   +1.5978477e-04   +1.6489817e-04   +1.6221125e-04   +1.6362745e-04   +1.6049744e-04   +1.6279847e-04   +1.6331581e-04   +1.6217128e-04   +1.6258322e-04   +1.6489817e-04   +1.5978477e-04
  +3.5000000e+00   +4.0000000e+00   +1.9810192e-04   +9.8699710e-07  +1.9810192e-04   +1.9532990e-04   +2.0111814e-04   +1.9810192e-04   +1.9951842e-04   +1.9638591e-04   +1.9883887e-04   +1.9907589e-04   +1.9855427e-04   +1.9850073e-04   +2.0111814e-04   +1.9532990e-04
  +4.0000000e+00   +4.5000000e+00   +2.0949284e-04   +1.3205984e-06  +2.0949284e-04   +2.0672297e-04   +2.1287437e-04   +2.0949284e-04   +2.1085489e-04   +2.0784610e-04   +2.1007632e-04   +2.1007797e-04   +2.1008615e-04   +2.1009383e-04   +2.1287437e-04   +2.0672297e-04
  +4.5000000e+00   +5.0000000e+00   +1.9863954e-04   +1.0972544e-06  +1.9863954e-04   +1.9629490e-04   +2.0155408e-04   +1.9863954e-04   +1.9949002e-04   +1.9761633e-04   +1.9907253e-04   +1.9850984e-04   +1.9977544e-04   +1.9917815e-04   +2.0155408e-04   +1.9629490e-04
  +5.0000000e+00   +5.5000000e+00   +1.6879428e-04   +1.2912183e-06  +1.6879428e-04   +1.6752879e-04   +1.7148774e-04   +1.6879428e-04   +1.6904586e-04   +1.6850223e-04   +1.6855308e-04   +1.6752879e-04   +1.6982414e-04   +1.6981149e-04   +1.7148774e-04   +1.6777676e-04
  +5.5000000e+00   +6.0000000e+00   +1.2722094e-04   +1.2684979e-06  +1.2722094e-04   +1.2558920e-04   +1.2945766e-04   +1.2722094e-04   +1.2717361e-04   +1.2729259e-04   +1.2668258e-04   +1.2558920e-04   +1.2803985e-04   +1.2829667e-04   +1.2945766e-04   +1.2688543e-04
  +6.0000000e+00   +6.5000000e+00   +8.7011382e-05   +2.7585017e-06  +8.7011382e-05   +8.5534096e-05   +8.9370890e-05   +8.7011382e-05   +8.7176337e-05   +8.6819217e-05   +8.6174062e-05   +8.5534096e-05   +8.6973958e-05   +8.8243130e-05   +8.9370890e-05   +8.6865871e-05
  +6.5000000e+00   +7.0000000e+00   +5.5629612e-05   +2.5234285e-06  +5.5629612e-05   +5.3878748e-05   +5.7219649e-05   +5.5629612e-05   +5.5380802e-05   +5.5944963e-05   +5.4625285e-05   +5.3878748e-05   +5.5556472e-05   +5.6845903e-05   +5.7219649e-05   +5.6391827e-05
  +7.0000000e+00   +7.5000000e+00   +2.7050107e-05   +6.1296822e-07  +2.7050107e-05   +2.5886880e-05   +2.7915387e-05   +2.7050107e-05   +2.6798279e-05   +2.7365548e-05   +2.6381907e-05   +2.5886880e-05   +2.6999749e-05   +2.7853816e-05   +2.7915387e-05   +2.7780006e-05
  +7.5000000e+00   +8.0000000e+00   +7.9575847e-06   +1.5260777e-06  +7.9575847e-06   +7.3705146e-06   +8.1448229e-06   +7.9575847e-06   +8.1123168e-06   +7.7643961e-06   +8.0456465e-06   +8.0575213e-06   +8.0308573e-06   +7.8004006e-06   +8.1448229e-06   +7.3705146e-06
  +8.0000000e+00   +8.5000000e+00   +3.2210950e-06   +3.9064265e-07  +3.2210950e-06   +3.0909002e-06   +3.2703501e-06   +3.2210950e-06   +3.1821743e-06   +3.2694827e-06   +3.1676087e-06   +3.0909002e-06   +3.2632997e-06   +3.2558304e-06   +3.2703501e-06   +3.2373872e-06
  +8.5000000e+00   +9.0000000e+00   +6.9971253e-07   +3.8604457e-07  +6.9971253e-07   +6.1540255e-07   +7.9175690e-07   +6.9971253e-07   +6.6982867e-07   +7.3646060e-07   +6.4663900e-07   +6.1540255e-07   +6.8517868e-07   +7.5894750e-07   +7.3211177e-07   +7.9175690e-07
  +9.0000000e+00   +9.5000000e+00   +0.0000000e+00   +0.0000000e+00  +0.0000000e+00   +0.0000000e+00   +0.0000000e+00   +0.0000000e+00   +0.0000000e+00   +0.0000000e+00   +0.0000000e+00   +0.0000000e+00   +0.0000000e+00   +0.0000000e+00   +0.0000000e+00   +0.0000000e+00
  +9.5000000e+00   +1.0000000e+01   +0.0000000e+00   +0.0000000e+00  +0.0000000e+00   +0.0000000e+00   +0.0000000e+00   +0.0000000e+00   +0.0000000e+00   +0.0000000e+00   +0.0000000e+00   +0.0000000e+00   +0.0000000e+00   +0.0000000e+00   +0.0000000e+00   +0.0000000e+00
<\histogram>
