  +0.0000000e+00   +1.0000000e+02   +5.1990827e-04   +3.8005449e-06  +5.1990827e-04   +5.1668886e-04   +5.2953489e-04   +5.1990827e-04   +5.2234741e-04   +5.1698051e-04   +5.1935608e-04   +5.1858443e-04   +5.2035511e-04   +5.2372918e-04   +5.2953489e-04   +5.1668886e-04
  +1.0000000e+02   +2.0000000e+02   +5.0736897e-04   +1.8800922e-06  +5.0736897e-04   +5.0245920e-04   +5.1538112e-04   +5.0736897e-04   +5.0938487e-04   +5.0495937e-04   +5.0770014e-04   +5.0620767e-04   +5.0957674e-04   +5.0953905e-04   +5.1538112e-04   +5.0245920e-04
  +2.0000000e+02   +3.0000000e+02   +1.8931200e-04   +1.6639093e-06  +1.8931200e-04   +1.8711816e-04   +1.9302327e-04   +1.8931200e-04   +1.9031845e-04   +1.8809947e-04   +1.8910705e-04   +1.8864299e-04   +1.8968977e-04   +1.9035638e-04   +1.9302327e-04   +1.8711816e-04
  +3.0000000e+02   +4.0000000e+02   +7.7166500e-05   +4.6987560e-07  +7.7166500e-05   +7.6238879e-05   +7.8580327e-05   +7.7166500e-05   +7.7468790e-05   +7.6804304e-05   +7.7058264e-05   +7.6711637e-05   +7.7488068e-05   +7.7522590e-05   +7.8580327e-05   +7.6238879e-05
  +4.0000000e+02   +5.0000000e+02   +3.4367349e-05   +3.5506716e-07  +3.4367349e-05   +3.3893432e-05   +3.4926576e-05   +3.4367349e-05   +3.4465143e-05   +3.4251066e-05   +3.4343963e-05   +3.4131803e-05   +3.4605871e-05   +3.4459754e-05   +3.4926576e-05   +3.3893432e-05
  +5.0000000e+02   +6.0000000e+02   +1.6191599e-05   +2.1031008e-07  +1.6191599e-05   +1.5804121e-05   +1.6403947e-05   +1.6191599e-05   +1.6262175e-05   +1.6106290e-05   +1.6239677e-05   +1.6146544e-05   +1.6354374e-05   +1.6133522e-05   +1.6403947e-05   +1.5804121e-05
  +6.0000000e+02   +7.0000000e+02   +8.2430033e-06   +2.1147004e-07  +8.2430033e-06   +8.1301272e-06   +8.3915371e-06   +8.2430033e-06   +8.2613785e-06   +8.2208982e-06   +8.2180987e-06   +8.1555904e-06   +8.2946934e-06   +8.2736323e-06   +8.3915371e-06   +8.1301272e-06
  +7.0000000e+02   +8.0000000e+02   +4.2035347e-06   +1.1421847e-07  +4.2035347e-06   +4.1022993e-06   +4.2953719e-06   +4.2035347e-06   +4.2330564e-06   +4.1674803e-06   +4.1976008e-06   +4.1809699e-06   +4.2178739e-06   +4.2084175e-06   +4.2953719e-06   +4.1022993e-06
  +8.0000000e+02   +9.0000000e+02   +2.3362309e-06   +1.1729365e-07  +2.3362309e-06   +2.2827014e-06   +2.3944699e-06   +2.3362309e-06   +2.3533584e-06   +2.3152416e-06   +2.3266920e-06   +2.3175413e-06   +2.3377596e-06   +2.3441574e-06   +2.3944699e-06   +2.2827014e-06
  +9.0000000e+02   +1.0000000e+03   +1.4437330e-06   +4.8931017e-08  +1.4437330e-06   +1.4104102e-06   +1.4761479e-06   +1.4437330e-06   +1.4415079e-06   +1.4466017e-06   +1.4271255e-06   +1.4104102e-06   +1.4476840e-06   +1.4596834e-06   +1.4761479e-06   +1.4397371e-06
  +1.0000000e+03   +1.1000000e+03   +1.2018559e-06   +2.4164307e-07  +1.2018559e-06   +1.1133038e-06   +1.2939319e-06   +1.2018559e-06   +1.1702746e-06   +1.2408328e-06   +1.1500911e-06   +1.1133038e-06   +1.1953813e-06   +1.2633623e-06   +1.2387156e-06   +1.2939319e-06
  +1.1000000e+03   +1.2000000e+03   +5.0265706e-07   +2.2022669e-08  +5.0265706e-07   +4.8733296e-07   +5.1931425e-07   +5.0265706e-07   +5.0234706e-07   +5.0306141e-07   +4.9264267e-07   +4.8733296e-07   +4.9913746e-07   +5.1307355e-07   +5.1931425e-07   +5.0550191e-07
  +1.2000000e+03   +1.3000000e+03   +3.2151067e-07   +2.5522852e-08  +3.2151067e-07   +3.1250171e-07   +3.2647925e-07   +3.2151067e-07   +3.1962269e-07   +3.2390451e-07   +3.1779805e-07   +3.1250171e-07   +3.2434904e-07   +3.2376999e-07   +3.2647925e-07   +3.2055574e-07
  +1.3000000e+03   +1.4000000e+03   +1.6727205e-07   +1.2308008e-08  +1.6727205e-07   +1.5724811e-07   +1.7042507e-07   +1.6727205e-07   +1.6906223e-07   +1.6505559e-07   +1.6953118e-07   +1.6878075e-07   +1.7042507e-07   +1.6353377e-07   +1.6864968e-07   +1.5724811e-07
  +1.4000000e+03   +1.5000000e+03   +9.4587040e-08   +1.4079283e-08  +9.4587040e-08   +8.6585290e-08   +9.9619282e-08   +9.4587040e-08   +9.8094409e-08   +9.0228577e-08   +9.4567350e-08   +9.6337284e-08   +9.2339059e-08   +9.3789656e-08   +9.9619282e-08   +8.6585290e-08
  +1.5000000e+03   +1.6000000e+03   +7.6879169e-08   +5.1640358e-09  +7.6879169e-08   +7.4036685e-08   +7.9527645e-08   +7.6879169e-08   +7.6660756e-08   +7.7163218e-08   +7.5076874e-08   +7.4036685e-08   +7.6360936e-08   +7.8627831e-08   +7.9527645e-08   +7.7551403e-08
  +1.6000000e+03   +1.7000000e+03   +4.5713457e-08   +3.4388007e-09  +4.5713457e-08   +4.4436622e-08   +4.6863159e-08   +4.5713457e-08   +4.5702397e-08   +4.5739022e-08   +4.4997378e-08   +4.4436622e-08   +4.5691687e-08   +4.6109851e-08   +4.6863159e-08   +4.5205473e-08
  +1.7000000e+03   +1.8000000e+03   +3.0047155e-08   +2.5425074e-09  +3.0047155e-08   +2.6916770e-08   +3.0772067e-08   +3.0047155e-08   +3.0694599e-08   +2.9244233e-08   +3.0707396e-08   +3.0772067e-08   +3.0619972e-08   +2.8710227e-08   +3.0164642e-08   +2.6916770e-08
  +1.8000000e+03   +1.9000000e+03   +2.8275794e-08   +3.5240096e-09  +2.8275794e-08   +2.6179301e-08   +3.0500782e-08   +2.8275794e-08   +2.8125773e-08   +2.8462141e-08   +2.6544173e-08   +2.6179301e-08   +2.6991349e-08   +3.0352559e-08   +3.0500782e-08   +3.0177191e-08
  +1.9000000e+03   +2.0000000e+03   +9.9241154e-09   +5.1810838e-09  +9.9241154e-09   +8.7700425e-09   +1.0256031e-08   +9.9241154e-09   +1.0256031e-08   +9.5150089e-09   +1.0107004e-08   +1.0227304e-08   +9.9565105e-09   +9.5366786e-09   +1.0161261e-08   +8.7700425e-09
  +2.0000000e+03   +2.1000000e+03   +1.2378490e-08   +2.9520209e-09  +1.2378490e-08   +1.1479507e-08   +1.3090015e-08   +1.2378490e-08   +1.2219313e-08   +1.2566833e-08   +1.1739023e-08   +1.1479507e-08   +1.2051318e-08   +1.3082488e-08   +1.3069806e-08   +1.3090015e-08
  +2.1000000e+03   +2.2000000e+03   +8.3229019e-09   +1.3551782e-09  +8.3229019e-09   +7.2910290e-09   +9.6088375e-09   +8.3229019e-09   +8.0274242e-09   +8.6935469e-09   +7.5947528e-09   +7.2910290e-09   +7.9733712e-09   +9.2523370e-09   +8.9708530e-09   +9.6088375e-09
  +2.2000000e+03   +2.3000000e+03   +5.9050958e-09   +2.0405979e-09  +5.9050958e-09   +5.6653612e-09   +6.1656783e-09   +5.9050958e-09   +5.7395938e-09   +6.1100713e-09   +5.8896035e-09   +5.6653612e-09   +6.1656783e-09   +5.8435037e-09   +5.7632378e-09   +5.9453759e-09
  +2.3000000e+03   +2.4000000e+03   +1.2456976e-09   +8.5526381e-10  +1.2456976e-09   +1.0403956e-09   +1.5387281e-09   +1.2456976e-09   +1.3772229e-09   +1.0830824e-09   +1.1632169e-09   +1.2621313e-09   +1.0403956e-09   +1.3647098e-09   +1.5387281e-09   +1.1503506e-09
  +2.4000000e+03   +2.5000000e+03   +1.9056614e-09   +2.6980418e-10  +1.9056614e-09   +1.7081483e-09   +1.9762466e-09   +1.9056614e-09   +1.9201827e-09   +1.8871604e-09   +1.9491917e-09   +1.9266225e-09   +1.9762466e-09   +1.7942007e-09   +1.8637248e-09   +1.7081483e-09
  +2.5000000e+03   +2.6000000e+03   +1.8689673e-09   +5.4982192e-10  +1.8689673e-09   +1.7990614e-09   +1.9318113e-09   +1.8689673e-09   +1.8639311e-09   +1.8758088e-09   +1.8292353e-09   +1.7990614e-09   +1.8665972e-09   +1.9008878e-09   +1.9318113e-09   +1.8640648e-09
  +2.6000000e+03   +2.7000000e+03   +8.1148231e-10   +1.4769380e-10  +8.1148231e-10   +7.6869774e-10   +8.8215781e-10   +8.1148231e-10   +8.2081331e-10   +7.9981559e-10   +7.7045022e-10   +7.6869774e-10   +7.7235282e-10   +8.5682874e-10   +8.8215781e-10   +8.2558227e-10
  +2.7000000e+03   +2.8000000e+03   +7.7515468e-10   +1.5211903e-10  +7.7515468e-10   +6.9384517e-10   +8.5491636e-10   +7.7515468e-10   +7.5713065e-10   +7.9724351e-10   +7.1587773e-10   +6.9384517e-10   +7.4283065e-10   +8.4100330e-10   +8.2971177e-10   +8.5491636e-10
  +2.8000000e+03   +2.9000000e+03   +5.3175263e-10   +1.1297879e-10  +5.3175263e-10   +4.7698500e-10   +5.8401958e-10   +5.3175263e-10   +5.1959170e-10   +5.4666235e-10   +4.9243207e-10   +4.7698500e-10   +5.1136350e-10   +5.7577333e-10   +5.6905548e-10   +5.8401958e-10
  +2.9000000e+03   +3.0000000e+03   +2.0492851e-10   +7.4803673e-11  +2.0492851e-10   +1.6403431e-10   +2.1875716e-10   +2.0492851e-10   +2.1875716e-10   +1.8785840e-10   +2.0825379e-10   +2.1571330e-10   +1.9898950e-10   +1.9270813e-10   +2.1600491e-10   +1.6403431e-10
  +3.0000000e+03   +3.1000000e+03   -1.6904058e-10   +3.4150502e-10  -1.6904058e-10   -5.4954486e-10   +1.7577832e-11   -1.6904058e-10   -1.1465268e-10   -2.3777260e-10   -1.3017696e-11   +1.7577832e-11   -5.1854641e-11   -4.3249471e-10   -3.3965297e-10   -5.4954486e-10
  +3.1000000e+03   +3.2000000e+03   +2.3849382e-10   +1.1435676e-10  +2.3849382e-10   +2.1273898e-10   +2.6128809e-10   +2.3849382e-10   +2.3485249e-10   +2.4281938e-10   +2.1802192e-10   +2.1273898e-10   +2.2439340e-10   +2.6050172e-10   +2.5970395e-10   +2.6128809e-10
  +3.2000000e+03   +3.3000000e+03   +1.6551388e-11   +1.8355041e-10  +1.6551388e-11   -1.6900787e-10   +1.1185944e-10   +1.6551388e-11   +3.3133267e-11   -3.8637118e-12   +1.0680129e-10   +1.1185944e-10   +1.0046703e-10   -1.2706778e-10   -9.2867914e-11   -1.6900787e-10
  +3.3000000e+03   +3.4000000e+03   +5.7620755e-11   +2.3090898e-11  +5.7620755e-11   +5.3832392e-11   +5.9649060e-11   +5.7620755e-11   +5.6784539e-11   +5.8706858e-11   +5.5286211e-11   +5.3832392e-11   +5.7109226e-11   +5.9508642e-11   +5.9649060e-11   +5.9426274e-11
  +3.4000000e+03   +3.5000000e+03   +2.2252486e-11   +1.6926389e-11  +2.2252486e-11   +1.3276769e-11   +2.5639199e-11   +2.2252486e-11   +2.3823770e-11   +2.0292421e-11   +2.5054988e-11   +2.5639199e-11   +2.4312472e-11   +1.7090858e-11   +2.0165286e-11   +1.3276769e-11
  +3.5000000e+03   +3.6000000e+03   +6.3190104e-11   +2.3762259e-11  +6.3190104e-11   +5.2042722e-11   +7.8172996e-11   +6.3190104e-11   +6.1429988e-11   +6.5324648e-11   +5.3743065e-11   +5.2042722e-11   +5.5806010e-11   +7.5979435e-11   +7.4169492e-11   +7.8172996e-11
  +3.6000000e+03   +3.7000000e+03   +5.2450529e-12   +2.5192393e-11  +5.2450529e-12   +2.7479061e-12   +7.0600119e-12   +5.2450529e-12   +6.6478075e-12   +3.4538024e-12   +5.2966868e-12   +6.3392523e-12   +3.9570903e-12   +5.1605422e-12   +7.0600119e-12   +2.7479061e-12
  +3.7000000e+03   +3.8000000e+03   +3.6923070e-11   +5.3758811e-11  +3.6923070e-11   +3.0541551e-11   +4.4404128e-11   +3.6923070e-11   +3.4766048e-11   +3.9441712e-11   +3.2544813e-11   +3.0541551e-11   +3.4899428e-11   +4.1795070e-11   +3.9536834e-11   +4.4404128e-11
  +3.8000000e+03   +3.9000000e+03   +1.4800285e-11   +1.4660924e-11  +1.4800285e-11   +1.3774972e-11   +1.5903045e-11   +1.4800285e-11   +1.4346829e-11   +1.5351538e-11   +1.5074056e-11   +1.4398697e-11   +1.5903045e-11   +1.3862350e-11   +1.3774972e-11   +1.3955638e-11
  +3.9000000e+03   +4.0000000e+03   +9.0887915e-12   +5.2187847e-12  +9.0887915e-12   +7.8449379e-12   +1.0326235e-11   +9.0887915e-12   +8.9539197e-12   +9.2369659e-12   +8.0343433e-12   +7.8449379e-12   +8.2518564e-12   +1.0309958e-11   +1.0280109e-11   +1.0326235e-11
<\histogram>
