  +0.0000000e+00   +2.5000000e+01   +0.0000000e+00   +0.0000000e+00  +0.0000000e+00   +0.0000000e+00   +0.0000000e+00   +0.0000000e+00   +0.0000000e+00   +0.0000000e+00   +0.0000000e+00   +0.0000000e+00   +0.0000000e+00   +0.0000000e+00   +0.0000000e+00   +0.0000000e+00
  +2.5000000e+01   +5.0000000e+01   +9.3015139e-06   +3.9766618e-07  +9.3015139e-06   +8.9078893e-06   +9.7759535e-06   +9.3015139e-06   +9.0889774e-06   +9.5659271e-06   +9.1407713e-06   +8.9078893e-06   +9.4304950e-06   +9.5322352e-06   +9.3363328e-06   +9.7759535e-06
  +5.0000000e+01   +7.5000000e+01   +5.9788827e-05   +1.0022410e-06  +5.9788827e-05   +5.7784761e-05   +6.2089627e-05   +5.9788827e-05   +5.8800962e-05   +6.1017812e-05   +5.8973773e-05   +5.7784761e-05   +6.0453000e-05   +6.1091662e-05   +6.0289492e-05   +6.2089627e-05
  +7.5000000e+01   +1.0000000e+02   +1.1624191e-04   +9.8022594e-07  +1.1624191e-04   +1.1369324e-04   +1.1878997e-04   +1.1624191e-04   +1.1536391e-04   +1.1733422e-04   +1.1511176e-04   +1.1369324e-04   +1.1687652e-04   +1.1835698e-04   +1.1800895e-04   +1.1878997e-04
  +1.0000000e+02   +1.2500000e+02   +1.5306523e-04   +1.2196938e-06  +1.5306523e-04   +1.5084814e-04   +1.5598036e-04   +1.5306523e-04   +1.5278345e-04   +1.5341579e-04   +1.5198540e-04   +1.5084814e-04   +1.5340025e-04   +1.5538984e-04   +1.5598036e-04   +1.5465520e-04
  +1.2500000e+02   +1.5000000e+02   +1.6009670e-04   +2.2670530e-06  +1.6009670e-04   +1.5889621e-04   +1.6400847e-04   +1.6009670e-04   +1.6106166e-04   +1.5889621e-04   +1.5963725e-04   +1.5950116e-04   +1.5980656e-04   +1.6189437e-04   +1.6400847e-04   +1.5926424e-04
  +1.5000000e+02   +1.7500000e+02   +1.5012710e-04   +1.5164821e-06  +1.5012710e-04   +1.4828275e-04   +1.5391775e-04   +1.5012710e-04   +1.5144744e-04   +1.4848448e-04   +1.5002247e-04   +1.5021897e-04   +1.4977802e-04   +1.5140670e-04   +1.5391775e-04   +1.4828275e-04
  +1.7500000e+02   +2.0000000e+02   +1.3120017e-04   +1.0488208e-06  +1.3120017e-04   +1.2772407e-04   +1.3465071e-04   +1.3120017e-04   +1.3304140e-04   +1.2890954e-04   +1.3172141e-04   +1.3241679e-04   +1.3085629e-04   +1.3156408e-04   +1.3465071e-04   +1.2772407e-04
  +2.0000000e+02   +2.2500000e+02   +1.0635637e-04   +8.9079739e-07  +1.0635637e-04   +1.0188664e-04   +1.0963419e-04   +1.0635637e-04   +1.0862301e-04   +1.0353650e-04   +1.0724000e-04   +1.0842852e-04   +1.0576138e-04   +1.0618175e-04   +1.0963419e-04   +1.0188664e-04
  +2.2500000e+02   +2.5000000e+02   +8.8264430e-05   +8.9020643e-07  +8.8264430e-05   +8.3991123e-05   +9.0778065e-05   +8.8264430e-05   +9.0212376e-05   +8.5841029e-05   +8.9218484e-05   +9.0207959e-05   +8.7987499e-05   +8.7753688e-05   +9.0778065e-05   +8.3991123e-05
  +2.5000000e+02   +2.7500000e+02   +6.9612131e-05   +1.2335056e-06  +6.9612131e-05   +6.5145964e-05   +7.1849471e-05   +6.9612131e-05   +7.1617839e-05   +6.7116870e-05   +7.0699603e-05   +7.1849471e-05   +6.9269076e-05   +6.8846834e-05   +7.1821620e-05   +6.5145964e-05
  +2.7500000e+02   +3.0000000e+02   +5.5641858e-05   +6.4463791e-07  +5.5641858e-05   +5.1191157e-05   +5.7939640e-05   +5.5641858e-05   +5.7441212e-05   +5.3403319e-05   +5.6903210e-05   +5.7939640e-05   +5.5613807e-05   +5.4521078e-05   +5.7197693e-05   +5.1191157e-05
  +3.0000000e+02   +3.2500000e+02   +4.4282813e-05   +7.5563018e-07  +4.4282813e-05   +4.0345867e-05   +4.6315368e-05   +4.4282813e-05   +4.5901510e-05   +4.2269025e-05   +4.5348112e-05   +4.6315368e-05   +4.4144771e-05   +4.3301640e-05   +4.5677512e-05   +4.0345867e-05
  +3.2500000e+02   +3.5000000e+02   +3.4196966e-05   +5.2428032e-07  +3.4196966e-05   +3.0520058e-05   +3.6157244e-05   +3.4196966e-05   +3.5702913e-05   +3.2323448e-05   +3.5210748e-05   +3.6157244e-05   +3.4033230e-05   +3.3208905e-05   +3.5370219e-05   +3.0520058e-05
  +3.5000000e+02   +3.7500000e+02   +2.7437273e-05   +4.2576108e-07  +2.7437273e-05   +2.4232923e-05   +2.9144373e-05   +2.7437273e-05   +2.8716458e-05   +2.5845865e-05   +2.8341896e-05   +2.9144373e-05   +2.7343552e-05   +2.6524644e-05   +2.8366744e-05   +2.4232923e-05
  +3.7500000e+02   +4.0000000e+02   +2.1451567e-05   +3.0138637e-07  +2.1451567e-05   +1.8558985e-05   +2.3016154e-05   +2.1451567e-05   +2.2600721e-05   +2.0021928e-05   +2.2274989e-05   +2.3016154e-05   +2.1352920e-05   +2.0592472e-05   +2.2227003e-05   +1.8558985e-05
  +4.0000000e+02   +4.2500000e+02   +1.7122117e-05   +3.0698465e-07  +1.7122117e-05   +1.4516177e-05   +1.8529916e-05   +1.7122117e-05   +1.8115591e-05   +1.5886154e-05   +1.7888242e-05   +1.8529916e-05   +1.7089948e-05   +1.6278822e-05   +1.7695649e-05   +1.4516177e-05
  +4.2500000e+02   +4.5000000e+02   +1.3559856e-05   +2.6915764e-07  +1.3559856e-05   +1.1180909e-05   +1.4865745e-05   +1.3559856e-05   +1.4406312e-05   +1.2506796e-05   +1.4324793e-05   +1.4865745e-05   +1.3651806e-05   +1.2694064e-05   +1.3910348e-05   +1.1180909e-05
  +4.5000000e+02   +4.7500000e+02   +1.1401607e-05   +2.7555441e-07  +1.1401607e-05   +9.5822365e-06   +1.2359969e-05   +1.1401607e-05   +1.2077240e-05   +1.0561067e-05   +1.1931772e-05   +1.2359969e-05   +1.1399060e-05   +1.0798375e-05   +1.1775915e-05   +9.5822365e-06
  +4.7500000e+02   +5.0000000e+02   +8.7681550e-06   +2.7958673e-07  +8.7681550e-06   +6.9901685e-06   +9.7291301e-06   +8.7681550e-06   +9.3946372e-06   +7.9887612e-06   +9.3227348e-06   +9.7291301e-06   +8.8171467e-06   +8.1071493e-06   +9.0049862e-06   +6.9901685e-06
  +5.0000000e+02   +5.2500000e+02   +7.1133573e-06   +1.9525097e-07  +7.1133573e-06   +5.6514369e-06   +7.9039695e-06   +7.1133573e-06   +7.6378283e-06   +6.4608735e-06   +7.5625665e-06   +7.9039695e-06   +7.1378338e-06   +6.5847191e-06   +7.3348978e-06   +5.6514369e-06
  +5.2500000e+02   +5.5000000e+02   +5.4672810e-06   +2.2119984e-07  +5.4672810e-06   +4.0368097e-06   +6.2518507e-06   +5.4672810e-06   +5.9411404e-06   +4.8777620e-06   +5.9415826e-06   +6.2518507e-06   +5.5555843e-06   +4.8806468e-06   +5.5589286e-06   +4.0368097e-06
  +5.5000000e+02   +5.7500000e+02   +4.6901663e-06   +1.8829506e-07  +4.6901663e-06   +3.5600643e-06   +5.2990311e-06   +4.6901663e-06   +5.0764531e-06   +4.2095947e-06   +5.0477368e-06   +5.2990311e-06   +4.7351065e-06   +4.2506888e-06   +4.8058175e-06   +3.5600643e-06
  +5.7500000e+02   +6.0000000e+02   +3.6795516e-06   +1.3691186e-07  +3.6795516e-06   +2.6854643e-06   +4.2183149e-06   +3.6795516e-06   +4.0140154e-06   +3.2634518e-06   +3.9993344e-06   +4.2183149e-06   +3.7269052e-06   +3.2823434e-06   +3.7621189e-06   +2.6854643e-06
  +6.0000000e+02   +6.2500000e+02   +3.0090890e-06   +1.3303041e-07  +3.0090890e-06   +2.1187097e-06   +3.4891846e-06   +3.0090890e-06   +3.3003291e-06   +2.6467630e-06   +3.2987047e-06   +3.4891846e-06   +3.0617325e-06   +2.6402372e-06   +3.0594447e-06   +2.1187097e-06
  +6.2500000e+02   +6.5000000e+02   +2.5091333e-06   +1.3176462e-07  +2.5091333e-06   +1.7625030e-06   +2.9090854e-06   +2.5091333e-06   +2.7529893e-06   +2.2057569e-06   +2.7503795e-06   +2.9090854e-06   +2.5529367e-06   +2.2008338e-06   +2.5531671e-06   +1.7625030e-06
  +6.5000000e+02   +6.7500000e+02   +1.9887534e-06   +1.7658043e-07  +1.9887534e-06   +1.3245741e-06   +2.3480344e-06   +1.9887534e-06   +2.2048731e-06   +1.7198830e-06   +2.2055139e-06   +2.3480344e-06   +2.0282071e-06   +1.7104530e-06   +2.0206253e-06   +1.3245741e-06
  +6.7500000e+02   +7.0000000e+02   +1.5213388e-06   +1.8011252e-07  +1.5213388e-06   +8.9876872e-07   +1.8620605e-06   +1.5213388e-06   +1.7176033e-06   +1.2771702e-06   +1.7310755e-06   +1.8620605e-06   +1.5681197e-06   +1.2475163e-06   +1.5278420e-06   +8.9876872e-07
  +7.0000000e+02   +7.2500000e+02   +1.2235947e-06   +9.8779122e-08  +1.2235947e-06   +6.6124887e-07   +1.5323171e-06   +1.2235947e-06   +1.3902550e-06   +1.0162561e-06   +1.4228951e-06   +1.5323171e-06   +1.2867655e-06   +9.6083240e-07   +1.2016397e-06   +6.6124887e-07
  +7.2500000e+02   +7.5000000e+02   +1.0292040e-06   +7.2464985e-08  +1.0292040e-06   +5.4055708e-07   +1.2959931e-06   +1.0292040e-06   +1.1755176e-06   +8.4717823e-07   +1.1993675e-06   +1.2959931e-06   +1.0791577e-06   +8.0299329e-07   +1.0139413e-06   +5.4055708e-07
  +7.5000000e+02   +7.7500000e+02   +9.6334796e-07   +5.3784644e-08  +9.6334796e-07   +5.7646119e-07   +1.1716562e-06   +9.6334796e-07   +1.0774491e-06   +8.2139700e-07   +1.0990594e-06   +1.1716562e-06   +1.0087432e-06   +7.8537096e-07   +9.5329408e-07   +5.7646119e-07
  +7.7500000e+02   +8.0000000e+02   +6.5771486e-07   +5.8386143e-08  +6.5771486e-07   +2.7070813e-07   +8.6939962e-07   +6.5771486e-07   +7.6922944e-07   +5.1898179e-07   +7.9565796e-07   +8.6939962e-07   +7.0391745e-07   +4.7125296e-07   +6.3245227e-07   +2.7070813e-07
  +8.0000000e+02   +8.2500000e+02   +6.5264522e-07   +4.1959723e-08  +6.5264522e-07   +3.6264895e-07   +8.0533151e-07   +6.5264522e-07   +7.3719021e-07   +5.4746452e-07   +7.5119606e-07   +8.0533151e-07   +6.8384723e-07   +5.1777835e-07   +6.4247241e-07   +3.6264895e-07
  +8.2500000e+02   +8.5000000e+02   +4.6114660e-07   +4.3774476e-08  +4.6114660e-07   +1.7499564e-07   +6.1629224e-07   +4.6114660e-07   +5.4208625e-07   +3.6045121e-07   +5.6324909e-07   +6.1629224e-07   +4.9725919e-07   +3.2168818e-07   +4.3960063e-07   +1.7499564e-07
  +8.5000000e+02   +8.7500000e+02   +5.1323192e-07   +1.0196303e-07  +5.1323192e-07   +3.2405300e-07   +6.1018785e-07   +5.1323192e-07   +5.7022624e-07   +4.4232642e-07   +5.7457361e-07   +6.1018785e-07   +5.3026664e-07   +4.3002671e-07   +5.1520903e-07   +3.2405300e-07
  +8.7500000e+02   +9.0000000e+02   +2.0902863e-07   +8.9172684e-08  +2.0902863e-07   -5.6410810e-08   +3.5668454e-07   +2.0902863e-07   +2.7951580e-07   +1.2133696e-07   +3.0921541e-07   +3.5668454e-07   +2.5016000e-07   +6.9743550e-08   +1.7114735e-07   -5.6410810e-08
  +9.0000000e+02   +9.2500000e+02   +3.5013461e-07   +4.4686236e-08  +3.5013461e-07   +1.9184705e-07   +4.3099294e-07   +3.5013461e-07   +3.9467644e-07   +2.9472101e-07   +4.0318400e-07   +4.3099294e-07   +3.6858746e-07   +2.7519070e-07   +3.4218291e-07   +1.9184705e-07
  +9.2500000e+02   +9.5000000e+02   +2.2535638e-07   +3.5831451e-08  +2.2535638e-07   +6.8589239e-08   +3.0916180e-07   +2.2535638e-07   +2.6958016e-07   +1.7033848e-07   +2.8019448e-07   +3.0916180e-07   +2.4415681e-07   +1.4907601e-07   +2.1377182e-07   +6.8589239e-08
  +9.5000000e+02   +9.7500000e+02   +3.8036163e-07   +1.8954202e-07  +3.8036163e-07   +3.3249984e-07   +4.0563279e-07   +3.8036163e-07   +4.0077266e-07   +3.5496867e-07   +3.8445560e-07   +3.9577017e-07   +3.7037932e-07   +3.7304347e-07   +4.0563279e-07   +3.3249984e-07
  +9.7500000e+02   +1.0000000e+03   +1.1730371e-07   +4.1548738e-08  +1.1730371e-07   -1.4643406e-08   +1.8949797e-07   +1.1730371e-07   +1.5417946e-07   +7.1427322e-08   +1.6464789e-07   +1.8949797e-07   +1.3373240e-07   +5.1415165e-08   +1.0451350e-07   -1.4643406e-08
<\histogram>
