  +0.0000000e+00   +5.0000000e-02   +4.4656122e-06   +7.0108772e-08  +4.4656122e-06   +3.7458076e-06   +5.4089593e-06   +4.4656122e-06   +4.0717878e-06   +4.9462567e-06   +4.1083275e-06   +3.7458076e-06   +4.5508180e-06   +4.8837193e-06   +4.4532978e-06   +5.4089593e-06
  +5.0000000e-02   +1.0000000e-01   +5.0152639e-06   +8.5780141e-08  +5.0152639e-06   +4.2108697e-06   +6.0689728e-06   +5.0152639e-06   +4.5722407e-06   +5.5561396e-06   +4.6191433e-06   +4.2108697e-06   +5.1176555e-06   +5.4786077e-06   +4.9949811e-06   +6.0689728e-06
  +1.0000000e-01   +1.5000000e-01   +6.0566438e-06   +6.0924689e-08  +6.0566438e-06   +5.0809393e-06   +7.3353981e-06   +6.0566438e-06   +5.5211047e-06   +6.7106448e-06   +5.5740860e-06   +5.0809393e-06   +6.1763870e-06   +6.6210103e-06   +6.0359451e-06   +7.3353981e-06
  +1.5000000e-01   +2.0000000e-01   +8.0275366e-06   +1.0659034e-07  +8.0275366e-06   +6.7270913e-06   +9.7350913e-06   +8.0275366e-06   +7.3163660e-06   +8.8964123e-06   +7.3813979e-06   +6.7270913e-06   +8.1808967e-06   +8.7849916e-06   +8.0072316e-06   +9.7350913e-06
  +2.0000000e-01   +2.5000000e-01   +1.0694995e-05   +9.3968227e-08  +1.0694995e-05   +8.9571603e-06   +1.2979089e-05   +1.0694995e-05   +9.7477183e-06   +1.1852252e-05   +9.8281395e-06   +8.9571603e-06   +1.0892311e-05   +1.1712679e-05   +1.0675918e-05   +1.2979089e-05
  +2.5000000e-01   +3.0000000e-01   +1.5139125e-05   +1.9124639e-07  +1.5139125e-05   +1.2668353e-05   +1.8391928e-05   +1.5139125e-05   +1.3798128e-05   +1.6777399e-05   +1.3900362e-05   +1.2668353e-05   +1.5405677e-05   +1.6597335e-05   +1.5128171e-05   +1.8391928e-05
  +3.0000000e-01   +3.5000000e-01   +2.1923657e-05   +1.6604635e-07  +2.1923657e-05   +1.8356566e-05   +2.6614889e-05   +2.1923657e-05   +1.9981440e-05   +2.4296535e-05   +2.0142129e-05   +1.8356566e-05   +2.2323923e-05   +2.4017715e-05   +2.1891572e-05   +2.6614889e-05
  +3.5000000e-01   +4.0000000e-01   +3.2768841e-05   +4.0438078e-07  +3.2768841e-05   +2.7357628e-05   +3.9915140e-05   +3.2768841e-05   +2.9861345e-05   +3.6322021e-05   +3.0023241e-05   +2.7357628e-05   +3.3281272e-05   +3.6013579e-05   +3.2820510e-05   +3.9915140e-05
  +4.0000000e-01   +4.5000000e-01   +3.7947172e-05   +2.1923115e-07  +3.7947172e-05   +3.1484692e-05   +4.6561484e-05   +3.7947172e-05   +3.4555395e-05   +4.2099170e-05   +3.4577025e-05   +3.1484692e-05   +3.8362940e-05   +4.1972641e-05   +3.8223477e-05   +4.6561484e-05
  +4.5000000e-01   +5.0000000e-01   +3.5348859e-05   +3.1834582e-07  +3.5348859e-05   +2.9316260e-05   +4.3393631e-05   +3.5348859e-05   +3.2201341e-05   +3.9198465e-05   +3.2183490e-05   +2.9316260e-05   +3.5690698e-05   +3.9134848e-05   +3.5652324e-05   +4.3393631e-05
  +5.0000000e-01   +5.5000000e-01   +3.6095562e-05   +2.3197742e-07  +3.6095562e-05   +2.9909698e-05   +4.4351941e-05   +3.6095562e-05   +3.2888666e-05   +4.0015863e-05   +3.2827881e-05   +2.9909698e-05   +3.6395666e-05   +4.0009749e-05   +3.6457270e-05   +4.4351941e-05
  +5.5000000e-01   +6.0000000e-01   +4.3508314e-05   +3.0743739e-07  +4.3508314e-05   +3.6005317e-05   +5.3536033e-05   +4.3508314e-05   +3.9644981e-05   +4.8230355e-05   +3.9516237e-05   +3.6005317e-05   +4.3808081e-05   +4.8298296e-05   +4.4012439e-05   +5.3536033e-05
  +6.0000000e-01   +6.5000000e-01   +4.1173839e-05   +2.6667524e-07  +4.1173839e-05   +3.4230028e-05   +5.0392338e-05   +4.1173839e-05   +3.7545443e-05   +4.5601082e-05   +3.7540297e-05   +3.4230028e-05   +4.1579913e-05   +4.5503683e-05   +4.1496535e-05   +5.0392338e-05
  +6.5000000e-01   +7.0000000e-01   +3.0554783e-05   +1.8687425e-07  +3.0554783e-05   +2.5425092e-05   +3.7353879e-05   +3.0554783e-05   +2.7878207e-05   +3.3816325e-05   +2.7867738e-05   +2.5425092e-05   +3.0844591e-05   +3.3753755e-05   +3.0798912e-05   +3.7353879e-05
  +7.0000000e-01   +7.5000000e-01   +2.3047758e-05   +6.8343351e-07  +2.3047758e-05   +1.9176480e-05   +2.8178252e-05   +2.3047758e-05   +2.1034956e-05   +2.5498665e-05   +2.1012526e-05   +1.9176480e-05   +2.3248454e-05   +2.5471549e-05   +2.3248403e-05   +2.8178252e-05
  +7.5000000e-01   +8.0000000e-01   +1.7222595e-05   +1.8099140e-07  +1.7222595e-05   +1.4305487e-05   +2.1096342e-05   +1.7222595e-05   +1.5721161e-05   +1.9050146e-05   +1.5672504e-05   +1.4305487e-05   +1.7336625e-05   +1.9073778e-05   +1.7411932e-05   +2.1096342e-05
  +8.0000000e-01   +8.5000000e-01   +1.3226818e-05   +8.4014525e-08  +1.3226818e-05   +1.0987827e-05   +1.6198509e-05   +1.3226818e-05   +1.2077193e-05   +1.4625186e-05   +1.2034377e-05   +1.0987827e-05   +1.3307511e-05   +1.4650731e-05   +1.3378117e-05   +1.6198509e-05
  +8.5000000e-01   +9.0000000e-01   +1.0489479e-05   +7.9582880e-08  +1.0489479e-05   +8.7036176e-06   +1.2862490e-05   +1.0489479e-05   +9.5797403e-06   +1.1595514e-05   +9.5306378e-06   +8.7036176e-06   +1.0536215e-05   +1.1636399e-05   +1.0627789e-05   +1.2862490e-05
  +9.0000000e-01   +9.5000000e-01   +8.2675514e-06   +9.2240653e-08  +8.2675514e-06   +6.8558159e-06   +1.0145593e-05   +8.2675514e-06   +7.5520056e-06   +9.1370953e-06   +7.5056999e-06   +6.8558159e-06   +8.2955161e-06   +9.1805521e-06   +8.3863515e-06   +1.0145593e-05
  +9.5000000e-01   +1.0000000e+00   +6.4840632e-06   +5.7592226e-08  +6.4840632e-06   +5.3785801e-06   +7.9530905e-06   +6.4840632e-06   +5.9234033e-06   +7.1652509e-06   +5.8879374e-06   +5.3785801e-06   +6.5068517e-06   +7.1974354e-06   +6.5754201e-06   +7.9530905e-06
  +1.0000000e+00   +1.0500000e+00   +5.1052995e-06   +3.4973179e-08  +5.1052995e-06   +4.2275975e-06   +6.2738180e-06   +5.1052995e-06   +4.6656698e-06   +5.6389454e-06   +4.6261524e-06   +4.2275975e-06   +5.1099840e-06   +5.6804197e-06   +5.1915157e-06   +6.2738180e-06
  +1.0500000e+00   +1.1000000e+00   +4.2007688e-06   +1.1042695e-07  +4.2007688e-06   +3.4793164e-06   +5.1605530e-06   +4.2007688e-06   +3.8396250e-06   +4.6389655e-06   +3.8067349e-06   +3.4793164e-06   +4.2040465e-06   +4.6733534e-06   +4.2717840e-06   +5.1605530e-06
  +1.1000000e+00   +1.1500000e+00   +3.1587584e-06   +3.2366602e-08  +3.1587584e-06   +2.6110730e-06   +3.8892531e-06   +3.1587584e-06   +2.8877049e-06   +3.4875154e-06   +2.8562721e-06   +2.6110730e-06   +3.1536944e-06   +3.5228049e-06   +3.2206496e-06   +3.8892531e-06
  +1.1500000e+00   +1.2000000e+00   +2.6255332e-06   +6.5036430e-08  +2.6255332e-06   +2.1651457e-06   +3.2414481e-06   +2.6255332e-06   +2.3999491e-06   +2.8992435e-06   +2.3687304e-06   +2.1651457e-06   +2.6157614e-06   +2.9355427e-06   +2.6834097e-06   +3.2414481e-06
  +1.2000000e+00   +1.2500000e+00   +1.9977947e-06   +2.2238215e-08  +1.9977947e-06   +1.6469451e-06   +2.4671824e-06   +1.9977947e-06   +1.8269015e-06   +2.2049203e-06   +1.8010756e-06   +1.6469451e-06   +1.9878997e-06   +2.2355355e-06   +2.0443938e-06   +2.4671824e-06
  +1.2500000e+00   +1.3000000e+00   +1.5715357e-06   +1.7323302e-08  +1.5715357e-06   +1.2941294e-06   +1.9431121e-06   +1.5715357e-06   +1.4371999e-06   +1.7343252e-06   +1.4151415e-06   +1.2941294e-06   +1.5617954e-06   +1.7608035e-06   +1.6103491e-06   +1.9431121e-06
  +1.3000000e+00   +1.3500000e+00   +1.2426419e-06   +2.7786656e-08  +1.2426419e-06   +1.0204142e-06   +1.5414372e-06   +1.2426419e-06   +1.1364021e-06   +1.3713882e-06   +1.1158465e-06   +1.0204142e-06   +1.2315032e-06   +1.3967839e-06   +1.2774096e-06   +1.5414372e-06
  +1.3500000e+00   +1.4000000e+00   +9.8804322e-07   +2.0896464e-08  +9.8804322e-07   +8.0919721e-07   +1.2293706e-06   +9.8804322e-07   +9.0363213e-07   +1.0903170e-06   +8.8480930e-07   +8.0919721e-07   +9.7642662e-07   +1.1140877e-06   +1.0189348e-06   +1.2293706e-06
  +1.4000000e+00   +1.4500000e+00   +7.6593717e-07   +1.5464113e-08  +7.6593717e-07   +6.2686715e-07   +9.5364803e-07   +7.6593717e-07   +7.0057019e-07   +8.4511884e-07   +6.8537669e-07   +6.2686715e-07   +7.5625561e-07   +8.6432829e-07   +7.9058777e-07   +9.5364803e-07
  +1.4500000e+00   +1.5000000e+00   +5.8256841e-07   +9.6343488e-09  +5.8256841e-07   +4.7654959e-07   +7.2572819e-07   +5.8256841e-07   +5.3283826e-07   +6.4281236e-07   +5.2103967e-07   +4.7654959e-07   +5.7493834e-07   +6.5773398e-07   +6.0160336e-07   +7.2572819e-07
<\histogram>
