  +0.0000000e+00   +2.5000000e+01   +1.0764709e-04   +5.3304688e-07  +1.0764709e-04   +1.0417229e-04   +1.1001006e-04   +1.0764709e-04   +1.0917982e-04   +1.0574025e-04   +1.0849933e-04   +1.0905658e-04   +1.0780606e-04   +1.0740865e-04   +1.1001006e-04   +1.0417229e-04
  +2.5000000e+01   +5.0000000e+01   +4.7427158e-04   +3.6733223e-06  +4.7427158e-04   +4.5872736e-04   +4.8492489e-04   +4.7427158e-04   +4.8120416e-04   +4.6564690e-04   +4.7782838e-04   +4.8045319e-04   +4.7456291e-04   +4.7325083e-04   +4.8492489e-04   +4.5872736e-04
  +5.0000000e+01   +7.5000000e+01   +2.8694060e-04   +1.1140130e-06  +2.8694060e-04   +2.7721903e-04   +2.9359236e-04   +2.8694060e-04   +2.9124126e-04   +2.8159022e-04   +2.8912551e-04   +2.9072306e-04   +2.8713804e-04   +2.8629613e-04   +2.9359236e-04   +2.7721903e-04
  +7.5000000e+01   +1.0000000e+02   +1.6477966e-04   +1.0231304e-06  +1.6477966e-04   +1.5807533e-04   +1.6848502e-04   +1.6477966e-04   +1.6750861e-04   +1.6138462e-04   +1.6645749e-04   +1.6749168e-04   +1.6517088e-04   +1.6384629e-04   +1.6848502e-04   +1.5807533e-04
  +1.0000000e+02   +1.2500000e+02   +9.6531494e-05   +1.1167072e-06  +9.6531494e-05   +9.1863989e-05   +9.8822031e-05   +9.6531494e-05   +9.8404029e-05   +9.4201909e-05   +9.7690269e-05   +9.8488523e-05   +9.6697181e-05   +9.5721410e-05   +9.8822031e-05   +9.1863989e-05
  +1.2500000e+02   +1.5000000e+02   +6.0755218e-05   +3.8757981e-07  +6.0755218e-05   +5.7872232e-05   +6.2394852e-05   +6.0755218e-05   +6.1968206e-05   +5.9246166e-05   +6.1370007e-05   +6.1886857e-05   +6.0727003e-05   +6.0379496e-05   +6.2394852e-05   +5.7872232e-05
  +1.5000000e+02   +1.7500000e+02   +3.8961983e-05   +1.3948690e-07  +3.8961983e-05   +3.6724509e-05   +3.9965403e-05   +3.8961983e-05   +3.9837725e-05   +3.7872491e-05   +3.9502744e-05   +3.9891942e-05   +3.9018550e-05   +3.8521205e-05   +3.9965403e-05   +3.6724509e-05
  +1.7500000e+02   +2.0000000e+02   +2.5481787e-05   +3.8853844e-07  +2.5481787e-05   +2.3754858e-05   +2.6231090e-05   +2.5481787e-05   +2.6127856e-05   +2.4678026e-05   +2.5928868e-05   +2.6231090e-05   +2.5552881e-05   +2.5063947e-05   +2.6116202e-05   +2.3754858e-05
  +2.0000000e+02   +2.2500000e+02   +1.7521628e-05   +9.4528389e-08  +1.7521628e-05   +1.6289232e-05   +1.8044099e-05   +1.7521628e-05   +1.7979537e-05   +1.6951954e-05   +1.7831307e-05   +1.8044099e-05   +1.7566577e-05   +1.7222351e-05   +1.7972399e-05   +1.6289232e-05
  +2.2500000e+02   +2.5000000e+02   +1.2801967e-05   +6.1371799e-07  +1.2801967e-05   +1.2087057e-05   +1.3185336e-05   +1.2801967e-05   +1.3087912e-05   +1.2446229e-05   +1.2936625e-05   +1.3052408e-05   +1.2792581e-05   +1.2695925e-05   +1.3185336e-05   +1.2087057e-05
  +2.5000000e+02   +2.7500000e+02   +8.4110241e-06   +1.0161935e-07  +8.4110241e-06   +7.6277180e-06   +8.7646741e-06   +8.4110241e-06   +8.6847517e-06   +8.0704852e-06   +8.6275455e-06   +8.7646741e-06   +8.4569465e-06   +8.1745207e-06   +8.6140444e-06   +7.6277180e-06
  +2.7500000e+02   +3.0000000e+02   +6.0380873e-06   +6.2614806e-08  +6.0380873e-06   +5.4397290e-06   +6.3069138e-06   +6.0380873e-06   +6.2402798e-06   +5.7865437e-06   +6.2067988e-06   +6.3069138e-06   +6.0822481e-06   +5.8466951e-06   +6.1738172e-06   +5.4397290e-06
  +3.0000000e+02   +3.2500000e+02   +4.4942530e-06   +3.2768843e-08  +4.4942530e-06   +4.0678728e-06   +4.6761114e-06   +4.4942530e-06   +4.6386985e-06   +4.3145514e-06   +4.6074242e-06   +4.6761114e-06   +4.5219716e-06   +4.3637331e-06   +4.6015477e-06   +4.0678728e-06
  +3.2500000e+02   +3.5000000e+02   +3.3513712e-06   +6.4347059e-08  +3.3513712e-06   +3.0270055e-06   +3.4861233e-06   +3.3513712e-06   +3.4572637e-06   +3.2196328e-06   +3.4379027e-06   +3.4861233e-06   +3.3779125e-06   +3.2479269e-06   +3.4255050e-06   +3.0270055e-06
  +3.5000000e+02   +3.7500000e+02   +2.4887866e-06   +9.8875418e-08  +2.4887866e-06   +2.2405318e-06   +2.5912604e-06   +2.4887866e-06   +2.5720577e-06   +2.3851906e-06   +2.5520871e-06   +2.5912604e-06   +2.5033523e-06   +2.4126195e-06   +2.5509447e-06   +2.2405318e-06
  +3.7500000e+02   +4.0000000e+02   +1.8196770e-06   +1.8887417e-08  +1.8196770e-06   +1.6155099e-06   +1.9062914e-06   +1.8196770e-06   +1.8867735e-06   +1.7362037e-06   +1.8735597e-06   +1.9062914e-06   +1.8328387e-06   +1.7527593e-06   +1.8630812e-06   +1.6155099e-06
  +4.0000000e+02   +4.2500000e+02   +1.3234977e-06   +3.3148265e-08  +1.3234977e-06   +1.1412383e-06   +1.4057819e-06   +1.3234977e-06   +1.3819088e-06   +1.2508297e-06   +1.3751698e-06   +1.4057819e-06   +1.3370859e-06   +1.2576985e-06   +1.3513100e-06   +1.1412383e-06
  +4.2500000e+02   +4.5000000e+02   +1.0507867e-06   +4.3435066e-08  +1.0507867e-06   +9.1366181e-07   +1.1098230e-06   +1.0507867e-06   +1.0973312e-06   +9.9288157e-07   +1.0850565e-06   +1.1098230e-06   +1.0542451e-06   +1.0060852e-06   +1.0803757e-06   +9.1366181e-07
  +4.5000000e+02   +4.7500000e+02   +7.5481383e-07   +1.3425494e-08  +7.5481383e-07   +6.2537991e-07   +8.1531429e-07   +7.5481383e-07   +7.9184403e-07   +7.0874531e-07   +7.9625551e-07   +8.1531429e-07   +7.7254486e-07   +7.0014568e-07   +7.6024293e-07   +6.2537991e-07
  +4.7500000e+02   +5.0000000e+02   +7.0176835e-07   +8.4589314e-08  +7.0176835e-07   +6.3697006e-07   +7.2274377e-07   +7.0176835e-07   +7.2044388e-07   +6.7853447e-07   +7.1669083e-07   +7.2274377e-07   +7.0916047e-07   +6.8052783e-07   +7.1553984e-07   +6.3697006e-07
  +5.0000000e+02   +5.2500000e+02   +4.6362389e-07   +8.0408298e-09  +4.6362389e-07   +3.8944035e-07   +4.9624865e-07   +4.6362389e-07   +4.8535949e-07   +4.3658304e-07   +4.8537176e-07   +4.9624865e-07   +4.7184004e-07   +4.3400617e-07   +4.6982847e-07   +3.8944035e-07
  +5.2500000e+02   +5.5000000e+02   +3.5519415e-07   +9.1942559e-09  +3.5519415e-07   +2.9429081e-07   +3.8202923e-07   +3.5519415e-07   +3.7398966e-07   +3.3181104e-07   +3.7200497e-07   +3.8202923e-07   +3.5953399e-07   +3.3191605e-07   +3.6215949e-07   +2.9429081e-07
  +5.5000000e+02   +5.7500000e+02   +2.5805200e-07   +7.9442234e-09  +2.5805200e-07   +1.9824416e-07   +2.8675066e-07   +2.5805200e-07   +2.7486832e-07   +2.3713115e-07   +2.7748624e-07   +2.8675066e-07   +2.6596056e-07   +2.3146339e-07   +2.5816525e-07   +1.9824416e-07
  +5.7500000e+02   +6.0000000e+02   +2.1523309e-07   +7.1093075e-09  +2.1523309e-07   +1.7150434e-07   +2.3516264e-07   +2.1523309e-07   +2.2758753e-07   +1.9986319e-07   +2.2868896e-07   +2.3516264e-07   +2.2063519e-07   +1.9649701e-07   +2.1658628e-07   +1.7150434e-07
  +6.0000000e+02   +6.2500000e+02   +1.6583981e-07   +1.0926327e-08  +1.6583981e-07   +1.2452738e-07   +1.8507226e-07   +1.6583981e-07   +1.7656430e-07   +1.5249769e-07   +1.7942671e-07   +1.8507226e-07   +1.7240320e-07   +1.4630170e-07   +1.6380404e-07   +1.2452738e-07
  +6.2500000e+02   +6.5000000e+02   +1.1821625e-07   +1.2376408e-08  +1.1821625e-07   +8.4209474e-08   +1.3481122e-07   +1.1821625e-07   +1.2778748e-07   +1.0630886e-07   +1.2930122e-07   +1.3481122e-07   +1.2244634e-07   +1.0281135e-07   +1.1776366e-07   +8.4209474e-08
  +6.5000000e+02   +6.7500000e+02   +1.0406771e-07   +4.0004510e-09  +1.0406771e-07   +7.9128234e-08   +1.1548356e-07   +1.0406771e-07   +1.1089974e-07   +9.5568108e-08   +1.1183732e-07   +1.1548356e-07   +1.0730111e-07   +9.2920566e-08   +1.0400694e-07   +7.9128234e-08
  +6.7500000e+02   +7.0000000e+02   +8.2824440e-08   +3.0657467e-09  +8.2824440e-08   +6.2977993e-08   +9.1810920e-08   +8.2824440e-08   +8.8474717e-08   +7.5795042e-08   +8.8724146e-08   +9.1810920e-08   +8.4883954e-08   +7.4277602e-08   +8.3360304e-08   +6.2977993e-08
  +7.0000000e+02   +7.2500000e+02   +7.5100430e-08   +2.8436685e-09  +7.5100430e-08   +6.1243355e-08   +8.0680541e-08   +7.5100430e-08   +7.9094524e-08   +7.0131458e-08   +7.8704733e-08   +8.0680541e-08   +7.6246667e-08   +6.9599657e-08   +7.6316512e-08   +6.1243355e-08
  +7.2500000e+02   +7.5000000e+02   +4.8295650e-08   +3.2866665e-09  +4.8295650e-08   +3.1479038e-08   +5.6401525e-08   +4.8295650e-08   +5.2620265e-08   +4.2915483e-08   +5.3973766e-08   +5.6401525e-08   +5.0953439e-08   +4.0055348e-08   +4.6949045e-08   +3.1479038e-08
  +7.5000000e+02   +7.7500000e+02   +3.9035815e-08   +4.6071529e-09  +3.9035815e-08   +2.5529109e-08   +4.5435371e-08   +3.9035815e-08   +4.2775851e-08   +3.4382912e-08   +4.3255182e-08   +4.5435371e-08   +4.0542851e-08   +3.2823837e-08   +3.8687389e-08   +2.5529109e-08
  +7.7500000e+02   +8.0000000e+02   +3.8057409e-08   +2.7453307e-09  +3.8057409e-08   +2.9490011e-08   +4.1675071e-08   +3.8057409e-08   +4.0308407e-08   +3.5256987e-08   +4.0576725e-08   +4.1675071e-08   +3.9210293e-08   +3.4243240e-08   +3.8063914e-08   +2.9490011e-08
  +8.0000000e+02   +8.2500000e+02   +2.2231927e-08   +3.2810966e-09  +2.2231927e-08   +1.1721148e-08   +2.7431372e-08   +2.2231927e-08   +2.4938745e-08   +1.8864425e-08   +2.5823123e-08   +2.7431372e-08   +2.3822332e-08   +1.6959774e-08   +2.1170618e-08   +1.1721148e-08
  +8.2500000e+02   +8.5000000e+02   +2.6103686e-08   +1.5546942e-09  +2.6103686e-08   +2.0096675e-08   +2.8568941e-08   +2.6103686e-08   +2.7577044e-08   +2.4270709e-08   +2.7892884e-08   +2.8568941e-08   +2.7051814e-08   +2.3297269e-08   +2.5869930e-08   +2.0096675e-08
  +8.5000000e+02   +8.7500000e+02   +2.4971108e-08   +6.5720114e-09  +2.4971108e-08   +2.0672096e-08   +2.6467243e-08   +2.4971108e-08   +2.5968633e-08   +2.3730109e-08   +2.6120550e-08   +2.6467243e-08   +2.5689234e-08   +2.3038163e-08   +2.4940022e-08   +2.0672096e-08
  +8.7500000e+02   +9.0000000e+02   +1.1229284e-08   +6.3713701e-09  +1.1229284e-08   +4.8365993e-09   +1.4420718e-08   +1.1229284e-08   +1.2903856e-08   +9.1459820e-09   +1.3400549e-08   +1.4420718e-08   +1.2131378e-08   +8.0417566e-09   +1.0618083e-08   +4.8365993e-09
  +9.0000000e+02   +9.2500000e+02   +7.4363639e-09   +2.1391959e-09  +7.4363639e-09   +9.9162823e-10   +1.0765354e-08   +7.4363639e-09   +8.9701838e-09   +5.5281689e-09   +9.8277038e-09   +1.0765354e-08   +8.6611932e-09   +3.9288923e-09   +6.2898848e-09   +9.9162823e-10
  +9.2500000e+02   +9.5000000e+02   +1.4654199e-08   +2.9668509e-09  +1.4654199e-08   +1.2350558e-08   +1.5356960e-08   +1.4654199e-08   +1.5182297e-08   +1.3997201e-08   +1.5197180e-08   +1.5356960e-08   +1.4998400e-08   +1.3652307e-08   +1.4698662e-08   +1.2350558e-08
  +9.5000000e+02   +9.7500000e+02   +5.3989619e-09   +2.8753341e-09  +5.3989619e-09   +1.2430547e-09   +7.5147120e-09   +5.3989619e-09   +6.4355875e-09   +4.1093174e-09   +6.8776849e-09   +7.5147120e-09   +6.0851726e-09   +3.2228109e-09   +4.8141518e-09   +1.2430547e-09
  +9.7500000e+02   +1.0000000e+03   +8.4585332e-09   +2.5828377e-09  +8.4585332e-09   +6.5481929e-09   +9.1754746e-09   +8.4585332e-09   +8.9381416e-09   +7.8618626e-09   +8.9588434e-09   +9.1754746e-09   +8.6893362e-09   +7.6059616e-09   +8.4562041e-09   +6.5481929e-09
<\histogram>
