 #           1 : d2S/dy_jj dm_jj (fb/GeV)	 #           1 : d2S/dy_jj dm_jj (fb/GeV)
-0.500000 0.00000 -50.0000 0.00000 0.0 0.0	-0.500000 0.00000 -50.0000 0.00000 0.0 0.0
-0.500000 0.00000 0.00000 50.0000 0.0 0.0	-0.500000 0.00000 0.00000 50.0000 0.0 0.0
-0.500000 0.00000 50.0000 100.000 0.0 0.0	-0.500000 0.00000 50.0000 100.000 0.0 0.0
-0.500000 0.00000 100.000 150.000 0.0 0.0	-0.500000 0.00000 100.000 150.000 0.0 0.0
-0.500000 0.00000 150.000 200.000 0.0 0.0	-0.500000 0.00000 150.000 200.000 0.0 0.0
-0.500000 0.00000 200.000 250.000 0.0 0.0	-0.500000 0.00000 200.000 250.000 0.0 0.0
-0.500000 0.00000 250.000 300.000 0.0 0.0	-0.500000 0.00000 250.000 300.000 0.0 0.0
-0.500000 0.00000 300.000 350.000 0.0 0.0	-0.500000 0.00000 300.000 350.000 0.0 0.0
-0.500000 0.00000 350.000 400.000 0.0 0.0	-0.500000 0.00000 350.000 400.000 0.0 0.0
-0.500000 0.00000 400.000 450.000 0.0 0.0	-0.500000 0.00000 400.000 450.000 0.0 0.0
-0.500000 0.00000 450.000 500.000 0.0 0.0	-0.500000 0.00000 450.000 500.000 0.0 0.0
-0.500000 0.00000 500.000 550.000 0.0 0.0	-0.500000 0.00000 500.000 550.000 0.0 0.0
-0.500000 0.00000 550.000 600.000 0.0 0.0	-0.500000 0.00000 550.000 600.000 0.0 0.0
-0.500000 0.00000 600.000 650.000 0.0 0.0	-0.500000 0.00000 600.000 650.000 0.0 0.0
-0.500000 0.00000 650.000 700.000 0.0 0.0	-0.500000 0.00000 650.000 700.000 0.0 0.0
-0.500000 0.00000 700.000 750.000 0.0 0.0	-0.500000 0.00000 700.000 750.000 0.0 0.0
-0.500000 0.00000 750.000 800.000 0.0 0.0	-0.500000 0.00000 750.000 800.000 0.0 0.0
-0.500000 0.00000 800.000 850.000 0.0 0.0	-0.500000 0.00000 800.000 850.000 0.0 0.0
-0.500000 0.00000 850.000 900.000 0.0 0.0	-0.500000 0.00000 850.000 900.000 0.0 0.0
-0.500000 0.00000 900.000 950.000 0.0 0.0	-0.500000 0.00000 900.000 950.000 0.0 0.0
-0.500000 0.00000 950.000 1000.00 0.0 0.0	-0.500000 0.00000 950.000 1000.00 0.0 0.0
-0.500000 0.00000 1000.00 1050.00 0.0 0.0	-0.500000 0.00000 1000.00 1050.00 0.0 0.0
 	 
0.00000 0.500000 -50.0000 0.00000 0.0 0.0	0.00000 0.500000 -50.0000 0.00000 0.0 0.0
0.00000 0.500000 0.00000 50.0000 0.0 0.0	0.00000 0.500000 0.00000 50.0000 0.0 0.0
0.00000 0.500000 50.0000 100.000 0.0 0.0	0.00000 0.500000 50.0000 100.000 0.0 0.0
0.00000 0.500000 100.000 150.000 0.0 0.0	0.00000 0.500000 100.000 150.000 0.0 0.0
0.00000 0.500000 150.000 200.000 0.0 0.0	0.00000 0.500000 150.000 200.000 0.0 0.0
0.00000 0.500000 200.000 250.000 0.0 0.0	0.00000 0.500000 200.000 250.000 0.0 0.0
0.00000 0.500000 250.000 300.000 0.0 0.0	0.00000 0.500000 250.000 300.000 0.0 0.0
0.00000 0.500000 300.000 350.000 0.0 0.0	0.00000 0.500000 300.000 350.000 0.0 0.0
0.00000 0.500000 350.000 400.000 0.0 0.0	0.00000 0.500000 350.000 400.000 0.0 0.0
0.00000 0.500000 400.000 450.000 0.0 0.0	0.00000 0.500000 400.000 450.000 0.0 0.0
0.00000 0.500000 450.000 500.000 0.0 0.0	0.00000 0.500000 450.000 500.000 0.0 0.0
0.00000 0.500000 500.000 550.000 0.0 0.0	0.00000 0.500000 500.000 550.000 0.0 0.0
0.00000 0.500000 550.000 600.000 0.0 0.0	0.00000 0.500000 550.000 600.000 0.0 0.0
0.00000 0.500000 600.000 650.000 0.0 0.0	0.00000 0.500000 600.000 650.000 0.0 0.0
0.00000 0.500000 650.000 700.000 0.0 0.0	0.00000 0.500000 650.000 700.000 0.0 0.0
0.00000 0.500000 700.000 750.000 0.0 0.0	0.00000 0.500000 700.000 750.000 0.0 0.0
0.00000 0.500000 750.000 800.000 0.0 0.0	0.00000 0.500000 750.000 800.000 0.0 0.0
0.00000 0.500000 800.000 850.000 0.0 0.0	0.00000 0.500000 800.000 850.000 0.0 0.0
0.00000 0.500000 850.000 900.000 0.0 0.0	0.00000 0.500000 850.000 900.000 0.0 0.0
0.00000 0.500000 900.000 950.000 0.0 0.0	0.00000 0.500000 900.000 950.000 0.0 0.0
0.00000 0.500000 950.000 1000.00 0.0 0.0	0.00000 0.500000 950.000 1000.00 0.0 0.0
0.00000 0.500000 1000.00 1050.00 0.0 0.0	0.00000 0.500000 1000.00 1050.00 0.0 0.0
 	 
0.500000 1.00000 -50.0000 0.00000 0.0 0.0	0.500000 1.00000 -50.0000 0.00000 0.0 0.0
0.500000 1.00000 0.00000 50.0000 0.0 0.0	0.500000 1.00000 0.00000 50.0000 0.0 0.0
0.500000 1.00000 50.0000 100.000 0.0 0.0	0.500000 1.00000 50.0000 100.000 0.0 0.0
0.500000 1.00000 100.000 150.000 0.0 0.0	0.500000 1.00000 100.000 150.000 0.0 0.0
0.500000 1.00000 150.000 200.000 0.0 0.0	0.500000 1.00000 150.000 200.000 0.0 0.0
0.500000 1.00000 200.000 250.000 0.0 0.0	0.500000 1.00000 200.000 250.000 0.0 0.0
0.500000 1.00000 250.000 300.000 0.0 0.0	0.500000 1.00000 250.000 300.000 0.0 0.0
0.500000 1.00000 300.000 350.000 0.0 0.0	0.500000 1.00000 300.000 350.000 0.0 0.0
0.500000 1.00000 350.000 400.000 0.0 0.0	0.500000 1.00000 350.000 400.000 0.0 0.0
0.500000 1.00000 400.000 450.000 0.0 0.0	0.500000 1.00000 400.000 450.000 0.0 0.0
0.500000 1.00000 450.000 500.000 0.0 0.0	0.500000 1.00000 450.000 500.000 0.0 0.0
0.500000 1.00000 500.000 550.000 0.0 0.0	0.500000 1.00000 500.000 550.000 0.0 0.0
0.500000 1.00000 550.000 600.000 0.0 0.0	0.500000 1.00000 550.000 600.000 0.0 0.0
0.500000 1.00000 600.000 650.000 0.0 0.0	0.500000 1.00000 600.000 650.000 0.0 0.0
0.500000 1.00000 650.000 700.000 0.0 0.0	0.500000 1.00000 650.000 700.000 0.0 0.0
0.500000 1.00000 700.000 750.000 0.0 0.0	0.500000 1.00000 700.000 750.000 0.0 0.0
0.500000 1.00000 750.000 800.000 0.0 0.0	0.500000 1.00000 750.000 800.000 0.0 0.0
0.500000 1.00000 800.000 850.000 0.0 0.0	0.500000 1.00000 800.000 850.000 0.0 0.0
0.500000 1.00000 850.000 900.000 0.0 0.0	0.500000 1.00000 850.000 900.000 0.0 0.0
0.500000 1.00000 900.000 950.000 0.0 0.0	0.500000 1.00000 900.000 950.000 0.0 0.0
0.500000 1.00000 950.000 1000.00 0.0 0.0	0.500000 1.00000 950.000 1000.00 0.0 0.0
0.500000 1.00000 1000.00 1050.00 0.0 0.0	0.500000 1.00000 1000.00 1050.00 0.0 0.0
 	 
1.00000 1.50000 -50.0000 0.00000 0.0 0.0	1.00000 1.50000 -50.0000 0.00000 0.0 0.0
1.00000 1.50000 0.00000 50.0000 0.0 0.0	1.00000 1.50000 0.00000 50.0000 0.0 0.0
1.00000 1.50000 50.0000 100.000 0.0 0.0	1.00000 1.50000 50.0000 100.000 0.0 0.0
1.00000 1.50000 100.000 150.000 0.0 0.0	1.00000 1.50000 100.000 150.000 0.0 0.0
1.00000 1.50000 150.000 200.000 0.0 0.0	1.00000 1.50000 150.000 200.000 0.0 0.0
1.00000 1.50000 200.000 250.000 0.0 0.0	1.00000 1.50000 200.000 250.000 0.0 0.0
1.00000 1.50000 250.000 300.000 0.0 0.0	1.00000 1.50000 250.000 300.000 0.0 0.0
1.00000 1.50000 300.000 350.000 0.0 0.0	1.00000 1.50000 300.000 350.000 0.0 0.0
1.00000 1.50000 350.000 400.000 0.0 0.0	1.00000 1.50000 350.000 400.000 0.0 0.0
1.00000 1.50000 400.000 450.000 0.0 0.0	1.00000 1.50000 400.000 450.000 0.0 0.0
1.00000 1.50000 450.000 500.000 0.0 0.0	1.00000 1.50000 450.000 500.000 0.0 0.0
1.00000 1.50000 500.000 550.000 0.0 0.0	1.00000 1.50000 500.000 550.000 0.0 0.0
1.00000 1.50000 550.000 600.000 0.0 0.0	1.00000 1.50000 550.000 600.000 0.0 0.0
1.00000 1.50000 600.000 650.000 0.0 0.0	1.00000 1.50000 600.000 650.000 0.0 0.0
1.00000 1.50000 650.000 700.000 0.0 0.0	1.00000 1.50000 650.000 700.000 0.0 0.0
1.00000 1.50000 700.000 750.000 0.0 0.0	1.00000 1.50000 700.000 750.000 0.0 0.0
1.00000 1.50000 750.000 800.000 0.0 0.0	1.00000 1.50000 750.000 800.000 0.0 0.0
1.00000 1.50000 800.000 850.000 0.0 0.0	1.00000 1.50000 800.000 850.000 0.0 0.0
1.00000 1.50000 850.000 900.000 0.0 0.0	1.00000 1.50000 850.000 900.000 0.0 0.0
1.00000 1.50000 900.000 950.000 0.0 0.0	1.00000 1.50000 900.000 950.000 0.0 0.0
1.00000 1.50000 950.000 1000.00 0.0 0.0	1.00000 1.50000 950.000 1000.00 0.0 0.0
1.00000 1.50000 1000.00 1050.00 0.0 0.0	1.00000 1.50000 1000.00 1050.00 0.0 0.0
 	 
1.50000 2.00000 -50.0000 0.00000 0.0 0.0	1.50000 2.00000 -50.0000 0.00000 0.0 0.0
1.50000 2.00000 0.00000 50.0000 0.0 0.0	1.50000 2.00000 0.00000 50.0000 0.0 0.0
1.50000 2.00000 50.0000 100.000 0.0 0.0	1.50000 2.00000 50.0000 100.000 0.0 0.0
1.50000 2.00000 100.000 150.000 0.0 0.0	1.50000 2.00000 100.000 150.000 0.0 0.0
1.50000 2.00000 150.000 200.000 0.0 0.0	1.50000 2.00000 150.000 200.000 0.0 0.0
1.50000 2.00000 200.000 250.000 0.0 0.0	1.50000 2.00000 200.000 250.000 0.0 0.0
1.50000 2.00000 250.000 300.000 0.0 0.0	1.50000 2.00000 250.000 300.000 0.0 0.0
1.50000 2.00000 300.000 350.000 0.0 0.0	1.50000 2.00000 300.000 350.000 0.0 0.0
1.50000 2.00000 350.000 400.000 0.0 0.0	1.50000 2.00000 350.000 400.000 0.0 0.0
1.50000 2.00000 400.000 450.000 0.0 0.0	1.50000 2.00000 400.000 450.000 0.0 0.0
1.50000 2.00000 450.000 500.000 0.0 0.0	1.50000 2.00000 450.000 500.000 0.0 0.0
1.50000 2.00000 500.000 550.000 0.0 0.0	1.50000 2.00000 500.000 550.000 0.0 0.0
1.50000 2.00000 550.000 600.000 0.0 0.0	1.50000 2.00000 550.000 600.000 0.0 0.0
1.50000 2.00000 600.000 650.000 0.0 0.0	1.50000 2.00000 600.000 650.000 0.0 0.0
1.50000 2.00000 650.000 700.000 0.0 0.0	1.50000 2.00000 650.000 700.000 0.0 0.0
1.50000 2.00000 700.000 750.000 0.0 0.0	1.50000 2.00000 700.000 750.000 0.0 0.0
1.50000 2.00000 750.000 800.000 0.0 0.0	1.50000 2.00000 750.000 800.000 0.0 0.0
1.50000 2.00000 800.000 850.000 0.0 0.0	1.50000 2.00000 800.000 850.000 0.0 0.0
1.50000 2.00000 850.000 900.000 0.0 0.0	1.50000 2.00000 850.000 900.000 0.0 0.0
1.50000 2.00000 900.000 950.000 0.0 0.0	1.50000 2.00000 900.000 950.000 0.0 0.0
1.50000 2.00000 950.000 1000.00 0.0 0.0	1.50000 2.00000 950.000 1000.00 0.0 0.0
1.50000 2.00000 1000.00 1050.00 0.0 0.0	1.50000 2.00000 1000.00 1050.00 0.0 0.0
 	 
2.00000 2.50000 -50.0000 0.00000 0.0 0.0	2.00000 2.50000 -50.0000 0.00000 0.0 0.0
2.00000 2.50000 0.00000 50.0000 0.0 0.0	2.00000 2.50000 0.00000 50.0000 0.0 0.0
2.00000 2.50000 50.0000 100.000 0.0 0.0	2.00000 2.50000 50.0000 100.000 0.0 0.0
2.00000 2.50000 100.000 150.000 0.0 0.0	2.00000 2.50000 100.000 150.000 0.0 0.0
2.00000 2.50000 150.000 200.000 0.0 0.0	2.00000 2.50000 150.000 200.000 0.0 0.0
2.00000 2.50000 200.000 250.000 0.00032480351968503933 1.899536767238076e-07	2.00000 2.50000 200.000 250.000 3.42103375e-06 1.5167733911552193e-08
2.00000 2.50000 250.000 300.000 0.00041420305511811025 2.0243134440565175e-07	2.00000 2.50000 250.000 300.000 2.5968215624999997e-06 5.298965375541853e-09
2.00000 2.50000 300.000 350.000 0.00045233323622047246 2.6225873747236756e-07	2.00000 2.50000 300.000 350.000 1.9667562500000003e-06 4.041313548577977e-09
2.00000 2.50000 350.000 400.000 0.00045228603937007885 1.986970873750198e-07	2.00000 2.50000 350.000 400.000 1.5065184375e-06 3.3413979824161215e-09
2.00000 2.50000 400.000 450.000 0.00043148699212598447 1.949712293088698e-07	2.00000 2.50000 400.000 450.000 1.1737459375e-06 3.088461096364946e-09
2.00000 2.50000 450.000 500.000 0.00039942042519685016 1.8232371664968413e-07	2.00000 2.50000 450.000 500.000 9.2448728125e-07 2.553444511374002e-09
2.00000 2.50000 500.000 550.000 0.0003625724251968504 1.7615961828149504e-07	2.00000 2.50000 500.000 550.000 7.361710312500001e-07 2.6448307406707283e-09
2.00000 2.50000 550.000 600.000 0.0003252360078740155 1.6997982402389338e-07	2.00000 2.50000 550.000 600.000 5.912405937500002e-07 2.07279665203653e-09
2.00000 2.50000 600.000 650.000 0.00028972080314960627 1.605875265882191e-07	2.00000 2.50000 600.000 650.000 4.801071874999999e-07 1.887801351420198e-09
2.00000 2.50000 650.000 700.000 0.00025704847244094494 1.5828947922702782e-07	2.00000 2.50000 650.000 700.000 3.9584940625e-07 1.8043267490287193e-09
2.00000 2.50000 700.000 750.000 0.0002270942362204724 1.4894002850762852e-07	2.00000 2.50000 700.000 750.000 3.2528721875000007e-07 1.7526016401226064e-09
2.00000 2.50000 750.000 800.000 0.00020008687401574805 1.4137206798203815e-07	2.00000 2.50000 750.000 800.000 2.6799603125e-07 1.4981043049010267e-09
2.00000 2.50000 800.000 850.000 0.00017657827559055124 1.3773650970509313e-07	2.00000 2.50000 800.000 850.000 2.2448603125e-07 1.3570091081580572e-09
2.00000 2.50000 850.000 900.000 0.00015597058267716535 1.3282828683492745e-07	2.00000 2.50000 850.000 900.000 1.8491725e-07 1.2731088948523407e-09
2.00000 2.50000 900.000 950.000 0.00013762014173228343 1.2708317140947543e-07	2.00000 2.50000 900.000 950.000 1.5806865624999998e-07 1.4720654420454456e-09
2.00000 2.50000 950.000 1000.00 0.00012165974803149612 1.2445030553329668e-07	2.00000 2.50000 950.000 1000.00 1.3034503125e-07 1.0723119311446169e-09
2.00000 2.50000 1000.00 1050.00 0.0010209732283464569 6.303469074275368e-07	2.00000 2.50000 1000.00 1050.00 8.0841409375e-07 7.660684137059362e-09
 	 
2.50000 3.00000 -50.0000 0.00000 0.0 0.0	2.50000 3.00000 -50.0000 0.00000 0.0 0.0
2.50000 3.00000 0.00000 50.0000 0.0 0.0	2.50000 3.00000 0.00000 50.0000 0.0 0.0
2.50000 3.00000 50.0000 100.000 0.0 0.0	2.50000 3.00000 50.0000 100.000 0.0 0.0
2.50000 3.00000 100.000 150.000 0.0 0.0	2.50000 3.00000 100.000 150.000 0.0 0.0
2.50000 3.00000 150.000 200.000 0.0 0.0	2.50000 3.00000 150.000 200.000 0.0 0.0
2.50000 3.00000 200.000 250.000 0.0002120816141732283 1.63752058947413e-07	2.50000 3.00000 200.000 250.000 1.5769346875e-06 4.881784467141401e-09
2.50000 3.00000 250.000 300.000 0.00033984303149606297 1.9558718886428395e-07	2.50000 3.00000 250.000 300.000 1.4416153125000001e-06 3.2241599418809974e-09
2.50000 3.00000 300.000 350.000 0.00043382181889763794 2.0859385699862344e-07	2.50000 3.00000 300.000 350.000 1.2155962499999998e-06 2.709458458606814e-09
2.50000 3.00000 350.000 400.000 0.0004872288188976376 2.2851039395691625e-07	2.50000 3.00000 350.000 400.000 9.9248090625e-07 2.413044281014891e-09
2.50000 3.00000 400.000 450.000 0.0005062591889763776 2.2544215712303995e-07	2.50000 3.00000 400.000 450.000 8.055380625000001e-07 2.1031205547028616e-09
2.50000 3.00000 450.000 500.000 0.0005014522047244094 2.062154814561108e-07	2.50000 3.00000 450.000 500.000 6.485469687500001e-07 1.8685600412119393e-09
2.50000 3.00000 500.000 550.000 0.00048156701574803153 1.9585979297075812e-07	2.50000 3.00000 500.000 550.000 5.259703125000001e-07 1.7226419011781097e-09
2.50000 3.00000 550.000 600.000 0.00045242651181102365 1.8985823418167346e-07	2.50000 3.00000 550.000 600.000 4.306311562500001e-07 1.5320422418004782e-09
2.50000 3.00000 600.000 650.000 0.0004181204094488189 1.8068434875485196e-07	2.50000 3.00000 600.000 650.000 3.5171793749999985e-07 1.4712704139254563e-09
2.50000 3.00000 650.000 700.000 0.00038291651968503965 1.7471371061606344e-07	2.50000 3.00000 650.000 700.000 2.9052465625000007e-07 1.354487557819269e-09
2.50000 3.00000 700.000 750.000 0.0003477044645669291 1.635638655398607e-07	2.50000 3.00000 700.000 750.000 2.3888403125e-07 1.2094590100911741e-09
2.50000 3.00000 750.000 800.000 0.0003138662913385827 1.6138738091289618e-07	2.50000 3.00000 750.000 800.000 1.9987853124999998e-07 1.1429338132440745e-09
2.50000 3.00000 800.000 850.000 0.0002826583543307086 1.522347362945477e-07	2.50000 3.00000 800.000 850.000 1.676028125e-07 1.0549275057746581e-09
2.50000 3.00000 850.000 900.000 0.00025407497637795274 1.4687743933425096e-07	2.50000 3.00000 850.000 900.000 1.4089440625000004e-07 1.0925378777178138e-09
2.50000 3.00000 900.000 950.000 0.00022753437007874022 1.4307680395064342e-07	2.50000 3.00000 900.000 950.000 1.1874337499999998e-07 9.908788517469507e-10
2.50000 3.00000 950.000 1000.00 0.00020365559055118108 1.3479587329286426e-07	2.50000 3.00000 950.000 1000.00 1.001266e-07 8.953475057838052e-10
2.50000 3.00000 1000.00 1050.00 0.0018206278740157476 5.651460988309639e-07	2.50000 3.00000 1000.00 1050.00 6.128134687500001e-07 3.4225797829537286e-09
 	 
3.00000 3.50000 -50.0000 0.00000 0.0 0.0	3.00000 3.50000 -50.0000 0.00000 0.0 0.0
3.00000 3.50000 0.00000 50.0000 0.0 0.0	3.00000 3.50000 0.00000 50.0000 0.0 0.0
3.00000 3.50000 50.0000 100.000 0.0 0.0	3.00000 3.50000 50.0000 100.000 0.0 0.0
3.00000 3.50000 100.000 150.000 0.0 0.0	3.00000 3.50000 100.000 150.000 0.0 0.0
3.00000 3.50000 150.000 200.000 0.0 0.0	3.00000 3.50000 150.000 200.000 0.0 0.0
3.00000 3.50000 200.000 250.000 8.804629291338582e-05 1.0342568067229331e-07	3.00000 3.50000 200.000 250.000 5.1913384375e-07 3.369496200062604e-09
3.00000 3.50000 250.000 300.000 0.00018884595275590546 1.4030827248955656e-07	3.00000 3.50000 250.000 300.000 6.060166249999999e-07 1.9906406231854534e-09
3.00000 3.50000 300.000 350.000 0.00029569440944881897 1.7558962261650245e-07	3.00000 3.50000 300.000 350.000 5.9806028125e-07 1.881997859467599e-09
3.00000 3.50000 350.000 400.000 0.00038625985039370095 2.0293665214494734e-07	3.00000 3.50000 350.000 400.000 5.4333103125e-07 1.6803772424468272e-09
3.00000 3.50000 400.000 450.000 0.0004507885196850393 2.0417013818434286e-07	3.00000 3.50000 400.000 450.000 4.6997059375000003e-07 1.5773439914213226e-09
3.00000 3.50000 450.000 500.000 0.0004891657322834645 2.0573794224391072e-07	3.00000 3.50000 450.000 500.000 3.9967103125e-07 1.4611881779900063e-09
3.00000 3.50000 500.000 550.000 0.0005054381181102364 2.022895230974968e-07	3.00000 3.50000 500.000 550.000 3.3678140625e-07 1.3200546972464668e-09
3.00000 3.50000 550.000 600.000 0.0005044171259842521 1.9918846620505905e-07	3.00000 3.50000 550.000 600.000 2.8253368749999996e-07 1.2866692942827988e-09
3.00000 3.50000 600.000 650.000 0.000491866590551181 1.9214520800653218e-07	3.00000 3.50000 600.000 650.000 2.3440303125000002e-07 1.1844088538647796e-09
3.00000 3.50000 650.000 700.000 0.00047096059842519674 1.833518122876377e-07	3.00000 3.50000 650.000 700.000 1.970156875e-07 1.0752806286889898e-09
3.00000 3.50000 700.000 750.000 0.0004448361968503938 1.766463141352154e-07	3.00000 3.50000 700.000 750.000 1.6451903125e-07 1.170232424710889e-09
3.00000 3.50000 750.000 800.000 0.0004159447952755906 1.719715423783196e-07	3.00000 3.50000 750.000 800.000 1.3945696875000002e-07 1.0527355237299856e-09
3.00000 3.50000 800.000 850.000 0.0003860366299212598 1.6495685398407108e-07	3.00000 3.50000 800.000 850.000 1.1640743750000002e-07 8.852001763118219e-10
3.00000 3.50000 850.000 900.000 0.0003559302598425197 1.5808379444504026e-07	3.00000 3.50000 850.000 900.000 9.870484375e-08 8.723054601943423e-10
3.00000 3.50000 900.000 950.000 0.00032672337007873985 1.5194467466172322e-07	3.00000 3.50000 900.000 950.000 8.337781875000001e-08 9.020791585925218e-10
3.00000 3.50000 950.000 1000.00 0.0002986194409448819 1.4509644176690488e-07	3.00000 3.50000 950.000 1000.00 7.00379875e-08 7.41244788355941e-10
3.00000 3.50000 1000.00 1050.00 0.002977991102362205 5.448385353657306e-07	3.00000 3.50000 1000.00 1050.00 4.3695734374999994e-07 2.937465368878308e-09
 	 
3.50000 4.00000 -50.0000 0.00000 0.0 0.0	3.50000 4.00000 -50.0000 0.00000 0.0 0.0
3.50000 4.00000 0.00000 50.0000 0.0 0.0	3.50000 4.00000 0.00000 50.0000 0.0 0.0
3.50000 4.00000 50.0000 100.000 0.0 0.0	3.50000 4.00000 50.0000 100.000 0.0 0.0
3.50000 4.00000 100.000 150.000 0.0 0.0	3.50000 4.00000 100.000 150.000 0.0 0.0
3.50000 4.00000 150.000 200.000 0.0 0.0	3.50000 4.00000 150.000 200.000 0.0 0.0
3.50000 4.00000 200.000 250.000 1.7988629921259842e-05 4.542612448857373e-08	3.50000 4.00000 200.000 250.000 9.018910625e-08 1.251848844804195e-09
3.50000 4.00000 250.000 300.000 6.60644015748032e-05 8.738598098038113e-08	3.50000 4.00000 250.000 300.000 1.75306e-07 1.1172795904124214e-09
3.50000 4.00000 300.000 350.000 0.00013560552755905505 1.1749828443707972e-07	3.50000 4.00000 300.000 350.000 2.1997128125e-07 1.1453915756579847e-09
3.50000 4.00000 350.000 400.000 0.00021543609448818908 1.534792411087086e-07	3.50000 4.00000 350.000 400.000 2.33352625e-07 1.1949764290727057e-09
3.50000 4.00000 400.000 450.000 0.0002914436614173229 1.6373120224367123e-07	3.50000 4.00000 400.000 450.000 2.2530228124999998e-07 1.1682804648555438e-09
3.50000 4.00000 450.000 500.000 0.0003556559133858269 1.7612804277967977e-07	3.50000 4.00000 450.000 500.000 2.0614084374999998e-07 1.0868011280872948e-09
3.50000 4.00000 500.000 550.000 0.00040384009448818896 1.8643081342891088e-07	3.50000 4.00000 500.000 550.000 1.8533221875e-07 1.1329405657204102e-09
3.50000 4.00000 550.000 600.000 0.00043705456692913404 1.8811714670996363e-07	3.50000 4.00000 550.000 600.000 1.6185390625e-07 9.928962429733263e-10
3.50000 4.00000 600.000 650.000 0.00045513550393700797 1.891608961114549e-07	3.50000 4.00000 600.000 650.000 1.3747896875e-07 9.014293308355487e-10
3.50000 4.00000 650.000 700.000 0.00046180785826771656 1.8503336849379278e-07	3.50000 4.00000 650.000 700.000 1.201545625e-07 9.024961529312267e-10
3.50000 4.00000 700.000 750.000 0.0004586973070866141 1.8446691368021985e-07	3.50000 4.00000 700.000 750.000 1.0291539062499999e-07 8.549208570492204e-10
3.50000 4.00000 750.000 800.000 0.0004483244724409452 1.7673173372438415e-07	3.50000 4.00000 750.000 800.000 8.695114687500001e-08 7.83127784630549e-10
3.50000 4.00000 800.000 850.000 0.00043278248031496065 1.7112513946087094e-07	3.50000 4.00000 800.000 850.000 7.4501315625e-08 7.369281862486961e-10
3.50000 4.00000 850.000 900.000 0.00041380803937007897 1.6889675086663956e-07	3.50000 4.00000 850.000 900.000 6.2983175e-08 7.058643728582746e-10
3.50000 4.00000 900.000 950.000 0.0003923905748031496 1.6261788010477959e-07	3.50000 4.00000 900.000 950.000 5.440787500000001e-08 6.502971646647371e-10
3.50000 4.00000 950.000 1000.00 0.00036946510236220446 1.5459883749294335e-07	3.50000 4.00000 950.000 1000.00 4.694169687499999e-08 6.570268130647601e-10
3.50000 4.00000 1000.00 1050.00 0.004360739291338585 5.689508597504167e-07	3.50000 4.00000 1000.00 1050.00 2.9934631250000006e-07 2.710035798328623e-09
 	 
4.00000 4.50000 -50.0000 0.00000 0.0 0.0	4.00000 4.50000 -50.0000 0.00000 0.0 0.0
4.00000 4.50000 0.00000 50.0000 0.0 0.0	4.00000 4.50000 0.00000 50.0000 0.0 0.0
4.00000 4.50000 50.0000 100.000 0.0 0.0	4.00000 4.50000 50.0000 100.000 0.0 0.0
4.00000 4.50000 100.000 150.000 0.0 0.0	4.00000 4.50000 100.000 150.000 0.0 0.0
4.00000 4.50000 150.000 200.000 0.0 0.0	4.00000 4.50000 150.000 200.000 0.0 0.0
4.00000 4.50000 200.000 250.000 4.0312354330708667e-07 5.086250523446541e-09	4.00000 4.50000 200.000 250.000 1.83497565625e-09 1.2627076329816175e-10
4.00000 4.50000 250.000 300.000 9.932870236220474e-06 2.9003674101997916e-08	4.00000 4.50000 250.000 300.000 2.37674625e-08 4.023062864240243e-10
4.00000 4.50000 300.000 350.000 3.71109125984252e-05 5.7704513419482446e-08	4.00000 4.50000 300.000 350.000 5.2230825e-08 5.740110669709912e-10
4.00000 4.50000 350.000 400.000 7.819941968503938e-05 9.643710620974679e-08	4.00000 4.50000 350.000 400.000 7.187430625e-08 6.770902534205824e-10
4.00000 4.50000 400.000 450.000 0.00012869059842519684 1.2001159222308958e-07	4.00000 4.50000 400.000 450.000 8.113616875000001e-08 7.310212667265196e-10
4.00000 4.50000 450.000 500.000 0.00018309416535433067 1.3297096886394986e-07	4.00000 4.50000 450.000 500.000 8.211536875e-08 7.230297221152197e-10
4.00000 4.50000 500.000 550.000 0.00023507803937007879 1.448684458837894e-07	4.00000 4.50000 500.000 550.000 8.210645625000003e-08 7.445489215720231e-10
4.00000 4.50000 550.000 600.000 0.00028090311023622037 1.529717619293342e-07	4.00000 4.50000 550.000 600.000 7.646352187499999e-08 7.702723281526319e-10
4.00000 4.50000 600.000 650.000 0.00031898081102362186 1.5962064935592136e-07	4.00000 4.50000 600.000 650.000 7.0425128125e-08 7.623489669391335e-10
4.00000 4.50000 650.000 700.000 0.00034823374015748054 1.6432101270461073e-07	4.00000 4.50000 650.000 700.000 6.351695624999999e-08 7.066222632169384e-10
4.00000 4.50000 700.000 750.000 0.0003686871023622046 1.7313735364958208e-07	4.00000 4.50000 700.000 750.000 5.5809550000000004e-08 6.637636379811393e-10
4.00000 4.50000 750.000 800.000 0.00038072043307086625 1.678825538280228e-07	4.00000 4.50000 750.000 800.000 4.9480203125000006e-08 6.293839296279543e-10
4.00000 4.50000 800.000 850.000 0.0003857537086614171 1.642420932059579e-07	4.00000 4.50000 800.000 850.000 4.1992562500000005e-08 6.048478350021088e-10
4.00000 4.50000 850.000 900.000 0.0003861118425196848 1.65138755968026e-07	4.00000 4.50000 850.000 900.000 3.761249687500001e-08 5.892849677186745e-10
4.00000 4.50000 900.000 950.000 0.00038093369291338587 1.6071624691301577e-07	4.00000 4.50000 900.000 950.000 3.256711874999999e-08 5.826717910418171e-10
4.00000 4.50000 950.000 1000.00 0.0003724433779527558 1.5950015693706615e-07	4.00000 4.50000 950.000 1000.00 2.8488228124999997e-08 5.297776754128287e-10
4.00000 4.50000 1000.00 1050.00 0.005599502047244099 5.996509556539301e-07	4.00000 4.50000 1000.00 1050.00 1.9062528125e-07 2.281988839805826e-09
 	 
4.50000 5.00000 -50.0000 0.00000 0.0 0.0	4.50000 5.00000 -50.0000 0.00000 0.0 0.0
4.50000 5.00000 0.00000 50.0000 0.0 0.0	4.50000 5.00000 0.00000 50.0000 0.0 0.0
4.50000 5.00000 50.0000 100.000 0.0 0.0	4.50000 5.00000 50.0000 100.000 0.0 0.0
4.50000 5.00000 100.000 150.000 0.0 0.0	4.50000 5.00000 100.000 150.000 0.0 0.0
4.50000 5.00000 150.000 200.000 0.0 0.0	4.50000 5.00000 150.000 200.000 0.0 0.0
4.50000 5.00000 200.000 250.000 0.0 0.0	4.50000 5.00000 200.000 250.000 0.0 0.0
4.50000 5.00000 250.000 300.000 3.067745110236219e-08 1.090019401798341e-09	4.50000 5.00000 250.000 300.000 8.543208921562502e-11 1.4537143944194504e-11
4.50000 5.00000 300.000 350.000 2.8950059842519698e-06 1.5070616797162264e-08	4.50000 5.00000 300.000 350.000 3.8225415625e-09 1.4723351863009402e-10
4.50000 5.00000 350.000 400.000 1.4552230708661421e-05 3.3198365663207605e-08	4.50000 5.00000 350.000 400.000 1.2335962500000002e-08 2.8196471409279844e-10
4.50000 5.00000 400.000 450.000 3.4653450393700805e-05 5.046303265223318e-08	4.50000 5.00000 400.000 450.000 1.9437968750000004e-08 3.31524259788364e-10
4.50000 5.00000 450.000 500.000 6.151189133858268e-05 7.566914502705095e-08	4.50000 5.00000 450.000 500.000 2.3812600000000008e-08 3.8129596743094665e-10
4.50000 5.00000 500.000 550.000 9.30848062992126e-05 9.79724056575472e-08	4.50000 5.00000 500.000 550.000 2.6693884374999995e-08 4.239706363088704e-10
4.50000 5.00000 550.000 600.000 0.00012696013385826772 1.0567205149460252e-07	4.50000 5.00000 550.000 600.000 2.7360478125e-08 4.940301805237807e-10
4.50000 5.00000 600.000 650.000 0.0001608808818897637 1.1885017520105761e-07	4.50000 5.00000 600.000 650.000 2.7765056250000003e-08 4.784552291166259e-10
4.50000 5.00000 650.000 700.000 0.00019233061417322833 1.289989084061309e-07	4.50000 5.00000 650.000 700.000 2.7042943750000004e-08 4.983854608418223e-10
4.50000 5.00000 700.000 750.000 0.00022098236220472449 1.3398164582691327e-07	4.50000 5.00000 700.000 750.000 2.4781200000000006e-08 4.957584873389005e-10
4.50000 5.00000 750.000 800.000 0.00024523611023622056 1.4335504913781453e-07	4.50000 5.00000 750.000 800.000 2.3647875e-08 5.016017603979051e-10
4.50000 5.00000 800.000 850.000 0.00026437362992125983 1.4115176777301126e-07	4.50000 5.00000 800.000 850.000 2.0719253125e-08 4.45895466688855e-10
4.50000 5.00000 850.000 900.000 0.0002792794488188978 1.430053541461243e-07	4.50000 5.00000 850.000 900.000 1.8706931249999995e-08 4.294340954636458e-10
4.50000 5.00000 900.000 950.000 0.00028990657480314967 1.6132126866124954e-07	4.50000 5.00000 900.000 950.000 1.6169865625e-08 3.886430300388184e-10
4.50000 5.00000 950.000 1000.00 0.00029640894488188987 1.445516050759052e-07	4.50000 5.00000 950.000 1000.00 1.5046668750000002e-08 3.9254071121917166e-10
4.50000 5.00000 1000.00 1050.00 0.006215329527559055 6.173744010158601e-07	4.50000 5.00000 1000.00 1050.00 1.17075046875e-07 2.4607872583780782e-09
 	 
5.00000 5.50000 -50.0000 0.00000 0.0 0.0	5.00000 5.50000 -50.0000 0.00000 0.0 0.0
5.00000 5.50000 0.00000 50.0000 0.0 0.0	5.00000 5.50000 0.00000 50.0000 0.0 0.0
5.00000 5.50000 50.0000 100.000 0.0 0.0	5.00000 5.50000 50.0000 100.000 0.0 0.0
5.00000 5.50000 100.000 150.000 0.0 0.0	5.00000 5.50000 100.000 150.000 0.0 0.0
5.00000 5.50000 150.000 200.000 0.0 0.0	5.00000 5.50000 150.000 200.000 0.0 0.0
5.00000 5.50000 200.000 250.000 0.0 0.0	5.00000 5.50000 200.000 250.000 0.0 0.0
5.00000 5.50000 250.000 300.000 0.0 0.0	5.00000 5.50000 250.000 300.000 0.0 0.0
5.00000 5.50000 300.000 350.000 0.0 0.0	5.00000 5.50000 300.000 350.000 0.0 0.0
5.00000 5.50000 350.000 400.000 1.9557951968503936e-07 3.1245891742029126e-09	5.00000 5.50000 350.000 400.000 1.384896459375e-10 2.0977090251246074e-11
5.00000 5.50000 400.000 450.000 2.981139527559056e-06 1.3366533170936063e-08	5.00000 5.50000 400.000 450.000 1.5808214374999998e-09 9.42133579300829e-11
5.00000 5.50000 450.000 500.000 1.0376614330708662e-05 2.8244710540031612e-08	5.00000 5.50000 450.000 500.000 3.5752918749999993e-09 1.4029849519078886e-10
5.00000 5.50000 500.000 550.000 2.1889426771653546e-05 4.3532755410821165e-08	5.00000 5.50000 500.000 550.000 5.797541562500001e-09 2.2082854960470923e-10
5.00000 5.50000 550.000 600.000 3.656602047244092e-05 5.7060731496306145e-08	5.00000 5.50000 550.000 600.000 7.340163124999999e-09 2.2839983643887891e-10
5.00000 5.50000 600.000 650.000 5.4041817322834656e-05 7.718327480691266e-08	5.00000 5.50000 600.000 650.000 8.339329062500002e-09 2.4057813930003366e-10
5.00000 5.50000 650.000 700.000 7.310457007874018e-05 7.860187817903625e-08	5.00000 5.50000 650.000 700.000 8.380855000000001e-09 2.6492235768376847e-10
5.00000 5.50000 700.000 750.000 9.30624637795276e-05 8.839603730003505e-08	5.00000 5.50000 700.000 750.000 8.87384625e-09 3.2721816278866765e-10
5.00000 5.50000 750.000 800.000 0.00011306424409448818 9.720974956872042e-08	5.00000 5.50000 750.000 800.000 8.375154375e-09 2.934342412044202e-10
5.00000 5.50000 800.000 850.000 0.00013190627559055116 1.051766989983486e-07	5.00000 5.50000 800.000 850.000 7.995825312500001e-09 2.79301857217865e-10
5.00000 5.50000 850.000 900.000 0.00014968061417322824 1.0791185777845313e-07	5.00000 5.50000 850.000 900.000 7.371260624999999e-09 2.9538481832594276e-10
5.00000 5.50000 900.000 950.000 0.0001653538031496063 1.1521233095285333e-07	5.00000 5.50000 900.000 950.000 7.055812187499999e-09 2.7213624574703035e-10
5.00000 5.50000 950.000 1000.00 0.00017858670866141734 1.1721264194184709e-07	5.00000 5.50000 950.000 1000.00 7.264902499999999e-09 2.8910788258623304e-10
5.00000 5.50000 1000.00 1050.00 0.0059177047244094476 6.081347664679717e-07	5.00000 5.50000 1000.00 1050.00 6.110260312499999e-08 1.8941304519636586e-09
 	 
5.50000 6.00000 -50.0000 0.00000 0.0 0.0	5.50000 6.00000 -50.0000 0.00000 0.0 0.0
5.50000 6.00000 0.00000 50.0000 0.0 0.0	5.50000 6.00000 0.00000 50.0000 0.0 0.0
5.50000 6.00000 50.0000 100.000 0.0 0.0	5.50000 6.00000 50.0000 100.000 0.0 0.0
5.50000 6.00000 100.000 150.000 0.0 0.0	5.50000 6.00000 100.000 150.000 0.0 0.0
5.50000 6.00000 150.000 200.000 0.0 0.0	5.50000 6.00000 150.000 200.000 0.0 0.0
5.50000 6.00000 200.000 250.000 0.0 0.0	5.50000 6.00000 200.000 250.000 0.0 0.0
5.50000 6.00000 250.000 300.000 0.0 0.0	5.50000 6.00000 250.000 300.000 0.0 0.0
5.50000 6.00000 300.000 350.000 0.0 0.0	5.50000 6.00000 300.000 350.000 0.0 0.0
5.50000 6.00000 350.000 400.000 0.0 0.0	5.50000 6.00000 350.000 400.000 0.0 0.0
5.50000 6.00000 400.000 450.000 0.0 0.0	5.50000 6.00000 400.000 450.000 0.0 0.0
5.50000 6.00000 450.000 500.000 6.74595850393701e-08 1.7084886979078577e-09	5.50000 6.00000 450.000 500.000 3.170703769695312e-11 4.0817480651642584e-12
5.50000 6.00000 500.000 550.000 1.2021829212598423e-06 1.1320135168328733e-08	5.50000 6.00000 500.000 550.000 2.5851525312500004e-10 4.0250149287476074e-11
5.50000 6.00000 550.000 600.000 4.3296735433070855e-06 1.8338690113703003e-08	5.50000 6.00000 550.000 600.000 8.274484375000001e-10 8.145185002637539e-11
5.50000 6.00000 600.000 650.000 9.525991811023619e-06 2.6013494549598702e-08	5.50000 6.00000 600.000 650.000 1.3831775e-09 1.2722785910720684e-10
5.50000 6.00000 650.000 700.000 1.6514715748031503e-05 3.721419092707276e-08	5.50000 6.00000 650.000 700.000 1.489656125e-09 9.678012039146937e-11
5.50000 6.00000 700.000 750.000 2.4804791338582673e-05 4.449310923554515e-08	5.50000 6.00000 700.000 750.000 1.8925606562500002e-09 1.288165231255421e-10
5.50000 6.00000 750.000 800.000 3.420436771653543e-05 5.143033965909012e-08	5.50000 6.00000 750.000 800.000 2.0699648125e-09 1.2328914757279556e-10
5.50000 6.00000 800.000 850.000 4.469570157480317e-05 6.436335222263945e-08	5.50000 6.00000 800.000 850.000 2.1463691562499997e-09 1.694575726620722e-10
5.50000 6.00000 850.000 900.000 5.547152519685038e-05 6.519538707448072e-08	5.50000 6.00000 850.000 900.000 2.243719375e-09 1.6138115367884154e-10
5.50000 6.00000 900.000 950.000 6.651030472440947e-05 9.969771296992628e-08	5.50000 6.00000 900.000 950.000 2.226392875e-09 1.4989019973202403e-10
5.50000 6.00000 950.000 1000.00 7.745457716535434e-05 8.054245194766326e-08	5.50000 6.00000 950.000 1000.00 2.231853125e-09 1.8841320830164365e-10
5.50000 6.00000 1000.00 1050.00 0.004820757401574803 5.523319227101712e-07	5.50000 6.00000 1000.00 1050.00 2.6370387499999993e-08 9.731962865360907e-10
 	 
6.00000 6.50000 -50.0000 0.00000 0.0 0.0	6.00000 6.50000 -50.0000 0.00000 0.0 0.0
6.00000 6.50000 0.00000 50.0000 0.0 0.0	6.00000 6.50000 0.00000 50.0000 0.0 0.0
6.00000 6.50000 50.0000 100.000 0.0 0.0	6.00000 6.50000 50.0000 100.000 0.0 0.0
6.00000 6.50000 100.000 150.000 0.0 0.0	6.00000 6.50000 100.000 150.000 0.0 0.0
6.00000 6.50000 150.000 200.000 0.0 0.0	6.00000 6.50000 150.000 200.000 0.0 0.0
6.00000 6.50000 200.000 250.000 0.0 0.0	6.00000 6.50000 200.000 250.000 0.0 0.0
6.00000 6.50000 250.000 300.000 0.0 0.0	6.00000 6.50000 250.000 300.000 0.0 0.0
6.00000 6.50000 300.000 350.000 0.0 0.0	6.00000 6.50000 300.000 350.000 0.0 0.0
6.00000 6.50000 350.000 400.000 0.0 0.0	6.00000 6.50000 350.000 400.000 0.0 0.0
6.00000 6.50000 400.000 450.000 0.0 0.0	6.00000 6.50000 400.000 450.000 0.0 0.0
6.00000 6.50000 450.000 500.000 0.0 0.0	6.00000 6.50000 450.000 500.000 0.0 0.0
6.00000 6.50000 500.000 550.000 0.0 0.0	6.00000 6.50000 500.000 550.000 0.0 0.0
6.00000 6.50000 550.000 600.000 0.0 0.0	6.00000 6.50000 550.000 600.000 0.0 0.0
6.00000 6.50000 600.000 650.000 1.1035936614173227e-07 2.0392867304091326e-09	6.00000 6.50000 600.000 650.000 6.3731291746875e-12 9.355549597954421e-13
6.00000 6.50000 650.000 700.000 8.582367007874014e-07 6.206011300843375e-09	6.00000 6.50000 650.000 700.000 1.2575326440000002e-10 4.4765084021458406e-11
6.00000 6.50000 700.000 750.000 2.50667905511811e-06 1.4049534512002828e-08	6.00000 6.50000 700.000 750.000 2.5418884e-10 5.6710465584893725e-11
6.00000 6.50000 750.000 800.000 5.028852440944883e-06 1.7771491273260616e-08	6.00000 6.50000 750.000 800.000 3.209958475000001e-10 4.3665630783993584e-11
6.00000 6.50000 800.000 850.000 8.386439291338585e-06 2.6994634546598712e-08	6.00000 6.50000 800.000 850.000 3.3715850937500004e-10 3.9692752097387237e-11
6.00000 6.50000 850.000 900.000 1.233921338582677e-05 3.006653977286687e-08	6.00000 6.50000 850.000 900.000 4.437363396874999e-10 5.94437265927118e-11
6.00000 6.50000 900.000 950.000 1.6771520472440946e-05 3.8384283922020406e-08	6.00000 6.50000 900.000 950.000 6.413638906250001e-10 9.221223623765536e-11
6.00000 6.50000 950.000 1000.00 2.1791173228346457e-05 4.161624059164087e-08	6.00000 6.50000 950.000 1000.00 3.75980765625e-10 4.4634665288281604e-11
6.00000 6.50000 1000.00 1050.00 0.003363543307086614 4.7184331693006344e-07	6.00000 6.50000 1000.00 1050.00 9.936800937500002e-09 7.006372353933445e-10
 	 
6.50000 7.00000 -50.0000 0.00000 0.0 0.0	6.50000 7.00000 -50.0000 0.00000 0.0 0.0
6.50000 7.00000 0.00000 50.0000 0.0 0.0	6.50000 7.00000 0.00000 50.0000 0.0 0.0
6.50000 7.00000 50.0000 100.000 0.0 0.0	6.50000 7.00000 50.0000 100.000 0.0 0.0
6.50000 7.00000 100.000 150.000 0.0 0.0	6.50000 7.00000 100.000 150.000 0.0 0.0
6.50000 7.00000 150.000 200.000 0.0 0.0	6.50000 7.00000 150.000 200.000 0.0 0.0
6.50000 7.00000 200.000 250.000 0.0 0.0	6.50000 7.00000 200.000 250.000 0.0 0.0
6.50000 7.00000 250.000 300.000 0.0 0.0	6.50000 7.00000 250.000 300.000 0.0 0.0
6.50000 7.00000 300.000 350.000 0.0 0.0	6.50000 7.00000 300.000 350.000 0.0 0.0
6.50000 7.00000 350.000 400.000 0.0 0.0	6.50000 7.00000 350.000 400.000 0.0 0.0
6.50000 7.00000 400.000 450.000 0.0 0.0	6.50000 7.00000 400.000 450.000 0.0 0.0
6.50000 7.00000 450.000 500.000 0.0 0.0	6.50000 7.00000 450.000 500.000 0.0 0.0
6.50000 7.00000 500.000 550.000 0.0 0.0	6.50000 7.00000 500.000 550.000 0.0 0.0
6.50000 7.00000 550.000 600.000 0.0 0.0	6.50000 7.00000 550.000 600.000 0.0 0.0
6.50000 7.00000 600.000 650.000 0.0 0.0	6.50000 7.00000 600.000 650.000 0.0 0.0
6.50000 7.00000 650.000 700.000 0.0 0.0	6.50000 7.00000 650.000 700.000 0.0 0.0
6.50000 7.00000 700.000 750.000 0.0 0.0	6.50000 7.00000 700.000 750.000 0.0 0.0
6.50000 7.00000 750.000 800.000 7.589925338582676e-09 4.064830563781023e-10	6.50000 7.00000 750.000 800.000 0.0 0.0
6.50000 7.00000 800.000 850.000 1.832810362204724e-07 2.6833526266665694e-09	6.50000 7.00000 800.000 850.000 1.3939068268749998e-11 0.0
6.50000 7.00000 850.000 900.000 6.844368188976379e-07 5.705381010772296e-09	6.50000 7.00000 850.000 900.000 4.479965111249999e-11 5.5352210920627676e-12
6.50000 7.00000 900.000 950.000 1.5568079527559063e-06 9.165906283488481e-09	6.50000 7.00000 900.000 950.000 7.62804488871875e-11 1.1060231445395709e-11
6.50000 7.00000 950.000 1000.00 2.768121338582679e-06 1.329368348390365e-08	6.50000 7.00000 950.000 1000.00 8.304560959375e-11 1.4502859961375559e-11
6.50000 7.00000 1000.00 1050.00 0.0020027659842519695 3.764741512979575e-07	6.50000 7.00000 1000.00 1050.00 2.79601971875e-09 4.0290666779949904e-10
 	 
7.00000 7.50000 -50.0000 0.00000 0.0 0.0	7.00000 7.50000 -50.0000 0.00000 0.0 0.0
7.00000 7.50000 0.00000 50.0000 0.0 0.0	7.00000 7.50000 0.00000 50.0000 0.0 0.0
7.00000 7.50000 50.0000 100.000 0.0 0.0	7.00000 7.50000 50.0000 100.000 0.0 0.0
7.00000 7.50000 100.000 150.000 0.0 0.0	7.00000 7.50000 100.000 150.000 0.0 0.0
7.00000 7.50000 150.000 200.000 0.0 0.0	7.00000 7.50000 150.000 200.000 0.0 0.0
7.00000 7.50000 200.000 250.000 0.0 0.0	7.00000 7.50000 200.000 250.000 0.0 0.0
7.00000 7.50000 250.000 300.000 0.0 0.0	7.00000 7.50000 250.000 300.000 0.0 0.0
7.00000 7.50000 300.000 350.000 0.0 0.0	7.00000 7.50000 300.000 350.000 0.0 0.0
7.00000 7.50000 350.000 400.000 0.0 0.0	7.00000 7.50000 350.000 400.000 0.0 0.0
7.00000 7.50000 400.000 450.000 0.0 0.0	7.00000 7.50000 400.000 450.000 0.0 0.0
7.00000 7.50000 450.000 500.000 0.0 0.0	7.00000 7.50000 450.000 500.000 0.0 0.0
7.00000 7.50000 500.000 550.000 0.0 0.0	7.00000 7.50000 500.000 550.000 0.0 0.0
7.00000 7.50000 550.000 600.000 0.0 0.0	7.00000 7.50000 550.000 600.000 0.0 0.0
7.00000 7.50000 600.000 650.000 0.0 0.0	7.00000 7.50000 600.000 650.000 0.0 0.0
7.00000 7.50000 650.000 700.000 0.0 0.0	7.00000 7.50000 650.000 700.000 0.0 0.0
7.00000 7.50000 700.000 750.000 0.0 0.0	7.00000 7.50000 700.000 750.000 0.0 0.0
7.00000 7.50000 750.000 800.000 0.0 0.0	7.00000 7.50000 750.000 800.000 0.0 0.0
7.00000 7.50000 800.000 850.000 0.0 0.0	7.00000 7.50000 800.000 850.000 0.0 0.0
7.00000 7.50000 850.000 900.000 0.0 0.0	7.00000 7.50000 850.000 900.000 0.0 0.0
7.00000 7.50000 900.000 950.000 0.0 0.0	7.00000 7.50000 900.000 950.000 0.0 0.0
7.00000 7.50000 950.000 1000.00 7.585531296062992e-11 0.0	7.00000 7.50000 950.000 1000.00 0.0 0.0
7.00000 7.50000 1000.00 1050.00 0.0010016727559055117 2.7781906938855306e-07	7.00000 7.50000 1000.00 1050.00 5.223047643437499e-10 1.2738596578688035e-10
 	 
7.50000 8.00000 -50.0000 0.00000 0.0 0.0	7.50000 8.00000 -50.0000 0.00000 0.0 0.0
7.50000 8.00000 0.00000 50.0000 0.0 0.0	7.50000 8.00000 0.00000 50.0000 0.0 0.0
7.50000 8.00000 50.0000 100.000 0.0 0.0	7.50000 8.00000 50.0000 100.000 0.0 0.0
7.50000 8.00000 100.000 150.000 0.0 0.0	7.50000 8.00000 100.000 150.000 0.0 0.0
7.50000 8.00000 150.000 200.000 0.0 0.0	7.50000 8.00000 150.000 200.000 0.0 0.0
7.50000 8.00000 200.000 250.000 0.0 0.0	7.50000 8.00000 200.000 250.000 0.0 0.0
7.50000 8.00000 250.000 300.000 0.0 0.0	7.50000 8.00000 250.000 300.000 0.0 0.0
7.50000 8.00000 300.000 350.000 0.0 0.0	7.50000 8.00000 300.000 350.000 0.0 0.0
7.50000 8.00000 350.000 400.000 0.0 0.0	7.50000 8.00000 350.000 400.000 0.0 0.0
7.50000 8.00000 400.000 450.000 0.0 0.0	7.50000 8.00000 400.000 450.000 0.0 0.0
7.50000 8.00000 450.000 500.000 0.0 0.0	7.50000 8.00000 450.000 500.000 0.0 0.0
7.50000 8.00000 500.000 550.000 0.0 0.0	7.50000 8.00000 500.000 550.000 0.0 0.0
7.50000 8.00000 550.000 600.000 0.0 0.0	7.50000 8.00000 550.000 600.000 0.0 0.0
7.50000 8.00000 600.000 650.000 0.0 0.0	7.50000 8.00000 600.000 650.000 0.0 0.0
7.50000 8.00000 650.000 700.000 0.0 0.0	7.50000 8.00000 650.000 700.000 0.0 0.0
7.50000 8.00000 700.000 750.000 0.0 0.0	7.50000 8.00000 700.000 750.000 0.0 0.0
7.50000 8.00000 750.000 800.000 0.0 0.0	7.50000 8.00000 750.000 800.000 0.0 0.0
7.50000 8.00000 800.000 850.000 0.0 0.0	7.50000 8.00000 800.000 850.000 0.0 0.0
7.50000 8.00000 850.000 900.000 0.0 0.0	7.50000 8.00000 850.000 900.000 0.0 0.0
7.50000 8.00000 900.000 950.000 0.0 0.0	7.50000 8.00000 900.000 950.000 0.0 0.0
7.50000 8.00000 950.000 1000.00 0.0 0.0	7.50000 8.00000 950.000 1000.00 0.0 0.0
7.50000 8.00000 1000.00 1050.00 0.0004027930314960631 1.8523948511079672e-07	7.50000 8.00000 1000.00 1050.00 1.050613009375e-11 0.0
 	 
8.00000 8.50000 -50.0000 0.00000 0.0 0.0	8.00000 8.50000 -50.0000 0.00000 0.0 0.0
8.00000 8.50000 0.00000 50.0000 0.0 0.0	8.00000 8.50000 0.00000 50.0000 0.0 0.0
8.00000 8.50000 50.0000 100.000 0.0 0.0	8.00000 8.50000 50.0000 100.000 0.0 0.0
8.00000 8.50000 100.000 150.000 0.0 0.0	8.00000 8.50000 100.000 150.000 0.0 0.0
8.00000 8.50000 150.000 200.000 0.0 0.0	8.00000 8.50000 150.000 200.000 0.0 0.0
8.00000 8.50000 200.000 250.000 0.0 0.0	8.00000 8.50000 200.000 250.000 0.0 0.0
8.00000 8.50000 250.000 300.000 0.0 0.0	8.00000 8.50000 250.000 300.000 0.0 0.0
8.00000 8.50000 300.000 350.000 0.0 0.0	8.00000 8.50000 300.000 350.000 0.0 0.0
8.00000 8.50000 350.000 400.000 0.0 0.0	8.00000 8.50000 350.000 400.000 0.0 0.0
8.00000 8.50000 400.000 450.000 0.0 0.0	8.00000 8.50000 400.000 450.000 0.0 0.0
8.00000 8.50000 450.000 500.000 0.0 0.0	8.00000 8.50000 450.000 500.000 0.0 0.0
8.00000 8.50000 500.000 550.000 0.0 0.0	8.00000 8.50000 500.000 550.000 0.0 0.0
8.00000 8.50000 550.000 600.000 0.0 0.0	8.00000 8.50000 550.000 600.000 0.0 0.0
8.00000 8.50000 600.000 650.000 0.0 0.0	8.00000 8.50000 600.000 650.000 0.0 0.0
8.00000 8.50000 650.000 700.000 0.0 0.0	8.00000 8.50000 650.000 700.000 0.0 0.0
8.00000 8.50000 700.000 750.000 0.0 0.0	8.00000 8.50000 700.000 750.000 0.0 0.0
8.00000 8.50000 750.000 800.000 0.0 0.0	8.00000 8.50000 750.000 800.000 0.0 0.0
8.00000 8.50000 800.000 850.000 0.0 0.0	8.00000 8.50000 800.000 850.000 0.0 0.0
8.00000 8.50000 850.000 900.000 0.0 0.0	8.00000 8.50000 850.000 900.000 0.0 0.0
8.00000 8.50000 900.000 950.000 0.0 0.0	8.00000 8.50000 900.000 950.000 0.0 0.0
8.00000 8.50000 950.000 1000.00 0.0 0.0	8.00000 8.50000 950.000 1000.00 0.0 0.0
8.00000 8.50000 1000.00 1050.00 0.00011770737007874014 1.1036376372876965e-07	8.00000 8.50000 1000.00 1050.00 0.0 0.0
 	 
8.50000 9.00000 -50.0000 0.00000 0.0 0.0	8.50000 9.00000 -50.0000 0.00000 0.0 0.0
8.50000 9.00000 0.00000 50.0000 0.0 0.0	8.50000 9.00000 0.00000 50.0000 0.0 0.0
8.50000 9.00000 50.0000 100.000 0.0 0.0	8.50000 9.00000 50.0000 100.000 0.0 0.0
8.50000 9.00000 100.000 150.000 0.0 0.0	8.50000 9.00000 100.000 150.000 0.0 0.0
8.50000 9.00000 150.000 200.000 0.0 0.0	8.50000 9.00000 150.000 200.000 0.0 0.0
8.50000 9.00000 200.000 250.000 0.0 0.0	8.50000 9.00000 200.000 250.000 0.0 0.0
8.50000 9.00000 250.000 300.000 0.0 0.0	8.50000 9.00000 250.000 300.000 0.0 0.0
8.50000 9.00000 300.000 350.000 0.0 0.0	8.50000 9.00000 300.000 350.000 0.0 0.0
8.50000 9.00000 350.000 400.000 0.0 0.0	8.50000 9.00000 350.000 400.000 0.0 0.0
8.50000 9.00000 400.000 450.000 0.0 0.0	8.50000 9.00000 400.000 450.000 0.0 0.0
8.50000 9.00000 450.000 500.000 0.0 0.0	8.50000 9.00000 450.000 500.000 0.0 0.0
8.50000 9.00000 500.000 550.000 0.0 0.0	8.50000 9.00000 500.000 550.000 0.0 0.0
8.50000 9.00000 550.000 600.000 0.0 0.0	8.50000 9.00000 550.000 600.000 0.0 0.0
8.50000 9.00000 600.000 650.000 0.0 0.0	8.50000 9.00000 600.000 650.000 0.0 0.0
8.50000 9.00000 650.000 700.000 0.0 0.0	8.50000 9.00000 650.000 700.000 0.0 0.0
8.50000 9.00000 700.000 750.000 0.0 0.0	8.50000 9.00000 700.000 750.000 0.0 0.0
8.50000 9.00000 750.000 800.000 0.0 0.0	8.50000 9.00000 750.000 800.000 0.0 0.0
8.50000 9.00000 800.000 850.000 0.0 0.0	8.50000 9.00000 800.000 850.000 0.0 0.0
8.50000 9.00000 850.000 900.000 0.0 0.0	8.50000 9.00000 850.000 900.000 0.0 0.0
8.50000 9.00000 900.000 950.000 0.0 0.0	8.50000 9.00000 900.000 950.000 0.0 0.0
8.50000 9.00000 950.000 1000.00 0.0 0.0	8.50000 9.00000 950.000 1000.00 0.0 0.0
8.50000 9.00000 1000.00 1050.00 1.7211104724409447e-05 4.235278296379604e-08	8.50000 9.00000 1000.00 1050.00 0.0 0.0
 	 
9.00000 9.50000 -50.0000 0.00000 0.0 0.0	9.00000 9.50000 -50.0000 0.00000 0.0 0.0
9.00000 9.50000 0.00000 50.0000 0.0 0.0	9.00000 9.50000 0.00000 50.0000 0.0 0.0
9.00000 9.50000 50.0000 100.000 0.0 0.0	9.00000 9.50000 50.0000 100.000 0.0 0.0
9.00000 9.50000 100.000 150.000 0.0 0.0	9.00000 9.50000 100.000 150.000 0.0 0.0
9.00000 9.50000 150.000 200.000 0.0 0.0	9.00000 9.50000 150.000 200.000 0.0 0.0
9.00000 9.50000 200.000 250.000 0.0 0.0	9.00000 9.50000 200.000 250.000 0.0 0.0
9.00000 9.50000 250.000 300.000 0.0 0.0	9.00000 9.50000 250.000 300.000 0.0 0.0
9.00000 9.50000 300.000 350.000 0.0 0.0	9.00000 9.50000 300.000 350.000 0.0 0.0
9.00000 9.50000 350.000 400.000 0.0 0.0	9.00000 9.50000 350.000 400.000 0.0 0.0
9.00000 9.50000 400.000 450.000 0.0 0.0	9.00000 9.50000 400.000 450.000 0.0 0.0
9.00000 9.50000 450.000 500.000 0.0 0.0	9.00000 9.50000 450.000 500.000 0.0 0.0
9.00000 9.50000 500.000 550.000 0.0 0.0	9.00000 9.50000 500.000 550.000 0.0 0.0
9.00000 9.50000 550.000 600.000 0.0 0.0	9.00000 9.50000 550.000 600.000 0.0 0.0
9.00000 9.50000 600.000 650.000 0.0 0.0	9.00000 9.50000 600.000 650.000 0.0 0.0
9.00000 9.50000 650.000 700.000 0.0 0.0	9.00000 9.50000 650.000 700.000 0.0 0.0
9.00000 9.50000 700.000 750.000 0.0 0.0	9.00000 9.50000 700.000 750.000 0.0 0.0
9.00000 9.50000 750.000 800.000 0.0 0.0	9.00000 9.50000 750.000 800.000 0.0 0.0
9.00000 9.50000 800.000 850.000 0.0 0.0	9.00000 9.50000 800.000 850.000 0.0 0.0
9.00000 9.50000 850.000 900.000 0.0 0.0	9.00000 9.50000 850.000 900.000 0.0 0.0
9.00000 9.50000 900.000 950.000 0.0 0.0	9.00000 9.50000 900.000 950.000 0.0 0.0
9.00000 9.50000 950.000 1000.00 0.0 0.0	9.00000 9.50000 950.000 1000.00 0.0 0.0
9.00000 9.50000 1000.00 1050.00 0.0 0.0	9.00000 9.50000 1000.00 1050.00 0.0 0.0
 	 
9.50000 10.0000 -50.0000 0.00000 0.0 0.0	9.50000 10.0000 -50.0000 0.00000 0.0 0.0
9.50000 10.0000 0.00000 50.0000 0.0 0.0	9.50000 10.0000 0.00000 50.0000 0.0 0.0
9.50000 10.0000 50.0000 100.000 0.0 0.0	9.50000 10.0000 50.0000 100.000 0.0 0.0
9.50000 10.0000 100.000 150.000 0.0 0.0	9.50000 10.0000 100.000 150.000 0.0 0.0
9.50000 10.0000 150.000 200.000 0.0 0.0	9.50000 10.0000 150.000 200.000 0.0 0.0
9.50000 10.0000 200.000 250.000 0.0 0.0	9.50000 10.0000 200.000 250.000 0.0 0.0
9.50000 10.0000 250.000 300.000 0.0 0.0	9.50000 10.0000 250.000 300.000 0.0 0.0
9.50000 10.0000 300.000 350.000 0.0 0.0	9.50000 10.0000 300.000 350.000 0.0 0.0
9.50000 10.0000 350.000 400.000 0.0 0.0	9.50000 10.0000 350.000 400.000 0.0 0.0
9.50000 10.0000 400.000 450.000 0.0 0.0	9.50000 10.0000 400.000 450.000 0.0 0.0
9.50000 10.0000 450.000 500.000 0.0 0.0	9.50000 10.0000 450.000 500.000 0.0 0.0
9.50000 10.0000 500.000 550.000 0.0 0.0	9.50000 10.0000 500.000 550.000 0.0 0.0
9.50000 10.0000 550.000 600.000 0.0 0.0	9.50000 10.0000 550.000 600.000 0.0 0.0
9.50000 10.0000 600.000 650.000 0.0 0.0	9.50000 10.0000 600.000 650.000 0.0 0.0
9.50000 10.0000 650.000 700.000 0.0 0.0	9.50000 10.0000 650.000 700.000 0.0 0.0
9.50000 10.0000 700.000 750.000 0.0 0.0	9.50000 10.0000 700.000 750.000 0.0 0.0
9.50000 10.0000 750.000 800.000 0.0 0.0	9.50000 10.0000 750.000 800.000 0.0 0.0
9.50000 10.0000 800.000 850.000 0.0 0.0	9.50000 10.0000 800.000 850.000 0.0 0.0
9.50000 10.0000 850.000 900.000 0.0 0.0	9.50000 10.0000 850.000 900.000 0.0 0.0
9.50000 10.0000 900.000 950.000 0.0 0.0	9.50000 10.0000 900.000 950.000 0.0 0.0
9.50000 10.0000 950.000 1000.00 0.0 0.0	9.50000 10.0000 950.000 1000.00 0.0 0.0
9.50000 10.0000 1000.00 1050.00 0.0 0.0	9.50000 10.0000 1000.00 1050.00 0.0 0.0
 	 
10.0000 10.5000 -50.0000 0.00000 0.0 0.0	10.0000 10.5000 -50.0000 0.00000 0.0 0.0
10.0000 10.5000 0.00000 50.0000 0.0 0.0	10.0000 10.5000 0.00000 50.0000 0.0 0.0
10.0000 10.5000 50.0000 100.000 0.0 0.0	10.0000 10.5000 50.0000 100.000 0.0 0.0
10.0000 10.5000 100.000 150.000 0.0 0.0	10.0000 10.5000 100.000 150.000 0.0 0.0
10.0000 10.5000 150.000 200.000 0.0 0.0	10.0000 10.5000 150.000 200.000 0.0 0.0
10.0000 10.5000 200.000 250.000 0.0 0.0	10.0000 10.5000 200.000 250.000 0.0 0.0
10.0000 10.5000 250.000 300.000 0.0 0.0	10.0000 10.5000 250.000 300.000 0.0 0.0
10.0000 10.5000 300.000 350.000 0.0 0.0	10.0000 10.5000 300.000 350.000 0.0 0.0
10.0000 10.5000 350.000 400.000 0.0 0.0	10.0000 10.5000 350.000 400.000 0.0 0.0
10.0000 10.5000 400.000 450.000 0.0 0.0	10.0000 10.5000 400.000 450.000 0.0 0.0
10.0000 10.5000 450.000 500.000 0.0 0.0	10.0000 10.5000 450.000 500.000 0.0 0.0
10.0000 10.5000 500.000 550.000 0.0 0.0	10.0000 10.5000 500.000 550.000 0.0 0.0
10.0000 10.5000 550.000 600.000 0.0 0.0	10.0000 10.5000 550.000 600.000 0.0 0.0
10.0000 10.5000 600.000 650.000 0.0 0.0	10.0000 10.5000 600.000 650.000 0.0 0.0
10.0000 10.5000 650.000 700.000 0.0 0.0	10.0000 10.5000 650.000 700.000 0.0 0.0
10.0000 10.5000 700.000 750.000 0.0 0.0	10.0000 10.5000 700.000 750.000 0.0 0.0
10.0000 10.5000 750.000 800.000 0.0 0.0	10.0000 10.5000 750.000 800.000 0.0 0.0
10.0000 10.5000 800.000 850.000 0.0 0.0	10.0000 10.5000 800.000 850.000 0.0 0.0
10.0000 10.5000 850.000 900.000 0.0 0.0	10.0000 10.5000 850.000 900.000 0.0 0.0
10.0000 10.5000 900.000 950.000 0.0 0.0	10.0000 10.5000 900.000 950.000 0.0 0.0
10.0000 10.5000 950.000 1000.00 0.0 0.0	10.0000 10.5000 950.000 1000.00 0.0 0.0
10.0000 10.5000 1000.00 1050.00 0.0 0.0	10.0000 10.5000 1000.00 1050.00 0.0 0.0
 	 
