LO cross sections:

LO alpha^6 + alpha^5alpha_s
---------------------------
1.6116479105 0.000353419719263

LO alpha^6
----------
1.55032488262 0.000351736776737

Splitting of channels:
----------------------

LO results:
            2           uu         born      1.00000      1.00000            0    1.0468648594327790E+00    3.4401695098457244E-04    3.2861639005723295E-02       107,479,000     1,238,725,728        24h 3.958m
            7       udxuxd         born      1.00000      1.00000            0    1.2898913742332388E-01    4.5489464544104902E-05    3.5266120429052097E-02       108,479,000     1,246,829,411        24h 1.381m
           12       udxcxs         born      1.00000      1.00000            0    5.1519676121663308E-05    6.5159263986818446E-08    1.2647452175930873E-01        22,479,000     2,561,530,793       23h 31.637m
           17           uc         born      1.00000      1.00000            0    4.5202120896593791E-02    1.4685947413724264E-05    3.2489509612437066E-02       122,479,000     1,387,104,795       23h 58.885m
           22          usx         born      1.00000      1.00000            0    6.4389663514491782E-02    2.0883658537533498E-05    3.2433246887263734E-02       122,479,000     1,401,504,117       23h 58.822m
           27       dxuuxd         born      1.00000      1.00000            0    1.2883155658045545E-01    4.4211729986778809E-05    3.4317469384271965E-02       114,479,000     1,320,907,786        24h 1.518m
           32       dxucxs         born      1.00000      1.00000            0    5.1601222180965869E-05    6.5390664649990007E-08    1.2672309276060256E-01        22,479,000     2,558,247,044       23h 57.107m
           37           cu         born      1.00000      1.00000            0    4.5224615798975132E-02    1.4653642069750009E-05    3.2401916104463808E-02       123,479,000     1,415,092,485       23h 59.823m
           42          sxu         born      1.00000      1.00000            0    6.4414812494105425E-02    2.1005291046246409E-05    3.2609411147736543E-02       121,479,000     1,388,201,821       23h 54.596m
           47         dxsx         born      1.00000      1.00000            0    5.6535765198319921E-03    2.0120131437095496E-06    3.5588324251943450E-02       124,479,000     1,404,383,871        24h 2.199m
           52         dxdx         born      1.00000      1.00000            0    1.5001946543110078E-02    5.5945904831887105E-06    3.7292430466352583E-02       113,479,000     1,303,479,716        24h 5.396m
           57         sxdx         born      1.00000      1.00000            0    5.6494725178476875E-03    2.0042972721290504E-06    3.5477600179434791E-02       124,479,000     1,414,105,483        24h 5.689m

           90       uu_int         born      1.00000      1.00000            0    8.4427479162051566E-02    3.3396712036699326E-05    3.9556685060556054E-02        99,479,000     1,275,173,035        24h 4.955m
           95     dxdx_int         born      1.00000      1.00000            0    2.0987181128061774E-03    1.0863988319051574E-06    5.1764876153498438E-02       108,479,000     1,254,531,185       23h 57.460m
          100      udx_int         born      1.00000      1.00000            0   -1.2606252352312882E-02    5.7994877021333820E-06    4.6004851720022437E-02       113,479,000     1,325,621,006        24h 7.394m
          105      dxu_int         born      1.00000      1.00000            0   -1.2596917040362676E-02    6.0484013997585215E-06    4.8014933974546384E-02       104,479,000     1,230,189,345       23h 47.952m

