# BEGIN PLOT
LegendOnly=//itp/scratch/rauch/Projekte/VBFNLO/VBSCAN/VBSComparison/parton-shower/VBFNLO/VBFNLO-NLO.yoda/MC_VBSCAN_MCComparison/pT_j3 //itp/scratch/rauch/Projekte/VBFNLO/VBSCAN/VBSComparison/parton-shower/VBFNLO/Herwig-MCatNLO-DipoleShower_scale.yoda/MC_VBSCAN_MCComparison/pT_j3 //itp/scratch/rauch/Projekte/VBFNLO/VBSCAN/VBSComparison/parton-shower/MG5_aMC/run_PY8_10M_NLOPS.yoda/MC_VBSCAN_MCComparison/pT_j3 //itp/scratch/rauch/Projekte/VBFNLO/VBSCAN/VBSComparison/parton-shower/MG5_aMC/run_PY8_5M_NLOPS_error_scale.yoda/MC_VBSCAN_MCComparison/pT_j3
DrawOnly=//itp/scratch/rauch/Projekte/VBFNLO/VBSCAN/VBSComparison/parton-shower/VBFNLO/VBFNLO-NLO.yoda/MC_VBSCAN_MCComparison/pT_j3 //itp/scratch/rauch/Projekte/VBFNLO/VBSCAN/VBSComparison/parton-shower/VBFNLO/Herwig-MCatNLO-DipoleShower_scale.yoda/MC_VBSCAN_MCComparison/pT_j3 //itp/scratch/rauch/Projekte/VBFNLO/VBSCAN/VBSComparison/parton-shower/MG5_aMC/run_PY8_10M_NLOPS.yoda/MC_VBSCAN_MCComparison/pT_j3 //itp/scratch/rauch/Projekte/VBFNLO/VBSCAN/VBSComparison/parton-shower/MG5_aMC/run_PY8_5M_NLOPS_error_scale.yoda/MC_VBSCAN_MCComparison/pT_j3
Title=Transverse momentum of the third jet
RatioPlot=1
LogY=1
RatioPlotYLabel=Ratio
RatioPlotSameStyle=1
RatioPlotReference=//itp/scratch/rauch/Projekte/VBFNLO/VBSCAN/VBSComparison/parton-shower/VBFNLO/VBFNLO-NLO.yoda/MC_VBSCAN_MCComparison/pT_j3
XLabel=$p_{T,j3}$~[GeV]
YLabel=$d~\sigma_{WW\to e^+\nu \mu^+\nu}/d~p_{T,j3}$~[fb/GeV]
Legend=1
# END PLOT

# BEGIN HISTO1D //itp/scratch/rauch/Projekte/VBFNLO/VBSCAN/VBSComparison/parton-shower/VBFNLO/VBFNLO-NLO.yoda/MC_VBSCAN_MCComparison/pT_j3
ErrorBandColor=red
ErrorBandOpacity=0.3
ErrorBands=1
LineColor=red
LineStyle=solid
Path=//itp/scratch/rauch/Projekte/VBFNLO/VBSCAN/VBSComparison/parton-shower/VBFNLO/VBFNLO-NLO.yoda/MC_VBSCAN_MCComparison/pT_j3
RatioPlotErrorBandColor=red
ScaledBy=1
Title=NLO
XLabel=
YLabel=
# xlow	 xhigh	 val	 errminus	 errplus
0.000000e+00	1.000000e+01	0.000000e+00	0.000000e+00	0.000000e+00
1.000000e+01	2.000000e+01	0.000000e+00	0.000000e+00	0.000000e+00
2.000000e+01	3.000000e+01	0.000000e+00	0.000000e+00	0.000000e+00
3.000000e+01	4.000000e+01	1.314822e-02	2.569347e-06	2.569347e-06
4.000000e+01	5.000000e+01	8.507726e-03	2.030931e-06	2.030931e-06
5.000000e+01	6.000000e+01	5.723414e-03	1.602476e-06	1.602476e-06
6.000000e+01	7.000000e+01	3.945186e-03	1.279956e-06	1.279956e-06
7.000000e+01	8.000000e+01	2.768209e-03	1.089248e-06	1.089248e-06
8.000000e+01	9.000000e+01	1.969960e-03	8.921063e-07	8.921063e-07
9.000000e+01	1.000000e+02	1.417965e-03	7.480269e-07	7.480269e-07
1.000000e+02	1.100000e+02	1.033489e-03	6.623004e-07	6.623004e-07
1.100000e+02	1.200000e+02	7.591589e-04	5.814301e-07	5.814301e-07
1.200000e+02	1.300000e+02	5.626472e-04	5.063952e-07	5.063952e-07
1.300000e+02	1.400000e+02	4.212226e-04	4.444211e-07	4.444211e-07
1.400000e+02	1.500000e+02	3.183174e-04	4.133922e-07	4.133922e-07
1.500000e+02	1.600000e+02	2.425399e-04	3.557639e-07	3.557639e-07
1.600000e+02	1.700000e+02	1.865912e-04	3.246735e-07	3.246735e-07
1.700000e+02	1.800000e+02	1.443297e-04	2.986904e-07	2.986904e-07
1.800000e+02	1.900000e+02	1.130668e-04	2.659288e-07	2.659288e-07
1.900000e+02	2.000000e+02	8.893217e-05	2.677609e-07	2.677609e-07
2.000000e+02	2.100000e+02	7.054922e-05	2.401068e-07	2.401068e-07
2.100000e+02	2.200000e+02	5.612966e-05	2.520789e-07	2.520789e-07
2.200000e+02	2.300000e+02	4.440582e-05	1.815147e-07	1.815147e-07
2.300000e+02	2.400000e+02	3.577390e-05	1.750094e-07	1.750094e-07
2.400000e+02	2.500000e+02	2.890860e-05	1.704973e-07	1.704973e-07
2.500000e+02	2.600000e+02	2.343087e-05	1.551901e-07	1.551901e-07
2.600000e+02	2.700000e+02	1.938508e-05	1.577755e-07	1.577755e-07
2.700000e+02	2.800000e+02	1.549387e-05	1.408090e-07	1.408090e-07
2.800000e+02	2.900000e+02	1.288778e-05	1.340245e-07	1.340245e-07
2.900000e+02	3.000000e+02	1.068851e-05	1.211433e-07	1.211433e-07
3.000000e+02	3.100000e+02	8.571781e-06	1.061640e-07	1.061640e-07
3.100000e+02	3.200000e+02	7.264743e-06	1.476039e-07	1.476039e-07
3.200000e+02	3.300000e+02	6.087933e-06	9.823466e-08	9.823466e-08
3.300000e+02	3.400000e+02	4.687504e-06	7.341784e-08	7.341784e-08
3.400000e+02	3.500000e+02	4.093124e-06	7.527837e-08	7.527837e-08
3.500000e+02	3.600000e+02	3.334846e-06	6.197751e-08	6.197751e-08
3.600000e+02	3.700000e+02	2.879429e-06	6.161668e-08	6.161668e-08
3.700000e+02	3.800000e+02	2.297003e-06	5.371149e-08	5.371149e-08
3.800000e+02	3.900000e+02	1.943978e-06	4.989272e-08	4.989272e-08
3.900000e+02	4.000000e+02	1.770971e-06	6.104149e-08	6.104149e-08
4.000000e+02	4.100000e+02	1.471784e-06	5.276423e-08	5.276423e-08
4.100000e+02	4.200000e+02	1.146489e-06	3.655559e-08	3.655559e-08
4.200000e+02	4.300000e+02	9.858974e-07	3.180126e-08	3.180126e-08
4.300000e+02	4.400000e+02	8.382570e-07	3.647385e-08	3.647385e-08
4.400000e+02	4.500000e+02	7.173216e-07	3.327933e-08	3.327933e-08
4.500000e+02	4.600000e+02	6.708836e-07	3.590565e-08	3.590565e-08
4.600000e+02	4.700000e+02	5.346950e-07	2.678060e-08	2.678060e-08
4.700000e+02	4.800000e+02	4.360846e-07	2.561072e-08	2.561072e-08
4.800000e+02	4.900000e+02	4.172977e-07	3.016984e-08	3.016984e-08
4.900000e+02	5.000000e+02	3.177166e-07	2.112362e-08	2.112362e-08
5.000000e+02	5.100000e+02	2.787313e-07	1.865570e-08	1.865570e-08
5.100000e+02	5.200000e+02	2.528571e-07	1.986600e-08	1.986600e-08
5.200000e+02	5.300000e+02	1.980113e-07	2.472990e-08	2.472990e-08
5.300000e+02	5.400000e+02	2.107710e-07	2.574415e-08	2.574415e-08
5.400000e+02	5.500000e+02	1.321903e-07	1.023245e-08	1.023245e-08
5.500000e+02	5.600000e+02	1.388997e-07	1.954168e-08	1.954168e-08
5.600000e+02	5.700000e+02	1.145126e-07	1.347286e-08	1.347286e-08
5.700000e+02	5.800000e+02	8.880386e-08	1.108853e-08	1.108853e-08
5.800000e+02	5.900000e+02	6.997223e-08	6.454506e-09	6.454506e-09
5.900000e+02	6.000000e+02	5.647028e-08	6.546374e-09	6.546374e-09
6.000000e+02	6.100000e+02	5.025818e-08	9.689544e-09	9.689544e-09
6.100000e+02	6.200000e+02	5.656866e-08	9.603274e-09	9.603274e-09
6.200000e+02	6.300000e+02	4.935639e-08	1.501917e-08	1.501917e-08
6.300000e+02	6.400000e+02	3.998561e-08	7.108006e-09	7.108006e-09
6.400000e+02	6.500000e+02	3.102952e-08	4.664000e-09	4.664000e-09
6.500000e+02	6.600000e+02	1.929468e-08	2.674663e-09	2.674663e-09
6.600000e+02	6.700000e+02	1.426831e-08	2.542202e-09	2.542202e-09
6.700000e+02	6.800000e+02	1.622029e-08	2.726937e-09	2.726937e-09
6.800000e+02	6.900000e+02	1.622602e-08	3.770070e-09	3.770070e-09
6.900000e+02	7.000000e+02	1.291980e-08	2.079730e-09	2.079730e-09
7.000000e+02	7.100000e+02	1.572360e-08	4.409905e-09	4.409905e-09
7.100000e+02	7.200000e+02	9.544610e-09	1.599378e-09	1.599378e-09
7.200000e+02	7.300000e+02	1.122707e-08	4.243673e-09	4.243673e-09
7.300000e+02	7.400000e+02	6.242832e-09	1.577575e-09	1.577575e-09
7.400000e+02	7.500000e+02	8.706799e-09	2.644560e-09	2.644560e-09
7.500000e+02	7.600000e+02	7.328351e-09	2.867876e-09	2.867876e-09
7.600000e+02	7.700000e+02	4.329783e-09	8.161626e-10	8.161626e-10
7.700000e+02	7.800000e+02	3.031108e-09	5.297582e-10	5.297582e-10
7.800000e+02	7.900000e+02	3.132991e-09	8.197769e-10	8.197769e-10
7.900000e+02	8.000000e+02	3.794834e-09	2.043757e-09	2.043757e-09
8.000000e+02	8.100000e+02	1.276608e-09	2.373575e-10	2.373575e-10
8.100000e+02	8.200000e+02	1.540919e-09	4.746748e-10	4.746748e-10
8.200000e+02	8.300000e+02	1.941482e-09	7.346511e-10	7.346511e-10
8.300000e+02	8.400000e+02	2.505323e-09	1.064942e-09	1.064942e-09
8.400000e+02	8.500000e+02	6.825089e-10	1.419409e-10	1.419409e-10
8.500000e+02	8.600000e+02	7.691698e-10	2.271270e-10	2.271270e-10
8.600000e+02	8.700000e+02	1.297631e-09	4.269900e-10	4.269900e-10
8.700000e+02	8.800000e+02	1.049935e-09	4.471874e-10	4.471874e-10
8.800000e+02	8.900000e+02	3.725021e-10	6.568454e-11	6.568454e-11
8.900000e+02	9.000000e+02	1.163542e-09	3.095265e-10	3.095265e-10
9.000000e+02	9.100000e+02	1.062627e-09	4.247630e-10	4.247630e-10
9.100000e+02	9.200000e+02	4.793827e-10	1.136453e-10	1.136453e-10
9.200000e+02	9.300000e+02	7.795210e-10	4.277118e-10	4.277118e-10
9.300000e+02	9.400000e+02	2.417955e-10	1.011749e-10	1.011749e-10
9.400000e+02	9.500000e+02	1.397340e-10	2.403282e-11	2.403282e-11
9.500000e+02	9.600000e+02	1.042585e-10	1.103189e-11	1.103189e-11
9.600000e+02	9.700000e+02	1.078083e-10	4.623820e-11	4.623820e-11
9.700000e+02	9.800000e+02	1.262708e-10	6.198395e-11	6.198395e-11
9.800000e+02	9.900000e+02	9.493134e-11	3.253808e-12	3.253808e-12
9.900000e+02	1.000000e+03	2.254758e-11	5.296470e-12	5.296470e-12
# END HISTO1D

# BEGIN HISTO1D //itp/scratch/rauch/Projekte/VBFNLO/VBSCAN/VBSComparison/parton-shower/VBFNLO/Herwig-MCatNLO-DipoleShower_scale.yoda/MC_VBSCAN_MCComparison/pT_j3
ErrorBandColor=blue
ErrorBandOpacity=0.3
ErrorBands=1
LineColor=blue
LineStyle=solid
Path=//itp/scratch/rauch/Projekte/VBFNLO/VBSCAN/VBSComparison/parton-shower/VBFNLO/Herwig-MCatNLO-DipoleShower_scale.yoda/MC_VBSCAN_MCComparison/pT_j3
RatioPlotErrorBandColor=blue
Title=VBFNLO 3+H7-Dipole
# xlow	 xhigh	 val	 errminus	 errplus
0.000000e+00	1.000000e+01	0.000000e+00	0.000000e+00	0.000000e+00
1.000000e+01	2.000000e+01	0.000000e+00	0.000000e+00	0.000000e+00
2.000000e+01	3.000000e+01	0.000000e+00	0.000000e+00	0.000000e+00
3.000000e+01	4.000000e+01	1.038157e-02	9.731670e-04	1.002610e-03
4.000000e+01	5.000000e+01	6.899664e-03	6.920680e-04	6.434150e-04
5.000000e+01	6.000000e+01	4.677360e-03	4.674410e-04	4.411000e-04
6.000000e+01	7.000000e+01	3.257520e-03	3.353550e-04	2.754120e-04
7.000000e+01	8.000000e+01	2.281977e-03	2.324500e-04	1.951300e-04
8.000000e+01	9.000000e+01	1.626568e-03	1.755910e-04	1.382630e-04
9.000000e+01	1.000000e+02	1.177460e-03	1.343150e-04	7.793100e-05
1.000000e+02	1.100000e+02	8.473910e-04	1.037451e-04	7.590470e-05
1.100000e+02	1.200000e+02	6.239454e-04	6.330830e-05	4.786990e-05
1.200000e+02	1.300000e+02	4.510865e-04	4.043040e-05	4.448070e-05
1.300000e+02	1.400000e+02	3.447067e-04	3.514460e-05	2.811270e-05
1.400000e+02	1.500000e+02	2.583609e-04	2.662490e-05	1.817860e-05
1.500000e+02	1.600000e+02	1.998576e-04	2.510280e-05	1.326320e-05
1.600000e+02	1.700000e+02	1.641358e-04	2.712100e-05	2.433500e-06
1.700000e+02	1.800000e+02	1.135243e-04	8.824500e-06	1.049960e-05
1.800000e+02	1.900000e+02	8.704578e-05	3.431230e-06	1.029407e-05
1.900000e+02	2.000000e+02	6.670889e-05	1.746400e-06	7.638160e-06
2.000000e+02	2.100000e+02	5.570458e-05	5.554230e-06	4.763050e-06
2.100000e+02	2.200000e+02	4.539898e-05	4.668530e-06	2.266970e-06
2.200000e+02	2.300000e+02	3.603700e-05	5.439230e-06	0.000000e+00
2.300000e+02	2.400000e+02	3.007983e-05	2.957710e-06	3.237200e-07
2.400000e+02	2.500000e+02	2.224186e-05	2.805400e-06	1.562420e-06
2.500000e+02	2.600000e+02	2.057775e-05	3.571810e-06	9.713000e-08
2.600000e+02	2.700000e+02	1.432666e-05	8.804000e-07	3.628770e-06
2.700000e+02	2.800000e+02	1.103542e-05	0.000000e+00	3.078700e-06
2.800000e+02	2.900000e+02	9.832148e-06	1.228156e-06	1.330082e-06
2.900000e+02	3.000000e+02	9.186057e-06	1.315124e-06	1.384193e-06
3.000000e+02	3.100000e+02	6.499641e-06	8.917450e-07	8.782700e-07
3.100000e+02	3.200000e+02	5.062448e-06	1.693610e-07	8.779340e-07
3.200000e+02	3.300000e+02	3.118755e-06	0.000000e+00	2.251451e-06
3.300000e+02	3.400000e+02	3.763576e-06	1.585835e-06	5.555400e-08
3.400000e+02	3.500000e+02	3.355651e-06	3.200170e-07	2.914790e-07
3.500000e+02	3.600000e+02	3.082107e-06	6.781720e-07	0.000000e+00
3.600000e+02	3.700000e+02	7.575774e-07	0.000000e+00	1.675102e-06
3.700000e+02	3.800000e+02	1.764590e-06	5.896050e-07	0.000000e+00
3.800000e+02	3.900000e+02	1.575133e-06	4.791700e-07	0.000000e+00
3.900000e+02	4.000000e+02	1.301451e-06	6.306200e-08	6.917530e-07
4.000000e+02	4.100000e+02	7.990019e-07	1.375811e-07	3.881761e-07
4.100000e+02	4.200000e+02	7.655851e-07	0.000000e+00	3.280029e-07
4.200000e+02	4.300000e+02	5.121186e-07	0.000000e+00	5.123874e-07
4.300000e+02	4.400000e+02	6.621753e-07	2.804571e-07	0.000000e+00
4.400000e+02	4.500000e+02	4.455367e-07	6.088420e-08	1.011867e-07
4.500000e+02	4.600000e+02	2.916588e-07	0.000000e+00	1.366321e-07
4.600000e+02	4.700000e+02	3.480983e-07	5.933850e-08	1.498676e-07
4.700000e+02	4.800000e+02	3.608599e-07	1.744950e-07	0.000000e+00
4.800000e+02	4.900000e+02	-1.732043e-07	0.000000e+00	5.360416e-07
4.900000e+02	5.000000e+02	1.839438e-07	0.000000e+00	2.939151e-07
5.000000e+02	5.100000e+02	3.051551e-07	1.530023e-07	3.424300e-08
5.100000e+02	5.200000e+02	9.637916e-08	1.142831e-08	8.032340e-09
5.200000e+02	5.300000e+02	1.234592e-09	0.000000e+00	1.771621e-07
5.300000e+02	5.400000e+02	2.595868e-07	1.806909e-07	0.000000e+00
5.400000e+02	5.500000e+02	5.890315e-08	0.000000e+00	7.513765e-08
5.500000e+02	5.600000e+02	1.175665e-07	0.000000e+00	2.914038e-07
5.600000e+02	5.700000e+02	9.653756e-08	1.457722e-08	1.244895e-07
5.700000e+02	5.800000e+02	8.005930e-08	6.218366e-08	0.000000e+00
5.800000e+02	5.900000e+02	2.959747e-08	0.000000e+00	7.422103e-08
5.900000e+02	6.000000e+02	2.009983e-08	0.000000e+00	7.542235e-08
6.000000e+02	6.100000e+02	1.764504e-08	0.000000e+00	3.426676e-08
6.100000e+02	6.200000e+02	3.057041e-08	3.896846e-08	1.278613e-08
6.200000e+02	6.300000e+02	-2.955261e-08	0.000000e+00	9.760282e-08
6.300000e+02	6.400000e+02	1.162783e-08	1.600046e-08	0.000000e+00
6.400000e+02	6.500000e+02	-3.841322e-09	0.000000e+00	1.181626e-08
6.500000e+02	6.600000e+02	5.332671e-11	0.000000e+00	4.551328e-08
6.600000e+02	6.700000e+02	6.045905e-09	0.000000e+00	5.049544e-08
6.700000e+02	6.800000e+02	1.032714e-08	8.186809e-09	1.628618e-08
6.800000e+02	6.900000e+02	1.868705e-09	0.000000e+00	7.762515e-09
6.900000e+02	7.000000e+02	2.268143e-09	0.000000e+00	8.453377e-09
7.000000e+02	7.100000e+02	2.457249e-09	1.402584e-08	0.000000e+00
7.100000e+02	7.200000e+02	4.643339e-08	4.253934e-08	0.000000e+00
7.200000e+02	7.300000e+02	4.407717e-10	0.000000e+00	3.485029e-09
7.300000e+02	7.400000e+02	-7.325951e-10	0.000000e+00	1.086739e-08
7.400000e+02	7.500000e+02	-2.991407e-08	0.000000e+00	3.307167e-08
7.500000e+02	7.600000e+02	2.091140e-09	3.712076e-09	0.000000e+00
7.600000e+02	7.700000e+02	1.780933e-10	4.760799e-10	5.931355e-10
7.700000e+02	7.800000e+02	2.536784e-11	0.000000e+00	2.346021e-09
7.800000e+02	7.900000e+02	6.764833e-10	7.878700e-10	3.003737e-09
7.900000e+02	8.000000e+02	-1.118968e-08	0.000000e+00	1.257541e-08
8.000000e+02	8.100000e+02	1.715292e-07	1.715186e-07	0.000000e+00
8.100000e+02	8.200000e+02	7.258070e-11	0.000000e+00	1.820333e-10
8.200000e+02	8.300000e+02	5.546862e-10	0.000000e+00	5.062975e-09
8.300000e+02	8.400000e+02	6.911828e-10	1.311275e-09	0.000000e+00
8.400000e+02	8.500000e+02	3.445053e-10	3.064253e-10	2.475482e-10
8.500000e+02	8.600000e+02	3.210442e-10	5.331433e-10	9.876228e-10
8.600000e+02	8.700000e+02	-1.066135e-10	0.000000e+00	4.129820e-10
8.700000e+02	8.800000e+02	2.138278e-09	2.135452e-09	0.000000e+00
8.800000e+02	8.900000e+02	1.858102e-10	1.674555e-10	5.521360e-10
8.900000e+02	9.000000e+02	5.269779e-11	1.733909e-11	0.000000e+00
9.000000e+02	9.100000e+02	5.555121e-10	5.543628e-10	2.706276e-08
9.100000e+02	9.200000e+02	1.471144e-11	1.870288e-11	2.329119e-11
9.200000e+02	9.300000e+02	2.906282e-10	2.889005e-10	0.000000e+00
9.300000e+02	9.400000e+02	-8.868732e-13	0.000000e+00	3.044083e-11
9.400000e+02	9.500000e+02	-4.895682e-13	3.139233e-11	1.785664e-11
9.500000e+02	9.600000e+02	1.363493e-10	1.904440e-10	0.000000e+00
9.600000e+02	9.700000e+02	1.343949e-12	2.755740e-12	0.000000e+00
9.700000e+02	9.800000e+02	4.603281e-09	4.751548e-09	0.000000e+00
9.800000e+02	9.900000e+02	1.956540e-15	0.000000e+00	3.708589e-12
9.900000e+02	1.000000e+03	2.390654e-12	0.000000e+00	3.131124e-11
# END HISTO1D

# BEGIN HISTO1D //itp/scratch/rauch/Projekte/VBFNLO/VBSCAN/VBSComparison/parton-shower/MG5_aMC/run_PY8_10M_NLOPS.yoda/MC_VBSCAN_MCComparison/pT_j3
ErrorBandColor=brown
ErrorBandOpacity=0.3
ErrorBands=1
LineColor=brown
LineStyle=solid
Path=//itp/scratch/rauch/Projekte/VBFNLO/VBSCAN/VBSComparison/parton-shower/MG5_aMC/run_PY8_10M_NLOPS.yoda/MC_VBSCAN_MCComparison/pT_j3
RatioPlotErrorBandColor=brown
ScaledBy=9.99999999999999334e-01
Title=MG5_aMC+Pythia 8
XLabel=
YLabel=
# xlow	 xhigh	 val	 errminus	 errplus
0.000000e+00	1.000000e+01	0.000000e+00	0.000000e+00	0.000000e+00
1.000000e+01	2.000000e+01	0.000000e+00	0.000000e+00	0.000000e+00
2.000000e+01	3.000000e+01	0.000000e+00	0.000000e+00	0.000000e+00
3.000000e+01	4.000000e+01	1.669389e-02	1.350952e-04	1.350952e-04
4.000000e+01	5.000000e+01	1.078608e-02	1.144829e-04	1.144829e-04
5.000000e+01	6.000000e+01	7.195306e-03	9.635826e-05	9.635826e-05
6.000000e+01	7.000000e+01	4.830399e-03	8.057380e-05	8.057380e-05
7.000000e+01	8.000000e+01	3.379841e-03	6.751947e-05	6.751947e-05
8.000000e+01	9.000000e+01	2.368022e-03	5.665280e-05	5.665280e-05
9.000000e+01	1.000000e+02	1.593537e-03	4.753679e-05	4.753679e-05
1.000000e+02	1.100000e+02	1.198412e-03	4.048408e-05	4.048408e-05
1.100000e+02	1.200000e+02	8.772926e-04	3.426278e-05	3.426278e-05
1.200000e+02	1.300000e+02	5.849635e-04	2.936580e-05	2.936580e-05
1.300000e+02	1.400000e+02	4.117396e-04	2.500255e-05	2.500255e-05
1.400000e+02	1.500000e+02	2.947988e-04	2.152541e-05	2.152541e-05
1.500000e+02	1.600000e+02	2.653837e-04	1.835266e-05	1.835266e-05
1.600000e+02	1.700000e+02	1.468708e-04	1.601914e-05	1.601914e-05
1.700000e+02	1.800000e+02	1.466200e-04	1.434263e-05	1.434263e-05
1.800000e+02	1.900000e+02	9.925927e-05	1.217549e-05	1.217549e-05
1.900000e+02	2.000000e+02	8.918643e-05	1.066652e-05	1.066652e-05
2.000000e+02	2.100000e+02	7.115543e-05	9.550996e-06	9.550996e-06
2.100000e+02	2.200000e+02	6.636699e-05	8.422696e-06	8.422696e-06
2.200000e+02	2.300000e+02	2.722290e-05	7.327583e-06	7.327583e-06
2.300000e+02	2.400000e+02	2.858088e-05	6.683634e-06	6.683634e-06
2.400000e+02	2.500000e+02	3.360232e-05	5.910662e-06	5.910662e-06
2.500000e+02	2.600000e+02	1.797886e-05	5.252087e-06	5.252087e-06
2.600000e+02	2.700000e+02	2.170665e-05	4.806225e-06	4.806225e-06
2.700000e+02	2.800000e+02	1.111239e-05	3.907110e-06	3.907110e-06
2.800000e+02	2.900000e+02	1.136424e-05	3.951695e-06	3.951695e-06
2.900000e+02	3.000000e+02	5.289921e-06	3.326331e-06	3.326331e-06
3.000000e+02	3.100000e+02	7.932662e-06	2.993889e-06	2.993889e-06
3.100000e+02	3.200000e+02	8.212246e-06	2.763381e-06	2.763381e-06
3.200000e+02	3.300000e+02	4.231493e-06	2.619818e-06	2.619818e-06
3.300000e+02	3.400000e+02	5.293250e-06	2.213601e-06	2.213601e-06
3.400000e+02	3.500000e+02	5.810262e-06	2.213601e-06	2.213601e-06
3.500000e+02	3.600000e+02	1.320262e-06	1.925991e-06	1.925991e-06
3.600000e+02	3.700000e+02	1.851694e-06	1.852332e-06	1.852332e-06
3.700000e+02	3.800000e+02	2.380908e-06	1.775951e-06	1.775951e-06
3.800000e+02	3.900000e+02	1.060647e-06	1.399752e-06	1.399752e-06
3.900000e+02	4.000000e+02	2.119075e-06	1.399752e-06	1.399752e-06
4.000000e+02	4.100000e+02	5.292140e-07	1.122635e-06	1.122635e-06
4.100000e+02	4.200000e+02	2.662713e-07	1.269592e-06	1.269592e-06
4.200000e+02	4.300000e+02	5.314327e-07	9.169478e-07	9.169478e-07
4.300000e+02	4.400000e+02	-1.109400e-09	8.381647e-07	8.381647e-07
4.400000e+02	4.500000e+02	-5.281045e-07	5.292152e-07	5.292152e-07
4.500000e+02	4.600000e+02	-1.109400e-09	6.472472e-07	6.472472e-07
4.600000e+02	4.700000e+02	5.303235e-07	6.486064e-07	6.486064e-07
4.700000e+02	4.800000e+02	1.322481e-06	5.914325e-07	5.914325e-07
4.800000e+02	4.900000e+02	1.587642e-06	6.481536e-07	6.481536e-07
4.900000e+02	5.000000e+02	5.292140e-07	3.742116e-07	3.742116e-07
5.000000e+02	5.100000e+02	2.651617e-07	4.579934e-07	4.579934e-07
5.100000e+02	5.200000e+02	5.303235e-07	5.292152e-07	5.292152e-07
5.200000e+02	5.300000e+02	0.000000e+00	0.000000e+00	0.000000e+00
5.300000e+02	5.400000e+02	0.000000e+00	3.749953e-07	3.749953e-07
5.400000e+02	5.500000e+02	5.281045e-07	3.734263e-07	3.734263e-07
5.500000e+02	5.600000e+02	0.000000e+00	0.000000e+00	0.000000e+00
5.600000e+02	5.700000e+02	0.000000e+00	0.000000e+00	0.000000e+00
5.700000e+02	5.800000e+02	0.000000e+00	0.000000e+00	0.000000e+00
5.800000e+02	5.900000e+02	-1.109400e-09	3.742116e-07	3.742116e-07
5.900000e+02	6.000000e+02	0.000000e+00	0.000000e+00	0.000000e+00
6.000000e+02	6.100000e+02	2.651617e-07	2.651617e-07	2.651617e-07
6.100000e+02	6.200000e+02	2.651617e-07	2.651617e-07	2.651617e-07
6.200000e+02	6.300000e+02	0.000000e+00	0.000000e+00	0.000000e+00
6.300000e+02	6.400000e+02	0.000000e+00	0.000000e+00	0.000000e+00
6.400000e+02	6.500000e+02	0.000000e+00	0.000000e+00	0.000000e+00
6.500000e+02	6.600000e+02	0.000000e+00	0.000000e+00	0.000000e+00
6.600000e+02	6.700000e+02	0.000000e+00	0.000000e+00	0.000000e+00
6.700000e+02	6.800000e+02	0.000000e+00	0.000000e+00	0.000000e+00
6.800000e+02	6.900000e+02	0.000000e+00	0.000000e+00	0.000000e+00
6.900000e+02	7.000000e+02	0.000000e+00	0.000000e+00	0.000000e+00
7.000000e+02	7.100000e+02	0.000000e+00	0.000000e+00	0.000000e+00
7.100000e+02	7.200000e+02	0.000000e+00	0.000000e+00	0.000000e+00
7.200000e+02	7.300000e+02	0.000000e+00	0.000000e+00	0.000000e+00
7.300000e+02	7.400000e+02	0.000000e+00	0.000000e+00	0.000000e+00
7.400000e+02	7.500000e+02	0.000000e+00	0.000000e+00	0.000000e+00
7.500000e+02	7.600000e+02	0.000000e+00	0.000000e+00	0.000000e+00
7.600000e+02	7.700000e+02	0.000000e+00	0.000000e+00	0.000000e+00
7.700000e+02	7.800000e+02	0.000000e+00	0.000000e+00	0.000000e+00
7.800000e+02	7.900000e+02	0.000000e+00	0.000000e+00	0.000000e+00
7.900000e+02	8.000000e+02	0.000000e+00	0.000000e+00	0.000000e+00
8.000000e+02	8.100000e+02	0.000000e+00	0.000000e+00	0.000000e+00
8.100000e+02	8.200000e+02	0.000000e+00	0.000000e+00	0.000000e+00
8.200000e+02	8.300000e+02	0.000000e+00	0.000000e+00	0.000000e+00
8.300000e+02	8.400000e+02	0.000000e+00	0.000000e+00	0.000000e+00
8.400000e+02	8.500000e+02	0.000000e+00	0.000000e+00	0.000000e+00
8.500000e+02	8.600000e+02	0.000000e+00	0.000000e+00	0.000000e+00
8.600000e+02	8.700000e+02	0.000000e+00	0.000000e+00	0.000000e+00
8.700000e+02	8.800000e+02	0.000000e+00	0.000000e+00	0.000000e+00
8.800000e+02	8.900000e+02	0.000000e+00	0.000000e+00	0.000000e+00
8.900000e+02	9.000000e+02	0.000000e+00	0.000000e+00	0.000000e+00
9.000000e+02	9.100000e+02	0.000000e+00	0.000000e+00	0.000000e+00
9.100000e+02	9.200000e+02	0.000000e+00	0.000000e+00	0.000000e+00
9.200000e+02	9.300000e+02	0.000000e+00	0.000000e+00	0.000000e+00
9.300000e+02	9.400000e+02	0.000000e+00	0.000000e+00	0.000000e+00
9.400000e+02	9.500000e+02	0.000000e+00	0.000000e+00	0.000000e+00
9.500000e+02	9.600000e+02	0.000000e+00	0.000000e+00	0.000000e+00
9.600000e+02	9.700000e+02	0.000000e+00	0.000000e+00	0.000000e+00
9.700000e+02	9.800000e+02	0.000000e+00	0.000000e+00	0.000000e+00
9.800000e+02	9.900000e+02	0.000000e+00	0.000000e+00	0.000000e+00
9.900000e+02	1.000000e+03	0.000000e+00	0.000000e+00	0.000000e+00
# END HISTO1D

# BEGIN HISTO1D //itp/scratch/rauch/Projekte/VBFNLO/VBSCAN/VBSComparison/parton-shower/MG5_aMC/run_PY8_5M_NLOPS_error_scale.yoda/MC_VBSCAN_MCComparison/pT_j3
ErrorBandColor=green
ErrorBandOpacity=0.3
ErrorBands=1
LineColor=green
LineStyle=solid
Path=//itp/scratch/rauch/Projekte/VBFNLO/VBSCAN/VBSComparison/parton-shower/MG5_aMC/run_PY8_5M_NLOPS_error_scale.yoda/MC_VBSCAN_MCComparison/pT_j3
RatioPlotErrorBandColor=green
Title=MG5_aMC+Pythia 8(scale)
# xlow	 xhigh	 val	 errminus	 errplus
0.000000e+00	1.000000e+01	0.000000e+00	0.000000e+00	0.000000e+00
1.000000e+01	2.000000e+01	0.000000e+00	0.000000e+00	0.000000e+00
2.000000e+01	3.000000e+01	0.000000e+00	0.000000e+00	0.000000e+00
3.000000e+01	4.000000e+01	1.675486e-02	2.780400e-04	3.170300e-04
4.000000e+01	5.000000e+01	1.087399e-02	4.517500e-04	2.101400e-04
5.000000e+01	6.000000e+01	7.471929e-03	3.327250e-04	1.578670e-04
6.000000e+01	7.000000e+01	4.574316e-03	3.531590e-04	1.952290e-04
7.000000e+01	8.000000e+01	3.520499e-03	2.383210e-04	1.265820e-04
8.000000e+01	9.000000e+01	2.303277e-03	1.833520e-04	1.001350e-04
9.000000e+01	1.000000e+02	1.592100e-03	1.535140e-04	8.494500e-05
1.000000e+02	1.100000e+02	1.144239e-03	1.130890e-04	6.321200e-05
1.100000e+02	1.200000e+02	9.068246e-04	7.090320e-05	3.602470e-05
1.200000e+02	1.300000e+02	5.975008e-04	5.503620e-05	3.052240e-05
1.300000e+02	1.400000e+02	4.282970e-04	3.737540e-05	1.953870e-05
1.400000e+02	1.500000e+02	2.675533e-04	4.977550e-05	3.049070e-05
1.500000e+02	1.600000e+02	2.696680e-04	1.084540e-05	9.666000e-06
1.600000e+02	1.700000e+02	1.840091e-04	1.989930e-05	1.017550e-05
1.700000e+02	1.800000e+02	1.422365e-04	1.263540e-05	6.317500e-06
1.800000e+02	1.900000e+02	1.173851e-04	9.952400e-06	4.881700e-06
1.900000e+02	2.000000e+02	9.517716e-05	1.054864e-05	5.740440e-06
2.000000e+02	2.100000e+02	5.128942e-05	9.346260e-06	5.434160e-06
2.100000e+02	2.200000e+02	5.446206e-05	5.895660e-06	2.875720e-06
2.200000e+02	2.300000e+02	4.230098e-05	6.503700e-06	3.519080e-06
2.300000e+02	2.400000e+02	4.335832e-05	6.680600e-07	1.404950e-06
2.400000e+02	2.500000e+02	2.590904e-05	2.174460e-06	9.348600e-07
2.500000e+02	2.600000e+02	1.956424e-05	4.497560e-06	2.500480e-06
2.600000e+02	2.700000e+02	1.216148e-05	3.979840e-06	2.411980e-06
2.700000e+02	2.800000e+02	1.216148e-05	3.164400e-07	6.137200e-07
2.800000e+02	2.900000e+02	1.744914e-05	9.851400e-07	1.037630e-06
2.900000e+02	3.000000e+02	1.321906e-05	2.228400e-07	3.354800e-07
3.000000e+02	3.100000e+02	1.004644e-05	3.102000e-07	4.747600e-07
3.100000e+02	3.200000e+02	6.874000e-06	1.618840e-06	9.515400e-07
3.200000e+02	3.300000e+02	6.873940e-06	1.137140e-06	1.141780e-06
3.300000e+02	3.400000e+02	7.402640e-06	6.404440e-07	2.117200e-07
3.400000e+02	3.500000e+02	7.931400e-06	4.188000e-07	4.230300e-07
3.500000e+02	3.600000e+02	-5.288200e-07	3.021400e-07	2.222400e-07
3.600000e+02	3.700000e+02	3.701320e-06	3.955160e-07	3.520400e-07
3.700000e+02	3.800000e+02	3.172560e-06	2.305400e-07	2.301800e-07
3.800000e+02	3.900000e+02	-1.057520e-06	3.349600e-07	2.414400e-07
3.900000e+02	4.000000e+02	5.287600e-07	3.461400e-07	2.281200e-07
4.000000e+02	4.100000e+02	1.057520e-06	1.504600e-07	1.102400e-07
4.100000e+02	4.200000e+02	3.172560e-06	1.714400e-07	2.171400e-07
4.200000e+02	4.300000e+02	4.230080e-06	2.172800e-07	2.356800e-07
4.300000e+02	4.400000e+02	1.057520e-06	1.630800e-07	2.123000e-07
4.400000e+02	4.500000e+02	0.000000e+00	2.366800e-07	1.549400e-07
4.500000e+02	4.600000e+02	-1.057520e-06	2.882600e-07	2.099600e-07
4.600000e+02	4.700000e+02	1.586280e-06	3.302400e-07	4.550200e-07
4.700000e+02	4.800000e+02	1.057520e-06	2.109600e-07	2.500400e-07
4.800000e+02	4.900000e+02	0.000000e+00	5.920000e-09	9.820000e-09
4.900000e+02	5.000000e+02	0.000000e+00	0.000000e+00	0.000000e+00
5.000000e+02	5.100000e+02	5.287600e-07	3.136000e-08	3.120000e-08
5.100000e+02	5.200000e+02	5.287600e-07	6.160000e-08	7.438000e-08
5.200000e+02	5.300000e+02	5.287600e-07	9.874000e-08	1.321600e-07
5.300000e+02	5.400000e+02	5.287600e-07	1.125600e-07	1.560000e-07
5.400000e+02	5.500000e+02	-5.287600e-07	1.615800e-07	1.158800e-07
5.500000e+02	5.600000e+02	5.287600e-07	1.240800e-07	1.767000e-07
5.600000e+02	5.700000e+02	0.000000e+00	0.000000e+00	0.000000e+00
5.700000e+02	5.800000e+02	5.287600e-07	1.058400e-07	1.437600e-07
5.800000e+02	5.900000e+02	0.000000e+00	0.000000e+00	0.000000e+00
5.900000e+02	6.000000e+02	0.000000e+00	0.000000e+00	0.000000e+00
6.000000e+02	6.100000e+02	5.287600e-07	8.744000e-08	1.054800e-07
6.100000e+02	6.200000e+02	0.000000e+00	0.000000e+00	0.000000e+00
6.200000e+02	6.300000e+02	-5.287600e-07	1.801600e-07	1.256000e-07
6.300000e+02	6.400000e+02	0.000000e+00	0.000000e+00	0.000000e+00
6.400000e+02	6.500000e+02	0.000000e+00	0.000000e+00	0.000000e+00
6.500000e+02	6.600000e+02	-5.287600e-07	1.596600e-07	1.147600e-07
6.600000e+02	6.700000e+02	0.000000e+00	0.000000e+00	0.000000e+00
6.700000e+02	6.800000e+02	0.000000e+00	0.000000e+00	0.000000e+00
6.800000e+02	6.900000e+02	0.000000e+00	0.000000e+00	0.000000e+00
6.900000e+02	7.000000e+02	0.000000e+00	0.000000e+00	0.000000e+00
7.000000e+02	7.100000e+02	0.000000e+00	0.000000e+00	0.000000e+00
7.100000e+02	7.200000e+02	0.000000e+00	0.000000e+00	0.000000e+00
7.200000e+02	7.300000e+02	0.000000e+00	0.000000e+00	0.000000e+00
7.300000e+02	7.400000e+02	0.000000e+00	0.000000e+00	0.000000e+00
7.400000e+02	7.500000e+02	0.000000e+00	0.000000e+00	0.000000e+00
7.500000e+02	7.600000e+02	0.000000e+00	0.000000e+00	0.000000e+00
7.600000e+02	7.700000e+02	0.000000e+00	0.000000e+00	0.000000e+00
7.700000e+02	7.800000e+02	0.000000e+00	0.000000e+00	0.000000e+00
7.800000e+02	7.900000e+02	0.000000e+00	0.000000e+00	0.000000e+00
7.900000e+02	8.000000e+02	0.000000e+00	0.000000e+00	0.000000e+00
8.000000e+02	8.100000e+02	0.000000e+00	0.000000e+00	0.000000e+00
8.100000e+02	8.200000e+02	0.000000e+00	0.000000e+00	0.000000e+00
8.200000e+02	8.300000e+02	0.000000e+00	0.000000e+00	0.000000e+00
8.300000e+02	8.400000e+02	0.000000e+00	0.000000e+00	0.000000e+00
8.400000e+02	8.500000e+02	0.000000e+00	0.000000e+00	0.000000e+00
8.500000e+02	8.600000e+02	0.000000e+00	0.000000e+00	0.000000e+00
8.600000e+02	8.700000e+02	0.000000e+00	0.000000e+00	0.000000e+00
8.700000e+02	8.800000e+02	0.000000e+00	0.000000e+00	0.000000e+00
8.800000e+02	8.900000e+02	0.000000e+00	0.000000e+00	0.000000e+00
8.900000e+02	9.000000e+02	0.000000e+00	0.000000e+00	0.000000e+00
9.000000e+02	9.100000e+02	0.000000e+00	0.000000e+00	0.000000e+00
9.100000e+02	9.200000e+02	0.000000e+00	0.000000e+00	0.000000e+00
9.200000e+02	9.300000e+02	0.000000e+00	0.000000e+00	0.000000e+00
9.300000e+02	9.400000e+02	0.000000e+00	0.000000e+00	0.000000e+00
9.400000e+02	9.500000e+02	0.000000e+00	0.000000e+00	0.000000e+00
9.500000e+02	9.600000e+02	0.000000e+00	0.000000e+00	0.000000e+00
9.600000e+02	9.700000e+02	0.000000e+00	0.000000e+00	0.000000e+00
9.700000e+02	9.800000e+02	0.000000e+00	0.000000e+00	0.000000e+00
9.800000e+02	9.900000e+02	0.000000e+00	0.000000e+00	0.000000e+00
9.900000e+02	1.000000e+03	0.000000e+00	0.000000e+00	0.000000e+00
# END HISTO1D

