# title = cross section scan
# xlabel = $xsec$
# ylabel = $\frac{\text{d}\sigma}{\text{d}xsec}\,[\text{fb}]$
# xmin=  0.000E+00
# xmax=  2.000E+02
# ymin=  1.000E-04
# ymax=  4.000E-01
# kmin= -2.000E+01
# kmax=  1.000E+01
# logscale = false
# Renormalization and factorization scale scaled by: 1.0000000000
# Renormalization scaled by: 1.0000000000
#
#
#=====================================================================================
# No.       Left      Right                   Value                   Error Hits
#-------------------------------------------------------------------------------------
   1       0.00       1.00  0.000000000000000E+00  0.000000000000000E+00 0
   2       1.00       2.00  0.000000000000000E+00  0.000000000000000E+00 0
   3       2.00       3.00  0.000000000000000E+00  0.000000000000000E+00 0
   4       3.00       4.00  0.000000000000000E+00  0.000000000000000E+00 0
   5       4.00       5.00  0.000000000000000E+00  0.000000000000000E+00 0
   6       5.00       6.00  0.000000000000000E+00  0.000000000000000E+00 0
   7       6.00       7.00  0.000000000000000E+00  0.000000000000000E+00 0
   8       7.00       8.00  0.000000000000000E+00  0.000000000000000E+00 0
   9       8.00       9.00  0.000000000000000E+00  0.000000000000000E+00 0
  10       9.00      10.00  0.000000000000000E+00  0.000000000000000E+00 0
  11      10.00      11.00  0.000000000000000E+00  0.000000000000000E+00 0
  12      11.00      12.00  0.000000000000000E+00  0.000000000000000E+00 0
  13      12.00      13.00  0.000000000000000E+00  0.000000000000000E+00 0
  14      13.00      14.00  0.000000000000000E+00  0.000000000000000E+00 0
  15      14.00      15.00  0.000000000000000E+00  0.000000000000000E+00 0
  16      15.00      16.00  0.000000000000000E+00  0.000000000000000E+00 0
  17      16.00      17.00  0.000000000000000E+00  0.000000000000000E+00 0
  18      17.00      18.00  0.000000000000000E+00  0.000000000000000E+00 0
  19      18.00      19.00  0.000000000000000E+00  0.000000000000000E+00 0
  20      19.00      20.00  0.000000000000000E+00  0.000000000000000E+00 0
  21      20.00      21.00  0.000000000000000E+00  0.000000000000000E+00 0
  22      21.00      22.00  0.000000000000000E+00  0.000000000000000E+00 0
  23      22.00      23.00  0.000000000000000E+00  0.000000000000000E+00 0
  24      23.00      24.00  0.000000000000000E+00  0.000000000000000E+00 0
  25      24.00      25.00  0.000000000000000E+00  0.000000000000000E+00 0
  26      25.00      26.00  0.000000000000000E+00  0.000000000000000E+00 0
  27      26.00      27.00  0.000000000000000E+00  0.000000000000000E+00 0
  28      27.00      28.00  0.000000000000000E+00  0.000000000000000E+00 0
  29      28.00      29.00  0.000000000000000E+00  0.000000000000000E+00 0
  30      29.00      30.00  0.000000000000000E+00  0.000000000000000E+00 0
  31      30.00      31.00  0.000000000000000E+00  0.000000000000000E+00 0
  32      31.00      32.00  0.000000000000000E+00  0.000000000000000E+00 0
  33      32.00      33.00  0.000000000000000E+00  0.000000000000000E+00 0
  34      33.00      34.00  0.000000000000000E+00  0.000000000000000E+00 0
  35      34.00      35.00  0.000000000000000E+00  0.000000000000000E+00 0
  36      35.00      36.00  0.000000000000000E+00  0.000000000000000E+00 0
  37      36.00      37.00  0.000000000000000E+00  0.000000000000000E+00 0
  38      37.00      38.00  0.000000000000000E+00  0.000000000000000E+00 0
  39      38.00      39.00  0.000000000000000E+00  0.000000000000000E+00 0
  40      39.00      40.00  0.000000000000000E+00  0.000000000000000E+00 0
  41      40.00      41.00  0.000000000000000E+00  0.000000000000000E+00 0
  42      41.00      42.00  0.000000000000000E+00  0.000000000000000E+00 0
  43      42.00      43.00  0.000000000000000E+00  0.000000000000000E+00 0
  44      43.00      44.00  0.000000000000000E+00  0.000000000000000E+00 0
  45      44.00      45.00  0.000000000000000E+00  0.000000000000000E+00 0
  46      45.00      46.00  0.000000000000000E+00  0.000000000000000E+00 0
  47      46.00      47.00  0.000000000000000E+00  0.000000000000000E+00 0
  48      47.00      48.00  0.000000000000000E+00  0.000000000000000E+00 0
  49      48.00      49.00  0.000000000000000E+00  0.000000000000000E+00 0
  50      49.00      50.00  0.000000000000000E+00  0.000000000000000E+00 0
  51      50.00      51.00  0.000000000000000E+00  0.000000000000000E+00 0
  52      51.00      52.00  0.000000000000000E+00  0.000000000000000E+00 0
  53      52.00      53.00  0.000000000000000E+00  0.000000000000000E+00 0
  54      53.00      54.00  0.000000000000000E+00  0.000000000000000E+00 0
  55      54.00      55.00  0.000000000000000E+00  0.000000000000000E+00 0
  56      55.00      56.00  0.000000000000000E+00  0.000000000000000E+00 0
  57      56.00      57.00  0.000000000000000E+00  0.000000000000000E+00 0
  58      57.00      58.00  0.000000000000000E+00  0.000000000000000E+00 0
  59      58.00      59.00  0.000000000000000E+00  0.000000000000000E+00 0
  60      59.00      60.00  0.000000000000000E+00  0.000000000000000E+00 0
  61      60.00      61.00  0.000000000000000E+00  0.000000000000000E+00 0
  62      61.00      62.00  0.000000000000000E+00  0.000000000000000E+00 0
  63      62.00      63.00  0.000000000000000E+00  0.000000000000000E+00 0
  64      63.00      64.00  0.000000000000000E+00  0.000000000000000E+00 0
  65      64.00      65.00  0.000000000000000E+00  0.000000000000000E+00 0
  66      65.00      66.00  0.000000000000000E+00  0.000000000000000E+00 0
  67      66.00      67.00  0.000000000000000E+00  0.000000000000000E+00 0
  68      67.00      68.00  0.000000000000000E+00  0.000000000000000E+00 0
  69      68.00      69.00  0.000000000000000E+00  0.000000000000000E+00 0
  70      69.00      70.00  0.000000000000000E+00  0.000000000000000E+00 0
  71      70.00      71.00  0.000000000000000E+00  0.000000000000000E+00 0
  72      71.00      72.00  0.000000000000000E+00  0.000000000000000E+00 0
  73      72.00      73.00  0.000000000000000E+00  0.000000000000000E+00 0
  74      73.00      74.00  1.749078069193867E-02  8.498175997545680E-05 157905364
  75      74.00      75.00  1.668605295003901E-02  7.809882662812978E-05 151626013
  76      75.00      76.00  1.549802944585858E-02  7.939612202574350E-05 139462344
  77      76.00      77.00  1.376573109629244E-02  7.745894360982463E-05 125931589
  78      77.00      78.00  1.230361691436352E-02  8.003136153029904E-05 112756559
  79      78.00      79.00  1.080349928838227E-02  7.711589109933321E-05 100625360
  80      79.00      80.00  9.349042752520336E-03  8.040572880361200E-05 89754074
  81      80.00      81.00  8.295575002133605E-03  7.246696526454041E-05 80129001
  82      81.00      82.00  7.090887701550578E-03  7.152309440695629E-05 71687861
  83      82.00      83.00  6.152270260153425E-03  7.499664209331227E-05 64278335
  84      83.00      84.00  5.257239460437703E-03  7.379850164985856E-05 57802048
  85      84.00      85.00  4.737962041573066E-03  6.462369192939024E-05 52122417
  86      85.00      86.00  3.454829431611781E-02  1.411962444218310E-04 603694411
  87      86.00      87.00  0.000000000000000E+00  0.000000000000000E+00 0
  88      87.00      88.00  0.000000000000000E+00  0.000000000000000E+00 0
  89      88.00      89.00  0.000000000000000E+00  0.000000000000000E+00 0
  90      89.00      90.00  0.000000000000000E+00  0.000000000000000E+00 0
  91      90.00      91.00  1.170023370317544E-02  8.035902525182530E-05 104029604
  92      91.00      92.00  1.360772057695979E-02  7.938560173582901E-05 114402182
  93      92.00      93.00  1.437881804965677E-02  9.149198927394387E-05 115107282
  94      93.00      94.00  1.432458561583595E-02  1.011570122302309E-04 110959638
  95      94.00      95.00  1.359530929587260E-02  1.116032950786849E-04 104557990
  96      95.00      96.00  1.292617584531473E-02  1.097563372685832E-04 97318967
  97      96.00      97.00  1.193246016267283E-02  1.110827152557914E-04 89938334
  98      97.00      98.00  1.083975426404899E-02  1.041593822838593E-04 82734796
  99      98.00      99.00  9.875124684829156E-03  1.060276574848371E-04 75959424
 100      99.00     100.00  9.083186708631131E-03  1.083613565864010E-04 69660283
 101     100.00     101.00  8.093772387688217E-03  1.017751048802254E-04 63842550
 102     101.00     102.00  7.127709899091329E-03  9.544563935223723E-05 58527088
 103     102.00     103.00  6.029218174712348E-02  2.156969932362954E-04 736414042
 104     103.00     104.00  0.000000000000000E+00  0.000000000000000E+00 0
 105     104.00     105.00  0.000000000000000E+00  0.000000000000000E+00 0
 106     105.00     106.00  0.000000000000000E+00  0.000000000000000E+00 0
 107     106.00     107.00  0.000000000000000E+00  0.000000000000000E+00 0
 108     107.00     108.00  5.351470316149262E-03  4.461454450580910E-05 49714737
 109     108.00     109.00  8.143934447543228E-03  7.304435993450157E-05 68232364
 110     109.00     110.00  1.024995415090088E-02  8.627441514442053E-05 77819831
 111     110.00     111.00  1.155877643881475E-02  9.904619664238019E-05 81865864
 112     111.00     112.00  1.257313910956572E-02  1.198677885659718E-04 82387897
 113     112.00     113.00  1.267942202521932E-02  1.335249942266122E-04 80774294
 114     113.00     114.00  1.268591617369751E-02  1.277945673356764E-04 77916342
 115     114.00     115.00  1.219966595918586E-02  1.262141243391667E-04 74384715
 116     115.00     116.00  1.181836092535004E-02  1.349596838477491E-04 70525644
 117     116.00     117.00  1.104917941174060E-02  1.644934047712034E-04 66528466
 118     117.00     118.00  1.013644877740457E-02  1.624702769141611E-04 62552443
 119     118.00     119.00  9.598404634033728E-03  1.416012161459515E-04 58689205
 120     119.00     120.00  9.538291743535471E-02  3.280987798796584E-04 855777145
 121     120.00     121.00  0.000000000000000E+00  0.000000000000000E+00 0
 122     121.00     122.00  0.000000000000000E+00  0.000000000000000E+00 0
 123     122.00     123.00  0.000000000000000E+00  0.000000000000000E+00 0
 124     123.00     124.00  0.000000000000000E+00  0.000000000000000E+00 0
 125     124.00     125.00  1.182873289310253E-03  2.259813322920063E-05 12373510
 126     125.00     126.00  3.175625283864475E-03  3.581471844221142E-05 28636829
 127     126.00     127.00  5.201760086360319E-03  5.231547298179100E-05 40556487
 128     127.00     128.00  6.896547766393937E-03  7.216826176115909E-05 48431078
 129     128.00     129.00  8.678584048336187E-03  9.191935102716625E-05 53283028
 130     129.00     130.00  1.010044364360261E-02  1.088994189408983E-04 55921925
 131     130.00     131.00  1.048139219765068E-02  1.444674799495514E-04 56989827
 132     131.00     132.00  1.114530366385375E-02  1.480713734246679E-04 56901032
 133     132.00     133.00  1.104926231022078E-02  1.568771890937914E-04 56061408
 134     133.00     134.00  1.145759114163466E-02  1.604960967688623E-04 54683050
 135     134.00     135.00  1.106365007078724E-02  1.650305713573052E-04 52958459
 136     135.00     136.00  1.042889909072177E-02  1.705698445699118E-04 51017308
 137     136.00     137.00  1.347778323310397E-01  4.477632501424728E-04 919717957
 138     137.00     138.00  0.000000000000000E+00  0.000000000000000E+00 0
 139     138.00     139.00  0.000000000000000E+00  0.000000000000000E+00 0
 140     139.00     140.00  0.000000000000000E+00  0.000000000000000E+00 0
 141     140.00     141.00  0.000000000000000E+00  0.000000000000000E+00 0
 142     141.00     142.00  4.167712727797217E-05  1.119249740879891E-05 347225
 143     142.00     143.00  5.210463617045101E-04  2.014219712317639E-05 5389724
 144     143.00     144.00  1.614480056723624E-03  3.227354111121041E-05 13786535
 145     144.00     145.00  2.831950199892129E-03  4.411405704982471E-05 21112551
 146     145.00     146.00  4.211408643324147E-03  6.517104400803175E-05 26778907
 147     146.00     147.00  5.581627381319673E-03  8.492149623579883E-05 30976218
 148     147.00     148.00  6.348091893858106E-03  1.216082317418863E-04 33986206
 149     148.00     149.00  7.726897623425803E-03  1.217949244950736E-04 36030132
 150     149.00     150.00  8.495445329216460E-03  1.319351241986826E-04 37282654
 151     150.00     151.00  8.907501965521689E-03  1.444041989089237E-04 37916589
 152     151.00     152.00  9.370077318891735E-03  1.666230410561726E-04 38064442
 153     152.00     153.00  9.103228325878445E-03  1.922500750612215E-04 37870109
 154     153.00     154.00  1.639193433242637E-01  5.754832734231026E-04 900952580
 155     154.00     155.00  0.000000000000000E+00  0.000000000000000E+00 0
 156     155.00     156.00  0.000000000000000E+00  0.000000000000000E+00 0
 157     156.00     157.00  0.000000000000000E+00  0.000000000000000E+00 0
 158     157.00     158.00  0.000000000000000E+00  0.000000000000000E+00 0
 159     158.00     159.00  0.000000000000000E+00  0.000000000000000E+00 0
 160     159.00     160.00 -2.244950706698239E-07  1.374952485609636E-06 22650
 161     160.00     161.00  1.483234277725703E-04  1.020597081905468E-05 1367672
 162     161.00     162.00  5.532902943116863E-04  2.680450641859595E-05 4986731
 163     162.00     163.00  1.241162191912585E-03  3.934820443279639E-05 9021641
 164     163.00     164.00  2.076679192864673E-03  4.923173061341951E-05 12586571
 165     164.00     165.00  2.833261475915325E-03  6.704835398726943E-05 15571286
 166     165.00     166.00  3.619345827781599E-03  1.097944556758825E-04 18002829
 167     166.00     167.00  4.512608924299883E-03  1.316088384531730E-04 19942555
 168     167.00     168.00  5.248089002334736E-03  1.186860783964096E-04 21450297
 169     168.00     169.00  5.916840160042650E-03  1.362059012959639E-04 22593689
 170     169.00     170.00  6.182429944752867E-03  1.615922430029710E-04 23409967
 171     170.00     171.00  1.744807946908433E-01  7.036762951859086E-04 800244880
 172     171.00     172.00  0.000000000000000E+00  0.000000000000000E+00 0
 173     172.00     173.00  0.000000000000000E+00  0.000000000000000E+00 0
 174     173.00     174.00  0.000000000000000E+00  0.000000000000000E+00 0
 175     174.00     175.00  0.000000000000000E+00  0.000000000000000E+00 0
 176     175.00     176.00  0.000000000000000E+00  0.000000000000000E+00 0
 177     176.00     177.00  0.000000000000000E+00  0.000000000000000E+00 0
 178     177.00     178.00  0.000000000000000E+00  0.000000000000000E+00 0
 179     178.00     179.00  8.751830471502147E-06  2.154405993136246E-06 87017
 180     179.00     180.00  1.255934454065598E-04  1.258232767945005E-05 986778
 181     180.00     181.00  3.764632796680330E-04  2.214550067465515E-05 2705671
 182     181.00     182.00  8.200294920176574E-04  3.232338863212025E-05 4882835
 183     182.00     183.00  1.307515824173763E-03  4.406713546770793E-05 7246544
 184     183.00     184.00  2.118660802944037E-03  7.155286938224622E-05 9644062
 185     184.00     185.00  2.670674990776179E-03  8.009075993915852E-05 11965091
 186     185.00     186.00  3.591624064842702E-03  9.324400391884334E-05 14159600
 187     186.00     187.00  4.423591501417049E-03  1.328897468200190E-04 16204792
 188     187.00     188.00  4.633660935944938E-01  1.395245193960012E-03 1627750732
 189     188.00     189.00  0.000000000000000E+00  0.000000000000000E+00 0
 190     189.00     190.00  0.000000000000000E+00  0.000000000000000E+00 0
 191     190.00     191.00  0.000000000000000E+00  0.000000000000000E+00 0
 192     191.00     192.00  0.000000000000000E+00  0.000000000000000E+00 0
 193     192.00     193.00  0.000000000000000E+00  0.000000000000000E+00 0
 194     193.00     194.00  0.000000000000000E+00  0.000000000000000E+00 0
 195     194.00     195.00  0.000000000000000E+00  0.000000000000000E+00 0
 196     195.00     196.00  0.000000000000000E+00  0.000000000000000E+00 0
 197     196.00     197.00  0.000000000000000E+00  0.000000000000000E+00 0
 198     197.00     198.00  0.000000000000000E+00  0.000000000000000E+00 0
 199     198.00     199.00  0.000000000000000E+00  0.000000000000000E+00 0
 200     199.00     200.00  0.000000000000000E+00  0.000000000000000E+00 0
# Underflow:                 0.0000000000000000E+00  0.0000000000000000E+00 0
# Overflow:                  0.0000000000000000E+00  0.0000000000000000E+00 0
#-------------------------------------------------------------------------------------
# Sum:                       1.5012207544026701E+00  2.3109211154452077E-03 87709313
#=====================================================================================
# Number of generated events: 2180686951
