# BEGIN PLOT
LegendOnly=//itp/scratch/rauch/Projekte/VBFNLO/VBSCAN/VBSComparison/parton-shower/VBFNLO/VBFNLO-NLO.yoda/MC_VBSCAN_MCComparison/pT_j2 //itp/scratch/rauch/Projekte/VBFNLO/VBSCAN/VBSComparison/parton-shower/MG5_aMC/run_PY8_10M_NLOPS.yoda/MC_VBSCAN_MCComparison/pT_j2 //itp/scratch/rauch/Projekte/VBFNLO/VBSCAN/VBSComparison/parton-shower/MG5_aMC/run_PY8_5M_NLOPS_error_pdf.yoda/MC_VBSCAN_MCComparison/pT_j2
DrawOnly=//itp/scratch/rauch/Projekte/VBFNLO/VBSCAN/VBSComparison/parton-shower/VBFNLO/VBFNLO-NLO.yoda/MC_VBSCAN_MCComparison/pT_j2 //itp/scratch/rauch/Projekte/VBFNLO/VBSCAN/VBSComparison/parton-shower/MG5_aMC/run_PY8_10M_NLOPS.yoda/MC_VBSCAN_MCComparison/pT_j2 //itp/scratch/rauch/Projekte/VBFNLO/VBSCAN/VBSComparison/parton-shower/MG5_aMC/run_PY8_5M_NLOPS_error_pdf.yoda/MC_VBSCAN_MCComparison/pT_j2
YMax=2e-2
Title=Transverse momentum of the subleading jet
RatioPlotReference=//itp/scratch/rauch/Projekte/VBFNLO/VBSCAN/VBSComparison/parton-shower/VBFNLO/VBFNLO-NLO.yoda/MC_VBSCAN_MCComparison/pT_j2
RatioPlotSameStyle=1
RatioPlot=1
LogY=1
RatioPlotYLabel=Ratio
LegendXPos=0.53
XLabel=$p_{T,j2}$~[GeV]
XMax=1000
YLabel=$d~\sigma_{WW\to e^+\nu \mu^+\nu}/d~p_{T,j2}$~[fb/GeV]
XMin=25
YMin=1e-7
LegendYPos=0.99
Legend=1
# END PLOT

# BEGIN HISTO1D //itp/scratch/rauch/Projekte/VBFNLO/VBSCAN/VBSComparison/parton-shower/VBFNLO/VBFNLO-NLO.yoda/MC_VBSCAN_MCComparison/pT_j2
ErrorBandColor=red
ErrorBandOpacity=0.3
ErrorBands=1
LineColor=red
LineStyle=solid
Path=//itp/scratch/rauch/Projekte/VBFNLO/VBSCAN/VBSComparison/parton-shower/VBFNLO/VBFNLO-NLO.yoda/MC_VBSCAN_MCComparison/pT_j2
RatioPlotErrorBandColor=red
ScaledBy=1
Title=NLO
XLabel=
YLabel=
# xlow	 xhigh	 val	 errminus	 errplus
0.000000e+00	2.500000e+01	0.000000e+00	0.000000e+00	0.000000e+00
2.500000e+01	5.000000e+01	8.363479e-03	2.841617e-06	2.841617e-06
5.000000e+01	7.500000e+01	1.158105e-02	2.790823e-06	2.790823e-06
7.500000e+01	1.000000e+02	1.022768e-02	2.776562e-06	2.776562e-06
1.000000e+02	1.250000e+02	7.628560e-03	2.217990e-06	2.217990e-06
1.250000e+02	1.500000e+02	5.266012e-03	1.991462e-06	1.991462e-06
1.500000e+02	1.750000e+02	3.537826e-03	1.470076e-06	1.470076e-06
1.750000e+02	2.000000e+02	2.391068e-03	1.383152e-06	1.383152e-06
2.000000e+02	2.250000e+02	1.638747e-03	1.217891e-06	1.217891e-06
2.250000e+02	2.500000e+02	1.134991e-03	1.049051e-06	1.049051e-06
2.500000e+02	2.750000e+02	8.019610e-04	8.510933e-07	8.510933e-07
2.750000e+02	3.000000e+02	5.730661e-04	8.178060e-07	8.178060e-07
3.000000e+02	3.250000e+02	4.136568e-04	7.122245e-07	7.122245e-07
3.250000e+02	3.500000e+02	3.028587e-04	6.197282e-07	6.197282e-07
3.500000e+02	3.750000e+02	2.246620e-04	6.453002e-07	6.453002e-07
3.750000e+02	4.000000e+02	1.682726e-04	4.988795e-07	4.988795e-07
4.000000e+02	4.250000e+02	1.268862e-04	5.200877e-07	5.200877e-07
4.250000e+02	4.500000e+02	9.568477e-05	4.747534e-07	4.747534e-07
4.500000e+02	4.750000e+02	7.325553e-05	4.238578e-07	4.238578e-07
4.750000e+02	5.000000e+02	5.615127e-05	3.626599e-07	3.626599e-07
5.000000e+02	5.250000e+02	4.394005e-05	5.535230e-07	5.535230e-07
5.250000e+02	5.500000e+02	3.385875e-05	6.873135e-07	6.873135e-07
5.500000e+02	5.750000e+02	2.651695e-05	2.640982e-07	2.640982e-07
5.750000e+02	6.000000e+02	2.100264e-05	4.569039e-07	4.569039e-07
6.000000e+02	6.250000e+02	1.655829e-05	3.172364e-07	3.172364e-07
6.250000e+02	6.500000e+02	1.301163e-05	2.323833e-07	2.323833e-07
6.500000e+02	6.750000e+02	1.037541e-05	2.102080e-07	2.102080e-07
6.750000e+02	7.000000e+02	8.100432e-06	1.828257e-07	1.828257e-07
7.000000e+02	7.250000e+02	6.551096e-06	1.638916e-07	1.638916e-07
7.250000e+02	7.500000e+02	5.135334e-06	1.557451e-07	1.557451e-07
7.500000e+02	7.750000e+02	4.238673e-06	1.449066e-07	1.449066e-07
7.750000e+02	8.000000e+02	3.342700e-06	1.256602e-07	1.256602e-07
8.000000e+02	8.250000e+02	2.741976e-06	1.018101e-07	1.018101e-07
8.250000e+02	8.500000e+02	2.129165e-06	9.346354e-08	9.346354e-08
8.500000e+02	8.750000e+02	1.768151e-06	9.883005e-08	9.883005e-08
8.750000e+02	9.000000e+02	1.582142e-06	8.765584e-08	8.765584e-08
9.000000e+02	9.250000e+02	1.116422e-06	6.580885e-08	6.580885e-08
9.250000e+02	9.500000e+02	8.672878e-07	7.734608e-08	7.734608e-08
9.500000e+02	9.750000e+02	9.937442e-07	2.046666e-07	2.046666e-07
9.750000e+02	1.000000e+03	7.525655e-07	1.224474e-07	1.224474e-07
# END HISTO1D

# BEGIN HISTO1D //itp/scratch/rauch/Projekte/VBFNLO/VBSCAN/VBSComparison/parton-shower/MG5_aMC/run_PY8_10M_NLOPS.yoda/MC_VBSCAN_MCComparison/pT_j2
ErrorBandColor=brown
ErrorBandOpacity=0.3
ErrorBands=1
LineColor=brown
LineStyle=solid
Path=//itp/scratch/rauch/Projekte/VBFNLO/VBSCAN/VBSComparison/parton-shower/MG5_aMC/run_PY8_10M_NLOPS.yoda/MC_VBSCAN_MCComparison/pT_j2
RatioPlotErrorBandColor=brown
ScaledBy=9.99999999999999334e-01
Title=MG5_aMC+Pythia 8
XLabel=
YLabel=
# xlow	 xhigh	 val	 errminus	 errplus
0.000000e+00	2.500000e+01	0.000000e+00	0.000000e+00	0.000000e+00
2.500000e+01	5.000000e+01	8.534292e-03	5.645045e-05	5.645045e-05
5.000000e+01	7.500000e+01	1.264135e-02	6.822352e-05	6.822352e-05
7.500000e+01	1.000000e+02	1.100350e-02	6.308271e-05	6.308271e-05
1.000000e+02	1.250000e+02	8.137856e-03	5.361279e-05	5.361279e-05
1.250000e+02	1.500000e+02	5.523388e-03	4.390144e-05	4.390144e-05
1.500000e+02	1.750000e+02	3.709836e-03	3.559934e-05	3.559934e-05
1.750000e+02	2.000000e+02	2.485104e-03	2.893484e-05	2.893484e-05
2.000000e+02	2.250000e+02	1.701152e-03	2.365156e-05	2.365156e-05
2.250000e+02	2.500000e+02	1.125535e-03	1.938011e-05	1.938011e-05
2.500000e+02	2.750000e+02	8.540176e-04	1.620232e-05	1.620232e-05
2.750000e+02	3.000000e+02	6.017820e-04	1.353826e-05	1.353826e-05
3.000000e+02	3.250000e+02	4.053688e-04	1.146710e-05	1.146710e-05
3.250000e+02	3.500000e+02	3.165894e-04	9.693293e-06	9.693293e-06
3.500000e+02	3.750000e+02	2.423929e-04	8.314967e-06	8.314967e-06
3.750000e+02	4.000000e+02	1.662598e-04	7.081677e-06	7.081677e-06
4.000000e+02	4.250000e+02	1.175991e-04	6.051644e-06	6.051644e-06
4.250000e+02	4.500000e+02	8.881876e-05	5.233654e-06	5.233654e-06
4.500000e+02	4.750000e+02	7.917044e-05	4.681128e-06	4.681128e-06
4.750000e+02	5.000000e+02	5.472940e-05	4.059563e-06	4.059563e-06
5.000000e+02	5.250000e+02	5.006700e-05	3.486096e-06	3.486096e-06
5.250000e+02	5.500000e+02	3.407428e-05	3.000839e-06	3.000839e-06
5.500000e+02	5.750000e+02	2.179962e-05	2.566448e-06	2.566448e-06
5.750000e+02	6.000000e+02	1.778292e-05	2.250191e-06	2.250191e-06
6.000000e+02	6.250000e+02	1.354965e-05	2.013871e-06	2.013871e-06
6.250000e+02	6.500000e+02	1.175099e-05	1.792924e-06	1.792924e-06
6.500000e+02	6.750000e+02	9.418900e-06	1.608456e-06	1.608456e-06
6.750000e+02	7.000000e+02	8.040948e-06	1.363486e-06	1.363486e-06
7.000000e+02	7.250000e+02	6.986512e-06	1.305100e-06	1.305100e-06
7.250000e+02	7.500000e+02	3.812115e-06	1.058430e-06	1.058430e-06
7.500000e+02	7.750000e+02	3.809898e-06	9.579592e-07	9.579592e-07
7.750000e+02	8.000000e+02	3.813003e-06	9.228200e-07	9.228200e-07
8.000000e+02	8.250000e+02	2.540227e-06	7.920568e-07	7.920568e-07
8.250000e+02	8.500000e+02	2.224696e-06	6.613803e-07	6.613803e-07
8.500000e+02	8.750000e+02	1.694372e-06	5.599010e-07	5.599010e-07
8.750000e+02	9.000000e+02	9.514760e-07	5.078367e-07	5.078367e-07
9.000000e+02	9.250000e+02	1.481799e-06	5.187944e-07	5.187944e-07
9.250000e+02	9.500000e+02	1.376178e-06	4.098710e-07	4.098710e-07
9.500000e+02	9.750000e+02	7.428964e-07	3.820530e-07	3.820530e-07
9.750000e+02	1.000000e+03	1.059759e-06	3.671631e-07	3.671631e-07
# END HISTO1D

# BEGIN HISTO1D //itp/scratch/rauch/Projekte/VBFNLO/VBSCAN/VBSComparison/parton-shower/MG5_aMC/run_PY8_5M_NLOPS_error_pdf.yoda/MC_VBSCAN_MCComparison/pT_j2
ErrorBandColor=green
ErrorBandOpacity=0.3
ErrorBands=1
LineColor=green
LineStyle=solid
Path=//itp/scratch/rauch/Projekte/VBFNLO/VBSCAN/VBSComparison/parton-shower/MG5_aMC/run_PY8_5M_NLOPS_error_pdf.yoda/MC_VBSCAN_MCComparison/pT_j2
RatioPlotErrorBandColor=green
Title=MG5_aMC+Pythia 8(PDF)
# xlow	 xhigh	 val	 errminus	 errplus
0.000000e+00	2.500000e+01	0.000000e+00	0.000000e+00	0.000000e+00
2.500000e+01	5.000000e+01	8.734296e-03	3.422360e-04	4.072240e-04
5.000000e+01	7.500000e+01	1.277637e-02	5.084680e-04	6.327720e-04
7.500000e+01	1.000000e+02	1.119537e-02	4.715120e-04	5.860600e-04
1.000000e+02	1.250000e+02	8.199396e-03	4.499440e-04	4.479200e-04
1.250000e+02	1.500000e+02	5.491084e-03	3.629040e-04	3.881400e-04
1.500000e+02	1.750000e+02	3.759069e-03	1.820800e-04	2.215412e-04
1.750000e+02	2.000000e+02	2.504427e-03	1.445080e-04	1.778468e-04
2.000000e+02	2.250000e+02	1.667289e-03	7.032280e-05	1.111776e-04
2.250000e+02	2.500000e+02	1.146776e-03	5.772320e-05	8.165920e-05
2.500000e+02	2.750000e+02	7.931404e-04	4.177480e-05	6.056920e-05
2.750000e+02	3.000000e+02	5.888276e-04	4.420760e-05	4.499120e-05
3.000000e+02	3.250000e+02	4.464860e-04	2.639000e-05	3.528160e-05
3.250000e+02	3.500000e+02	3.119689e-04	2.687176e-05	3.311972e-05
3.500000e+02	3.750000e+02	2.218680e-04	2.213368e-05	1.889268e-05
3.750000e+02	4.000000e+02	1.791439e-04	1.993328e-05	1.698740e-05
4.000000e+02	4.250000e+02	1.211919e-04	1.051932e-05	1.574432e-05
4.250000e+02	4.500000e+02	9.834940e-05	1.012680e-05	1.117096e-05
4.500000e+02	4.750000e+02	6.535484e-05	7.062240e-06	7.143080e-06
4.750000e+02	5.000000e+02	5.562556e-05	1.121496e-05	5.692000e-06
5.000000e+02	5.250000e+02	4.082028e-05	1.698678e-05	1.272896e-05
5.250000e+02	5.500000e+02	3.722470e-05	1.005850e-05	7.355256e-06
5.500000e+02	5.750000e+02	2.770705e-05	3.938140e-06	3.753712e-06
5.750000e+02	6.000000e+02	1.755483e-05	2.889433e-05	1.960306e-05
6.000000e+02	6.250000e+02	1.882388e-05	1.404712e-05	1.675181e-05
6.250000e+02	6.500000e+02	1.142122e-05	8.483840e-07	1.061592e-06
6.500000e+02	6.750000e+02	1.057522e-05	5.132952e-06	5.578992e-06
6.750000e+02	7.000000e+02	7.614144e-06	2.034072e-06	2.396360e-06
7.000000e+02	7.250000e+02	7.402640e-06	7.019440e-07	6.045040e-07
7.250000e+02	7.500000e+02	3.384064e-06	3.334240e-07	3.406720e-07
7.500000e+02	7.750000e+02	1.269024e-06	1.527120e-07	1.132720e-07
7.750000e+02	8.000000e+02	2.115040e-06	1.964800e-07	1.950720e-07
8.000000e+02	8.250000e+02	4.229840e-07	2.153296e-06	2.165840e-06
8.250000e+02	8.500000e+02	1.903536e-06	2.271280e-07	1.782240e-07
8.500000e+02	8.750000e+02	2.538048e-06	3.598640e-07	3.760480e-07
8.750000e+02	9.000000e+02	1.480528e-06	1.086480e-07	1.285280e-07
9.000000e+02	9.250000e+02	1.692032e-06	2.028800e-07	1.684000e-07
9.250000e+02	9.500000e+02	2.115040e-07	2.384192e-06	2.273016e-06
9.500000e+02	9.750000e+02	1.057520e-06	5.279448e-06	1.154630e-05
9.750000e+02	1.000000e+03	0.000000e+00	1.420560e-07	1.396160e-07
# END HISTO1D

