# sig(all VBF cuts) index   0
   0.00000000D+00   0.10000000D+01   0.15573328D+01   0.35601873D-03


# Njets - inclusive index   1
  -0.50000000D+00   0.50000000D+00   0.00000000D+00   0.00000000D+00
   0.50000000D+00   0.15000000D+01   0.15573328D+01   0.35601873D-03
   0.15000000D+01   0.25000000D+01   0.15573328D+01   0.35601873D-03
   0.25000000D+01   0.35000000D+01   0.00000000D+00   0.00000000D+00
   0.35000000D+01   0.45000000D+01   0.00000000D+00   0.00000000D+00


# Njets - exclusive index   2
  -0.50000000D+00   0.50000000D+00   0.00000000D+00   0.00000000D+00
   0.50000000D+00   0.15000000D+01   0.00000000D+00   0.00000000D+00
   0.15000000D+01   0.25000000D+01   0.15573328D+01   0.35601873D-03
   0.25000000D+01   0.35000000D+01   0.00000000D+00   0.00000000D+00
   0.35000000D+01   0.45000000D+01   0.00000000D+00   0.00000000D+00


# M_j1j2(tag) - VBF CUTS index   3
   0.00000000D+00   0.10000000D+03   0.00000000D+00   0.00000000D+00
   0.10000000D+03   0.20000000D+03   0.00000000D+00   0.00000000D+00
   0.20000000D+03   0.30000000D+03   0.00000000D+00   0.00000000D+00
   0.30000000D+03   0.40000000D+03   0.00000000D+00   0.00000000D+00
   0.40000000D+03   0.50000000D+03   0.00000000D+00   0.00000000D+00
   0.50000000D+03   0.60000000D+03   0.90272692D-03   0.55337528D-06
   0.60000000D+03   0.70000000D+03   0.97859729D-03   0.52609728D-06
   0.70000000D+03   0.80000000D+03   0.10014843D-02   0.51559361D-06
   0.80000000D+03   0.90000000D+03   0.99071753D-03   0.48924823D-06
   0.90000000D+03   0.10000000D+04   0.95905496D-03   0.47743444D-06
   0.10000000D+04   0.11000000D+04   0.91262383D-03   0.45933566D-06
   0.11000000D+04   0.12000000D+04   0.86018492D-03   0.46585882D-06
   0.12000000D+04   0.13000000D+04   0.80414420D-03   0.44946010D-06
   0.13000000D+04   0.14000000D+04   0.74685357D-03   0.43703033D-06
   0.14000000D+04   0.15000000D+04   0.69045542D-03   0.44219842D-06
   0.15000000D+04   0.16000000D+04   0.63694616D-03   0.42523490D-06
   0.16000000D+04   0.17000000D+04   0.58438681D-03   0.42290464D-06
   0.17000000D+04   0.18000000D+04   0.53574809D-03   0.41681955D-06
   0.18000000D+04   0.19000000D+04   0.48991322D-03   0.46042276D-06
   0.19000000D+04   0.20000000D+04   0.44737118D-03   0.45541372D-06
   0.20000000D+04   0.21000000D+04   0.40731956D-03   0.41395862D-06
   0.21000000D+04   0.22000000D+04   0.37122396D-03   0.43553661D-06
   0.22000000D+04   0.23000000D+04   0.33683566D-03   0.41338358D-06
   0.23000000D+04   0.24000000D+04   0.30569080D-03   0.44218617D-06
   0.24000000D+04   0.25000000D+04   0.27685999D-03   0.48632832D-06
   0.25000000D+04   0.26000000D+04   0.25021447D-03   0.44823998D-06
   0.26000000D+04   0.27000000D+04   0.22520072D-03   0.47766742D-06
   0.27000000D+04   0.28000000D+04   0.20334711D-03   0.43972002D-06
   0.28000000D+04   0.29000000D+04   0.18327430D-03   0.46879599D-06
   0.29000000D+04   0.30000000D+04   0.16484572D-03   0.51305255D-06
   0.30000000D+04   0.31000000D+04   0.14750615D-03   0.48022387D-06
   0.31000000D+04   0.32000000D+04   0.13288327D-03   0.48905313D-06
   0.32000000D+04   0.33000000D+04   0.11845749D-03   0.45794833D-06
   0.33000000D+04   0.34000000D+04   0.10616614D-03   0.53746833D-06
   0.34000000D+04   0.35000000D+04   0.94577483D-04   0.48956382D-06
   0.35000000D+04   0.36000000D+04   0.84706103D-04   0.47308914D-06
   0.36000000D+04   0.37000000D+04   0.76602008D-04   0.52968198D-06
   0.37000000D+04   0.38000000D+04   0.67047833D-04   0.50975141D-06
   0.38000000D+04   0.39000000D+04   0.59113166D-04   0.47523678D-06
   0.39000000D+04   0.40000000D+04   0.52880653D-04   0.52658486D-06


# PT jet 1- VBF CUTS index   4
   0.00000000D+00   0.25000000D+02   0.00000000D+00   0.00000000D+00
   0.25000000D+02   0.50000000D+02   0.28281481D-03   0.62891913D-06
   0.50000000D+02   0.75000000D+02   0.19894426D-02   0.22104391D-05
   0.75000000D+02   0.10000000D+03   0.43393532D-02   0.48761154D-05
   0.10000000D+03   0.12500000D+03   0.60303321D-02   0.52004822D-05
   0.12500000D+03   0.15000000D+03   0.67504991D-02   0.53336850D-05
   0.15000000D+03   0.17500000D+03   0.66298128D-02   0.52655608D-05
   0.17500000D+03   0.20000000D+03   0.60157469D-02   0.51062824D-05
   0.20000000D+03   0.22500000D+03   0.52069138D-02   0.40732823D-05
   0.22500000D+03   0.25000000D+03   0.43838286D-02   0.33233160D-05
   0.25000000D+03   0.27500000D+03   0.36468725D-02   0.30000188D-05
   0.27500000D+03   0.30000000D+03   0.30036873D-02   0.26298155D-05
   0.30000000D+03   0.32500000D+03   0.24605896D-02   0.23625020D-05
   0.32500000D+03   0.35000000D+03   0.20122706D-02   0.19686335D-05
   0.35000000D+03   0.37500000D+03   0.16458825D-02   0.17359993D-05
   0.37500000D+03   0.40000000D+03   0.13488449D-02   0.15215688D-05
   0.40000000D+03   0.42500000D+03   0.11068256D-02   0.14386714D-05
   0.42500000D+03   0.45000000D+03   0.90802659D-03   0.11646383D-05
   0.45000000D+03   0.47500000D+03   0.74867399D-03   0.10512154D-05
   0.47500000D+03   0.50000000D+03   0.61613864D-03   0.91551372D-06
   0.50000000D+03   0.52500000D+03   0.51124538D-03   0.88765698D-06
   0.52500000D+03   0.55000000D+03   0.42142933D-03   0.74408768D-06
   0.55000000D+03   0.57500000D+03   0.35178368D-03   0.68016212D-06
   0.57500000D+03   0.60000000D+03   0.29344357D-03   0.61545287D-06
   0.60000000D+03   0.62500000D+03   0.24492755D-03   0.55181326D-06
   0.62500000D+03   0.65000000D+03   0.20548704D-03   0.50249427D-06
   0.65000000D+03   0.67500000D+03   0.17277891D-03   0.47502526D-06
   0.67500000D+03   0.70000000D+03   0.14406203D-03   0.42153692D-06
   0.70000000D+03   0.72500000D+03   0.12201343D-03   0.41639347D-06
   0.72500000D+03   0.75000000D+03   0.10373532D-03   0.37691791D-06
   0.75000000D+03   0.77500000D+03   0.86523685D-04   0.32714495D-06
   0.77500000D+03   0.80000000D+03   0.73645267D-04   0.31564362D-06
   0.80000000D+03   0.82500000D+03   0.62288637D-04   0.27652516D-06
   0.82500000D+03   0.85000000D+03   0.52769467D-04   0.25330761D-06
   0.85000000D+03   0.87500000D+03   0.45505888D-04   0.24419371D-06
   0.87500000D+03   0.90000000D+03   0.38496450D-04   0.24165633D-06
   0.90000000D+03   0.92500000D+03   0.32848764D-04   0.20059797D-06
   0.92500000D+03   0.95000000D+03   0.28392055D-04   0.19739169D-06
   0.95000000D+03   0.97500000D+03   0.24062701D-04   0.22477825D-06
   0.97500000D+03   0.10000000D+04   0.20435619D-04   0.16024070D-06


# PT jet 2- VBF CUTS index   5
   0.00000000D+00   0.25000000D+02   0.00000000D+00   0.00000000D+00
   0.25000000D+02   0.50000000D+02   0.74802710D-02   0.52022449D-05
   0.50000000D+02   0.75000000D+02   0.12269901D-01   0.72419903D-05
   0.75000000D+02   0.10000000D+03   0.11479681D-01   0.69568845D-05
   0.10000000D+03   0.12500000D+03   0.89449893D-02   0.58146390D-05
   0.12500000D+03   0.15000000D+03   0.64075278D-02   0.42974667D-05
   0.15000000D+03   0.17500000D+03   0.44461322D-02   0.32498245D-05
   0.17500000D+03   0.20000000D+03   0.30883391D-02   0.24481775D-05
   0.20000000D+03   0.22500000D+03   0.21684676D-02   0.17787099D-05
   0.22500000D+03   0.25000000D+03   0.15393372D-02   0.13827732D-05
   0.25000000D+03   0.27500000D+03   0.11094880D-02   0.11940382D-05
   0.27500000D+03   0.30000000D+03   0.80860859D-03   0.93025331D-06
   0.30000000D+03   0.32500000D+03   0.59841654D-03   0.78827662D-06
   0.32500000D+03   0.35000000D+03   0.44543737D-03   0.61993659D-06
   0.35000000D+03   0.37500000D+03   0.33533156D-03   0.54014606D-06
   0.37500000D+03   0.40000000D+03   0.25473275D-03   0.45029992D-06
   0.40000000D+03   0.42500000D+03   0.19487022D-03   0.35832134D-06
   0.42500000D+03   0.45000000D+03   0.15059020D-03   0.32165909D-06
   0.45000000D+03   0.47500000D+03   0.11764669D-03   0.28696552D-06
   0.47500000D+03   0.50000000D+03   0.92011570D-04   0.25171608D-06
   0.50000000D+03   0.52500000D+03   0.71766569D-04   0.21292384D-06
   0.52500000D+03   0.55000000D+03   0.56888179D-04   0.18992995D-06
   0.55000000D+03   0.57500000D+03   0.44893594D-04   0.16373378D-06
   0.57500000D+03   0.60000000D+03   0.36079500D-04   0.14817866D-06
   0.60000000D+03   0.62500000D+03   0.28955810D-04   0.14078179D-06
   0.62500000D+03   0.65000000D+03   0.23077195D-04   0.11647260D-06
   0.65000000D+03   0.67500000D+03   0.18576012D-04   0.10094526D-06
   0.67500000D+03   0.70000000D+03   0.14993769D-04   0.92846827D-07
   0.70000000D+03   0.72500000D+03   0.12156335D-04   0.88265436D-07
   0.72500000D+03   0.75000000D+03   0.10012330D-04   0.83576974D-07
   0.75000000D+03   0.77500000D+03   0.79496653D-05   0.68405871D-07
   0.77500000D+03   0.80000000D+03   0.65833610D-05   0.68430782D-07
   0.80000000D+03   0.82500000D+03   0.53254747D-05   0.59431376D-07
   0.82500000D+03   0.85000000D+03   0.43984956D-05   0.54691480D-07
   0.85000000D+03   0.87500000D+03   0.35821876D-05   0.52068156D-07
   0.87500000D+03   0.90000000D+03   0.29037245D-05   0.44833149D-07
   0.90000000D+03   0.92500000D+03   0.23674769D-05   0.42435326D-07
   0.92500000D+03   0.95000000D+03   0.19903524D-05   0.39656192D-07
   0.95000000D+03   0.97500000D+03   0.16626662D-05   0.40484842D-07
   0.97500000D+03   0.10000000D+04   0.12634865D-05   0.29513572D-07


# Y jet 1- VBF CUTS index   6
  -0.50000000D+01  -0.45000000D+01   0.00000000D+00   0.00000000D+00
  -0.45000000D+01  -0.40000000D+01   0.15932632D-01   0.17367610D-03
  -0.40000000D+01  -0.35000000D+01   0.62691076D-01   0.23587547D-03
  -0.35000000D+01  -0.30000000D+01   0.15662293D+00   0.25572911D-03
  -0.30000000D+01  -0.25000000D+01   0.26355160D+00   0.21856062D-03
  -0.25000000D+01  -0.20000000D+01   0.32002543D+00   0.16276305D-03
  -0.20000000D+01  -0.15000000D+01   0.29753168D+00   0.12919323D-03
  -0.15000000D+01  -0.10000000D+01   0.22112957D+00   0.10229314D-03
  -0.10000000D+01  -0.50000000D+00   0.13645227D+00   0.90610199D-04
  -0.50000000D+00   0.00000000D+00   0.83706239D-01   0.88350326D-04
   0.00000000D+00   0.50000000D+00   0.83739580D-01   0.87213989D-04
   0.50000000D+00   0.10000000D+01   0.13640790D+00   0.91067927D-04
   0.10000000D+01   0.15000000D+01   0.22101513D+00   0.10319709D-03
   0.15000000D+01   0.20000000D+01   0.29779113D+00   0.12331966D-03
   0.20000000D+01   0.25000000D+01   0.31952868D+00   0.16033075D-03
   0.25000000D+01   0.30000000D+01   0.26361001D+00   0.21653101D-03
   0.30000000D+01   0.35000000D+01   0.15630188D+00   0.25458662D-03
   0.35000000D+01   0.40000000D+01   0.62816256D-01   0.22087440D-03
   0.40000000D+01   0.45000000D+01   0.15811558D-01   0.13958614D-03
   0.45000000D+01   0.50000000D+01   0.00000000D+00   0.00000000D+00


# Y jet 2- VBF CUTS index   7
  -0.50000000D+01  -0.45000000D+01   0.00000000D+00   0.00000000D+00
  -0.45000000D+01  -0.40000000D+01   0.75700987D-01   0.23193588D-03
  -0.40000000D+01  -0.35000000D+01   0.16302939D+00   0.27950639D-03
  -0.35000000D+01  -0.30000000D+01   0.25345372D+00   0.22341190D-03
  -0.30000000D+01  -0.25000000D+01   0.30354070D+00   0.17460536D-03
  -0.25000000D+01  -0.20000000D+01   0.28828533D+00   0.13241095D-03
  -0.20000000D+01  -0.15000000D+01   0.22368961D+00   0.95817038D-04
  -0.15000000D+01  -0.10000000D+01   0.14223984D+00   0.68796387D-04
  -0.10000000D+01  -0.50000000D+00   0.72958750D-01   0.49596218D-04
  -0.50000000D+00   0.00000000D+00   0.34072052D-01   0.37100743D-04
   0.00000000D+00   0.50000000D+00   0.34214653D-01   0.40038927D-04
   0.50000000D+00   0.10000000D+01   0.73014121D-01   0.50255715D-04
   0.10000000D+01   0.15000000D+01   0.14210976D+00   0.67612643D-04
   0.15000000D+01   0.20000000D+01   0.22356962D+00   0.96872813D-04
   0.20000000D+01   0.25000000D+01   0.28805829D+00   0.12938169D-03
   0.25000000D+01   0.30000000D+01   0.30365007D+00   0.17353234D-03
   0.30000000D+01   0.35000000D+01   0.25424689D+00   0.24144152D-03
   0.35000000D+01   0.40000000D+01   0.16284364D+00   0.27879583D-03
   0.40000000D+01   0.45000000D+01   0.75988123D-01   0.25987028D-03
   0.45000000D+01   0.50000000D+01   0.00000000D+00   0.00000000D+00


# M(l1l2)- VBF CUTS index   8
   0.00000000D+00   0.10000000D+03   0.58390062D-02   0.26207561D-05
   0.10000000D+03   0.20000000D+03   0.57926037D-02   0.21185231D-05
   0.20000000D+03   0.30000000D+03   0.22175939D-02   0.98935099D-06
   0.30000000D+03   0.40000000D+03   0.90254431D-03   0.55585388D-06
   0.40000000D+03   0.50000000D+03   0.40259494D-03   0.31788503D-06
   0.50000000D+03   0.60000000D+03   0.19368304D-03   0.21742341D-06
   0.60000000D+03   0.70000000D+03   0.99127897D-04   0.17654928D-06
   0.70000000D+03   0.80000000D+03   0.53020416D-04   0.95744199D-07
   0.80000000D+03   0.90000000D+03   0.29649172D-04   0.74053610D-07
   0.90000000D+03   0.10000000D+04   0.16925078D-04   0.45948211D-07
   0.10000000D+04   0.11000000D+04   0.10030336D-04   0.49353097D-07
   0.11000000D+04   0.12000000D+04   0.60566503D-05   0.26878421D-07
   0.12000000D+04   0.13000000D+04   0.38053634D-05   0.29976094D-07
   0.13000000D+04   0.14000000D+04   0.23414980D-05   0.15576989D-07
   0.14000000D+04   0.15000000D+04   0.14725579D-05   0.10124133D-07
   0.15000000D+04   0.16000000D+04   0.96421448D-06   0.93925208D-08
   0.16000000D+04   0.17000000D+04   0.63103552D-06   0.84018047D-08
   0.17000000D+04   0.18000000D+04   0.44072611D-06   0.20406672D-07
   0.18000000D+04   0.19000000D+04   0.26836674D-06   0.38191003D-08
   0.19000000D+04   0.20000000D+04   0.17953161D-06   0.34971575D-08
   0.20000000D+04   0.21000000D+04   0.12092207D-06   0.21732111D-08
   0.21000000D+04   0.22000000D+04   0.80601390D-07   0.16149930D-08
   0.22000000D+04   0.23000000D+04   0.56300453D-07   0.27024383D-08
   0.23000000D+04   0.24000000D+04   0.38250787D-07   0.12760477D-08
   0.24000000D+04   0.25000000D+04   0.26336311D-07   0.78357007D-09
   0.25000000D+04   0.26000000D+04   0.20486006D-07   0.17528467D-08
   0.26000000D+04   0.27000000D+04   0.13933903D-07   0.14678122D-08
   0.27000000D+04   0.28000000D+04   0.93728531D-08   0.44587795D-09
   0.28000000D+04   0.29000000D+04   0.65948593D-08   0.55724843D-09
   0.29000000D+04   0.30000000D+04   0.47085005D-08   0.24297770D-09
   0.30000000D+04   0.31000000D+04   0.33497882D-08   0.26507539D-09
   0.31000000D+04   0.32000000D+04   0.24001350D-08   0.24950565D-09
   0.32000000D+04   0.33000000D+04   0.15965391D-08   0.13043513D-09
   0.33000000D+04   0.34000000D+04   0.11269577D-08   0.13646432D-09
   0.34000000D+04   0.35000000D+04   0.75503258D-09   0.71105847D-10
   0.35000000D+04   0.36000000D+04   0.56810546D-09   0.48301107D-10
   0.36000000D+04   0.37000000D+04   0.44362587D-09   0.52858023D-10
   0.37000000D+04   0.38000000D+04   0.30770576D-09   0.28826786D-10
   0.38000000D+04   0.39000000D+04   0.19102697D-09   0.23147090D-10
   0.39000000D+04   0.40000000D+04   0.14387556D-09   0.23382545D-10


# zstar -electron- VBF CUTS index   9
   0.00000000D+00   0.50000000D-01   0.41975295D+01   0.29268966D-02
   0.50000000D-01   0.10000000D+00   0.41022204D+01   0.28210640D-02
   0.10000000D+00   0.15000000D+00   0.39209038D+01   0.26578666D-02
   0.15000000D+00   0.20000000D+00   0.36604135D+01   0.28240983D-02
   0.20000000D+00   0.25000000D+00   0.32990523D+01   0.25454681D-02
   0.25000000D+00   0.30000000D+00   0.28693523D+01   0.21884674D-02
   0.30000000D+00   0.35000000D+00   0.23900656D+01   0.19336283D-02
   0.35000000D+00   0.40000000D+00   0.19025829D+01   0.14253386D-02
   0.40000000D+00   0.45000000D+00   0.14182208D+01   0.10560219D-02
   0.45000000D+00   0.50000000D+00   0.98267628D+00   0.80756387D-03
   0.50000000D+00   0.55000000D+00   0.70289403D+00   0.64544548D-03
   0.55000000D+00   0.60000000D+00   0.51594486D+00   0.49955540D-03
   0.60000000D+00   0.65000000D+00   0.36891969D+00   0.39879365D-03
   0.65000000D+00   0.70000000D+00   0.25433484D+00   0.32230774D-03
   0.70000000D+00   0.75000000D+00   0.17591098D+00   0.27808241D-03
   0.75000000D+00   0.80000000D+00   0.12082730D+00   0.22961348D-03
   0.80000000D+00   0.85000000D+00   0.83047313D-01   0.19268164D-03
   0.85000000D+00   0.90000000D+00   0.57637394D-01   0.16711374D-03
   0.90000000D+00   0.95000000D+00   0.39545329D-01   0.14130325D-03
   0.95000000D+00   0.10000000D+01   0.27150541D-01   0.11456808D-03
   0.10000000D+01   0.10500000D+01   0.18821192D-01   0.11599134D-03
   0.10500000D+01   0.11000000D+01   0.12735047D-01   0.10736631D-03
   0.11000000D+01   0.11500000D+01   0.86664708D-02   0.83263616D-04
   0.11500000D+01   0.12000000D+01   0.58695395D-02   0.61022883D-04
   0.12000000D+01   0.12500000D+01   0.39234468D-02   0.70982255D-04
   0.12500000D+01   0.13000000D+01   0.26718279D-02   0.56136034D-04
   0.13000000D+01   0.13500000D+01   0.17302764D-02   0.50080351D-04
   0.13500000D+01   0.14000000D+01   0.11101340D-02   0.37274325D-04
   0.14000000D+01   0.14500000D+01   0.79629504D-03   0.59354650D-04
   0.14500000D+01   0.15000000D+01   0.48681123D-03   0.37611943D-04


# zstar -muon- VBF CUTS index  10
   0.00000000D+00   0.50000000D-01   0.41959954D+01   0.30487368D-02
   0.50000000D-01   0.10000000D+00   0.41052931D+01   0.28786329D-02
   0.10000000D+00   0.15000000D+00   0.39225843D+01   0.27711555D-02
   0.15000000D+00   0.20000000D+00   0.36547045D+01   0.26419636D-02
   0.20000000D+00   0.25000000D+00   0.33006319D+01   0.24527780D-02
   0.25000000D+00   0.30000000D+00   0.28676187D+01   0.21048020D-02
   0.30000000D+00   0.35000000D+00   0.23885558D+01   0.19060489D-02
   0.35000000D+00   0.40000000D+00   0.19046593D+01   0.14723084D-02
   0.40000000D+00   0.45000000D+00   0.14188610D+01   0.11103979D-02
   0.45000000D+00   0.50000000D+00   0.98441545D+00   0.80801879D-03
   0.50000000D+00   0.55000000D+00   0.70240906D+00   0.61765776D-03
   0.55000000D+00   0.60000000D+00   0.51584831D+00   0.50323457D-03
   0.60000000D+00   0.65000000D+00   0.36988141D+00   0.45735953D-03
   0.65000000D+00   0.70000000D+00   0.25408735D+00   0.32001994D-03
   0.70000000D+00   0.75000000D+00   0.17587706D+00   0.26490052D-03
   0.75000000D+00   0.80000000D+00   0.12073940D+00   0.21625277D-03
   0.80000000D+00   0.85000000D+00   0.83227723D-01   0.18562971D-03
   0.85000000D+00   0.90000000D+00   0.57194780D-01   0.15545971D-03
   0.90000000D+00   0.95000000D+00   0.39809564D-01   0.15530268D-03
   0.95000000D+00   0.10000000D+01   0.27008754D-01   0.11265496D-03
   0.10000000D+01   0.10500000D+01   0.18853408D-01   0.10717562D-03
   0.10500000D+01   0.11000000D+01   0.12830843D-01   0.93065163D-04
   0.11000000D+01   0.11500000D+01   0.85936988D-02   0.78261435D-04
   0.11500000D+01   0.12000000D+01   0.59440750D-02   0.87797921D-04
   0.12000000D+01   0.12500000D+01   0.39912790D-02   0.71007673D-04
   0.12500000D+01   0.13000000D+01   0.25536122D-02   0.47667871D-04
   0.13000000D+01   0.13500000D+01   0.16714782D-02   0.50850269D-04
   0.13500000D+01   0.14000000D+01   0.10330906D-02   0.30356691D-04
   0.14000000D+01   0.14500000D+01   0.63902632D-03   0.23121470D-04
   0.14500000D+01   0.15000000D+01   0.42700917D-03   0.19299978D-04


