  +0.0000000e+00   +2.5000000e+01   +0.0000000e+00   +0.0000000e+00  +0.0000000e+00   +0.0000000e+00   +0.0000000e+00   +0.0000000e+00   +0.0000000e+00   +0.0000000e+00   +0.0000000e+00   +0.0000000e+00   +0.0000000e+00   +0.0000000e+00   +0.0000000e+00   +0.0000000e+00
  +2.5000000e+01   +5.0000000e+01   +6.9420046e-06   +1.2416830e-07  +6.9420046e-06   +6.5746274e-06   +7.3420300e-06   +6.9420046e-06   +6.9420046e-06   +6.9420046e-06   +6.5746274e-06   +6.5746274e-06   +6.5746274e-06   +7.3420300e-06   +7.3420300e-06   +7.3420300e-06
  +5.0000000e+01   +7.5000000e+01   +4.8945748e-05   +2.3402914e-07  +4.8945748e-05   +4.6093823e-05   +5.2113173e-05   +4.8945748e-05   +4.8945748e-05   +4.8945748e-05   +4.6093823e-05   +4.6093823e-05   +4.6093823e-05   +5.2113173e-05   +5.2113173e-05   +5.2113173e-05
  +7.5000000e+01   +1.0000000e+02   +1.0698616e-04   +4.2523723e-07  +1.0698616e-04   +1.0024180e-04   +1.1460702e-04   +1.0698616e-04   +1.0698616e-04   +1.0698616e-04   +1.0024180e-04   +1.0024180e-04   +1.0024180e-04   +1.1460702e-04   +1.1460702e-04   +1.1460702e-04
  +1.0000000e+02   +1.2500000e+02   +1.4924296e-04   +1.1498793e-06  +1.4924296e-04   +1.3937158e-04   +1.6051322e-04   +1.4924296e-04   +1.4924296e-04   +1.4924296e-04   +1.3937158e-04   +1.3937158e-04   +1.3937158e-04   +1.6051322e-04   +1.6051322e-04   +1.6051322e-04
  +1.2500000e+02   +1.5000000e+02   +1.6724104e-04   +5.4732900e-07  +1.6724104e-04   +1.5573784e-04   +1.8046397e-04   +1.6724104e-04   +1.6724104e-04   +1.6724104e-04   +1.5573784e-04   +1.5573784e-04   +1.5573784e-04   +1.8046397e-04   +1.8046397e-04   +1.8046397e-04
  +1.5000000e+02   +1.7500000e+02   +1.6425637e-04   +4.8534088e-07  +1.6425637e-04   +1.5246579e-04   +1.7791088e-04   +1.6425637e-04   +1.6425637e-04   +1.6425637e-04   +1.5246579e-04   +1.5246579e-04   +1.5246579e-04   +1.7791088e-04   +1.7791088e-04   +1.7791088e-04
  +1.7500000e+02   +2.0000000e+02   +1.4971176e-04   +8.1492060e-07  +1.4971176e-04   +1.3843116e-04   +1.6288218e-04   +1.4971176e-04   +1.4971176e-04   +1.4971176e-04   +1.3843116e-04   +1.3843116e-04   +1.3843116e-04   +1.6288218e-04   +1.6288218e-04   +1.6288218e-04
  +2.0000000e+02   +2.2500000e+02   +1.2934366e-04   +3.8937663e-07  +1.2934366e-04   +1.1904907e-04   +1.4146875e-04   +1.2934366e-04   +1.2934366e-04   +1.2934366e-04   +1.1904907e-04   +1.1904907e-04   +1.1904907e-04   +1.4146875e-04   +1.4146875e-04   +1.4146875e-04
  +2.2500000e+02   +2.5000000e+02   +1.0861942e-04   +2.9180630e-07  +1.0861942e-04   +9.9616670e-05   +1.1928660e-04   +1.0861942e-04   +1.0861942e-04   +1.0861942e-04   +9.9616670e-05   +9.9616670e-05   +9.9616670e-05   +1.1928660e-04   +1.1928660e-04   +1.1928660e-04
  +2.5000000e+02   +2.7500000e+02   +9.0301345e-05   +3.0338878e-07  +9.0301345e-05   +8.2501515e-05   +9.9600428e-05   +9.0301345e-05   +9.0301345e-05   +9.0301345e-05   +8.2501515e-05   +8.2501515e-05   +8.2501515e-05   +9.9600428e-05   +9.9600428e-05   +9.9600428e-05
  +2.7500000e+02   +3.0000000e+02   +7.4194779e-05   +2.2674478e-07  +7.4194779e-05   +6.7535475e-05   +8.2182505e-05   +7.4194779e-05   +7.4194779e-05   +7.4194779e-05   +6.7535475e-05   +6.7535475e-05   +6.7535475e-05   +8.2182505e-05   +8.2182505e-05   +8.2182505e-05
  +3.0000000e+02   +3.2500000e+02   +6.0652914e-05   +1.7394686e-07  +6.0652914e-05   +5.5017875e-05   +6.7448697e-05   +6.0652914e-05   +6.0652914e-05   +6.0652914e-05   +5.5017875e-05   +5.5017875e-05   +5.5017875e-05   +6.7448697e-05   +6.7448697e-05   +6.7448697e-05
  +3.2500000e+02   +3.5000000e+02   +5.0769396e-05   +7.7162148e-07  +5.0769396e-05   +4.5888940e-05   +5.6689047e-05   +5.0769396e-05   +5.0769396e-05   +5.0769396e-05   +4.5888940e-05   +4.5888940e-05   +4.5888940e-05   +5.6689047e-05   +5.6689047e-05   +5.6689047e-05
  +3.5000000e+02   +3.7500000e+02   +4.0902901e-05   +1.7269807e-07  +4.0902901e-05   +3.6826932e-05   +4.5874830e-05   +4.0902901e-05   +4.0902901e-05   +4.0902901e-05   +3.6826932e-05   +3.6826932e-05   +3.6826932e-05   +4.5874830e-05   +4.5874830e-05   +4.5874830e-05
  +3.7500000e+02   +4.0000000e+02   +3.2964647e-05   +7.3456534e-08  +3.2964647e-05   +2.9593252e-05   +3.7094641e-05   +3.2964647e-05   +3.2964647e-05   +3.2964647e-05   +2.9593252e-05   +2.9593252e-05   +2.9593252e-05   +3.7094641e-05   +3.7094641e-05   +3.7094641e-05
  +4.0000000e+02   +4.2500000e+02   +2.7867897e-05   +6.4957948e-07  +2.7867897e-05   +2.4890861e-05   +3.1545173e-05   +2.7867897e-05   +2.7867897e-05   +2.7867897e-05   +2.4890861e-05   +2.4890861e-05   +2.4890861e-05   +3.1545173e-05   +3.1545173e-05   +3.1545173e-05
  +4.2500000e+02   +4.5000000e+02   +2.2265274e-05   +7.5947117e-08  +2.2265274e-05   +1.9867487e-05   +2.5227275e-05   +2.2265274e-05   +2.2265274e-05   +2.2265274e-05   +1.9867487e-05   +1.9867487e-05   +1.9867487e-05   +2.5227275e-05   +2.5227275e-05   +2.5227275e-05
  +4.5000000e+02   +4.7500000e+02   +1.8308270e-05   +6.0973218e-08  +1.8308270e-05   +1.6286397e-05   +2.0816162e-05   +1.8308270e-05   +1.8308270e-05   +1.8308270e-05   +1.6286397e-05   +1.6286397e-05   +1.6286397e-05   +2.0816162e-05   +2.0816162e-05   +2.0816162e-05
  +4.7500000e+02   +5.0000000e+02   +1.5303055e-05   +1.1510126e-07  +1.5303055e-05   +1.3572807e-05   +1.7457627e-05   +1.5303055e-05   +1.5303055e-05   +1.5303055e-05   +1.3572807e-05   +1.3572807e-05   +1.3572807e-05   +1.7457627e-05   +1.7457627e-05   +1.7457627e-05
  +5.0000000e+02   +5.2500000e+02   +1.2583908e-05   +5.7903195e-08  +1.2583908e-05   +1.1126812e-05   +1.4406497e-05   +1.2583908e-05   +1.2583908e-05   +1.2583908e-05   +1.1126812e-05   +1.1126812e-05   +1.1126812e-05   +1.4406497e-05   +1.4406497e-05   +1.4406497e-05
  +5.2500000e+02   +5.5000000e+02   +1.0507092e-05   +5.8969937e-08  +1.0507092e-05   +9.2660527e-06   +1.2064219e-05   +1.0507092e-05   +1.0507092e-05   +1.0507092e-05   +9.2660527e-06   +9.2660527e-06   +9.2660527e-06   +1.2064219e-05   +1.2064219e-05   +1.2064219e-05
  +5.5000000e+02   +5.7500000e+02   +8.6781460e-06   +5.8256869e-08  +8.6781460e-06   +7.6338940e-06   +9.9925889e-06   +8.6781460e-06   +8.6781460e-06   +8.6781460e-06   +7.6338940e-06   +7.6338940e-06   +7.6338940e-06   +9.9925889e-06   +9.9925889e-06   +9.9925889e-06
  +5.7500000e+02   +6.0000000e+02   +7.2409127e-06   +4.1049846e-08  +7.2409127e-06   +6.3521116e-06   +8.3636008e-06   +7.2409127e-06   +7.2409127e-06   +7.2409127e-06   +6.3521116e-06   +6.3521116e-06   +6.3521116e-06   +8.3636008e-06   +8.3636008e-06   +8.3636008e-06
  +6.0000000e+02   +6.2500000e+02   +5.9874364e-06   +2.5178056e-08  +5.9874364e-06   +5.2370604e-06   +6.9389996e-06   +5.9874364e-06   +5.9874364e-06   +5.9874364e-06   +5.2370604e-06   +5.2370604e-06   +5.2370604e-06   +6.9389996e-06   +6.9389996e-06   +6.9389996e-06
  +6.2500000e+02   +6.5000000e+02   +5.0736257e-06   +3.0532717e-08  +5.0736257e-06   +4.4246524e-06   +5.8997445e-06   +5.0736257e-06   +5.0736257e-06   +5.0736257e-06   +4.4246524e-06   +4.4246524e-06   +4.4246524e-06   +5.8997445e-06   +5.8997445e-06   +5.8997445e-06
  +6.5000000e+02   +6.7500000e+02   +4.2000191e-06   +2.3156608e-08  +4.2000191e-06   +3.6541519e-06   +4.8970633e-06   +4.2000191e-06   +4.2000191e-06   +4.2000191e-06   +3.6541519e-06   +3.6541519e-06   +3.6541519e-06   +4.8970633e-06   +4.8970633e-06   +4.8970633e-06
  +6.7500000e+02   +7.0000000e+02   +3.5419860e-06   +1.9249891e-08  +3.5419860e-06   +3.0746740e-06   +4.1404270e-06   +3.5419860e-06   +3.5419860e-06   +3.5419860e-06   +3.0746740e-06   +3.0746740e-06   +3.0746740e-06   +4.1404270e-06   +4.1404270e-06   +4.1404270e-06
  +7.0000000e+02   +7.2500000e+02   +2.9849010e-06   +1.8719477e-08  +2.9849010e-06   +2.5855161e-06   +3.4975156e-06   +2.9849010e-06   +2.9849010e-06   +2.9849010e-06   +2.5855161e-06   +2.5855161e-06   +2.5855161e-06   +3.4975156e-06   +3.4975156e-06   +3.4975156e-06
  +7.2500000e+02   +7.5000000e+02   +2.5142186e-06   +1.8112940e-08  +2.5142186e-06   +2.1732045e-06   +2.9531093e-06   +2.5142186e-06   +2.5142186e-06   +2.5142186e-06   +2.1732045e-06   +2.1732045e-06   +2.1732045e-06   +2.9531093e-06   +2.9531093e-06   +2.9531093e-06
  +7.5000000e+02   +7.7500000e+02   +2.1218726e-06   +1.2443514e-08  +2.1218726e-06   +1.8287246e-06   +2.5005562e-06   +2.1218726e-06   +2.1218726e-06   +2.1218726e-06   +1.8287246e-06   +1.8287246e-06   +1.8287246e-06   +2.5005562e-06   +2.5005562e-06   +2.5005562e-06
  +7.7500000e+02   +8.0000000e+02   +1.9159628e-06   +1.1357382e-07  +1.9159628e-06   +1.6510062e-06   +2.2582128e-06   +1.9159628e-06   +1.9159628e-06   +1.9159628e-06   +1.6510062e-06   +1.6510062e-06   +1.6510062e-06   +2.2582128e-06   +2.2582128e-06   +2.2582128e-06
  +8.0000000e+02   +8.2500000e+02   +1.5325146e-06   +1.3170302e-08  +1.5325146e-06   +1.3144057e-06   +1.8158859e-06   +1.5325146e-06   +1.5325146e-06   +1.5325146e-06   +1.3144057e-06   +1.3144057e-06   +1.3144057e-06   +1.8158859e-06   +1.8158859e-06   +1.8158859e-06
  +8.2500000e+02   +8.5000000e+02   +1.2954032e-06   +1.0457857e-08  +1.2954032e-06   +1.1087878e-06   +1.5384691e-06   +1.2954032e-06   +1.2954032e-06   +1.2954032e-06   +1.1087878e-06   +1.1087878e-06   +1.1087878e-06   +1.5384691e-06   +1.5384691e-06   +1.5384691e-06
  +8.5000000e+02   +8.7500000e+02   +1.1049074e-06   +1.6417238e-08  +1.1049074e-06   +9.4325659e-07   +1.3160826e-06   +1.1049074e-06   +1.1049074e-06   +1.1049074e-06   +9.4325659e-07   +9.4325659e-07   +9.4325659e-07   +1.3160826e-06   +1.3160826e-06   +1.3160826e-06
  +8.7500000e+02   +9.0000000e+02   +9.5206682e-07   +1.1496903e-08  +9.5206682e-07   +8.1182107e-07   +1.1355116e-06   +9.5206682e-07   +9.5206682e-07   +9.5206682e-07   +8.1182107e-07   +8.1182107e-07   +8.1182107e-07   +1.1355116e-06   +1.1355116e-06   +1.1355116e-06
  +9.0000000e+02   +9.2500000e+02   +7.9404093e-07   +8.2753026e-09  +7.9404093e-07   +6.7561558e-07   +9.4934815e-07   +7.9404093e-07   +7.9404093e-07   +7.9404093e-07   +6.7561558e-07   +6.7561558e-07   +6.7561558e-07   +9.4934815e-07   +9.4934815e-07   +9.4934815e-07
  +9.2500000e+02   +9.5000000e+02   +6.7993864e-07   +6.1837557e-09  +6.7993864e-07   +5.7736159e-07   +8.1482228e-07   +6.7993864e-07   +6.7993864e-07   +6.7993864e-07   +5.7736159e-07   +5.7736159e-07   +5.7736159e-07   +8.1482228e-07   +8.1482228e-07   +8.1482228e-07
  +9.5000000e+02   +9.7500000e+02   +5.8909798e-07   +6.8563166e-09  +5.8909798e-07   +4.9895660e-07   +7.0794435e-07   +5.8909798e-07   +5.8909798e-07   +5.8909798e-07   +4.9895660e-07   +4.9895660e-07   +4.9895660e-07   +7.0794435e-07   +7.0794435e-07   +7.0794435e-07
  +9.7500000e+02   +1.0000000e+03   +5.3327292e-07   +2.9337305e-08  +5.3327292e-07   +4.5122235e-07   +6.4158263e-07   +5.3327292e-07   +5.3327292e-07   +5.3327292e-07   +4.5122235e-07   +4.5122235e-07   +4.5122235e-07   +6.4158263e-07   +6.4158263e-07   +6.4158263e-07
<\histogram>
