  -5.0000000e+00   -4.5000000e+00   +0.0000000e+00   +0.0000000e+00  +0.0000000e+00   +0.0000000e+00   +0.0000000e+00   +0.0000000e+00   +0.0000000e+00   +0.0000000e+00   +0.0000000e+00   +0.0000000e+00   +0.0000000e+00   +0.0000000e+00   +0.0000000e+00   +0.0000000e+00
  -4.5000000e+00   -4.0000000e+00   +7.7523386e-06   +1.7349409e-07  +7.7523386e-06   +6.8397127e-06   +8.8953269e-06   +7.7523386e-06   +7.7523386e-06   +7.7523386e-06   +6.8397127e-06   +6.8397127e-06   +6.8397127e-06   +8.8953269e-06   +8.8953269e-06   +8.8953269e-06
  -4.0000000e+00   -3.5000000e+00   +3.0696721e-05   +3.4376256e-07  +3.0696721e-05   +2.7379779e-05   +3.4801464e-05   +3.0696721e-05   +3.0696721e-05   +3.0696721e-05   +2.7379779e-05   +2.7379779e-05   +2.7379779e-05   +3.4801464e-05   +3.4801464e-05   +3.4801464e-05
  -3.5000000e+00   -3.0000000e+00   +7.6540508e-05   +3.3875063e-07  +7.6540508e-05   +6.9004249e-05   +8.5739351e-05   +7.6540508e-05   +7.6540508e-05   +7.6540508e-05   +6.9004249e-05   +6.9004249e-05   +6.9004249e-05   +8.5739351e-05   +8.5739351e-05   +8.5739351e-05
  -3.0000000e+00   -2.5000000e+00   +1.3069011e-04   +7.9437637e-07  +1.3069011e-04   +1.1888539e-04   +1.4492837e-04   +1.3069011e-04   +1.3069011e-04   +1.3069011e-04   +1.1888539e-04   +1.1888539e-04   +1.1888539e-04   +1.4492837e-04   +1.4492837e-04   +1.4492837e-04
  -2.5000000e+00   -2.0000000e+00   +1.5850860e-04   +5.2510251e-07  +1.5850860e-04   +1.4548211e-04   +1.7399528e-04   +1.5850860e-04   +1.5850860e-04   +1.5850860e-04   +1.4548211e-04   +1.4548211e-04   +1.4548211e-04   +1.7399528e-04   +1.7399528e-04   +1.7399528e-04
  -2.0000000e+00   -1.5000000e+00   +1.4761954e-04   +4.3600202e-07  +1.4761954e-04   +1.3643731e-04   +1.6074176e-04   +1.4761954e-04   +1.4761954e-04   +1.4761954e-04   +1.3643731e-04   +1.3643731e-04   +1.3643731e-04   +1.6074176e-04   +1.6074176e-04   +1.6074176e-04
  -1.5000000e+00   -1.0000000e+00   +1.1005236e-04   +6.0161809e-07  +1.1005236e-04   +1.0234956e-04   +1.1894714e-04   +1.1005236e-04   +1.1005236e-04   +1.1005236e-04   +1.0234956e-04   +1.0234956e-04   +1.0234956e-04   +1.1894714e-04   +1.1894714e-04   +1.1894714e-04
  -1.0000000e+00   -5.0000000e-01   +6.7827252e-05   +2.6723647e-07  +6.7827252e-05   +6.3361439e-05   +7.2887391e-05   +6.7827252e-05   +6.7827252e-05   +6.7827252e-05   +6.3361439e-05   +6.3361439e-05   +6.3361439e-05   +7.2887391e-05   +7.2887391e-05   +7.2887391e-05
  -5.0000000e-01   +0.0000000e+00   +4.1581095e-05   +1.7861783e-07  +4.1581095e-05   +3.8944409e-05   +4.4508958e-05   +4.1581095e-05   +4.1581095e-05   +4.1581095e-05   +3.8944409e-05   +3.8944409e-05   +3.8944409e-05   +4.4508958e-05   +4.4508958e-05   +4.4508958e-05
  +0.0000000e+00   +5.0000000e-01   +4.1700825e-05   +1.6030257e-07  +4.1700825e-05   +3.9044402e-05   +4.4652841e-05   +4.1700825e-05   +4.1700825e-05   +4.1700825e-05   +3.9044402e-05   +3.9044402e-05   +3.9044402e-05   +4.4652841e-05   +4.4652841e-05   +4.4652841e-05
  +5.0000000e-01   +1.0000000e+00   +6.7812663e-05   +3.1075191e-07  +6.7812663e-05   +6.3353668e-05   +7.2862998e-05   +6.7812663e-05   +6.7812663e-05   +6.7812663e-05   +6.3353668e-05   +6.3353668e-05   +6.3353668e-05   +7.2862998e-05   +7.2862998e-05   +7.2862998e-05
  +1.0000000e+00   +1.5000000e+00   +1.0972123e-04   +6.7994587e-07  +1.0972123e-04   +1.0202395e-04   +1.1861201e-04   +1.0972123e-04   +1.0972123e-04   +1.0972123e-04   +1.0202395e-04   +1.0202395e-04   +1.0202395e-04   +1.1861201e-04   +1.1861201e-04   +1.1861201e-04
  +1.5000000e+00   +2.0000000e+00   +1.4708237e-04   +4.2094845e-07  +1.4708237e-04   +1.3593736e-04   +1.6016089e-04   +1.4708237e-04   +1.4708237e-04   +1.4708237e-04   +1.3593736e-04   +1.3593736e-04   +1.3593736e-04   +1.6016089e-04   +1.6016089e-04   +1.6016089e-04
  +2.0000000e+00   +2.5000000e+00   +1.5878978e-04   +3.6639399e-07  +1.5878978e-04   +1.4569872e-04   +1.7436402e-04   +1.5878978e-04   +1.5878978e-04   +1.5878978e-04   +1.4569872e-04   +1.4569872e-04   +1.4569872e-04   +1.7436402e-04   +1.7436402e-04   +1.7436402e-04
  +2.5000000e+00   +3.0000000e+00   +1.3115158e-04   +1.9499923e-06  +1.3115158e-04   +1.1935682e-04   +1.4536060e-04   +1.3115158e-04   +1.3115158e-04   +1.3115158e-04   +1.1935682e-04   +1.1935682e-04   +1.1935682e-04   +1.4536060e-04   +1.4536060e-04   +1.4536060e-04
  +3.0000000e+00   +3.5000000e+00   +7.7389399e-05   +3.9858089e-07  +7.7389399e-05   +6.9742594e-05   +8.6729653e-05   +7.7389399e-05   +7.7389399e-05   +7.7389399e-05   +6.9742594e-05   +6.9742594e-05   +6.9742594e-05   +8.6729653e-05   +8.6729653e-05   +8.6729653e-05
  +3.5000000e+00   +4.0000000e+00   +3.0407621e-05   +1.9038702e-07  +3.0407621e-05   +2.7128440e-05   +3.4463799e-05   +3.0407621e-05   +3.0407621e-05   +3.0407621e-05   +2.7128440e-05   +2.7128440e-05   +2.7128440e-05   +3.4463799e-05   +3.4463799e-05   +3.4463799e-05
  +4.0000000e+00   +4.5000000e+00   +7.5933796e-06   +1.4677204e-07  +7.5933796e-06   +6.7172712e-06   +8.6859467e-06   +7.5933796e-06   +7.5933796e-06   +7.5933796e-06   +6.7172712e-06   +6.7172712e-06   +6.7172712e-06   +8.6859467e-06   +8.6859467e-06   +8.6859467e-06
  +4.5000000e+00   +5.0000000e+00   +0.0000000e+00   +0.0000000e+00  +0.0000000e+00   +0.0000000e+00   +0.0000000e+00   +0.0000000e+00   +0.0000000e+00   +0.0000000e+00   +0.0000000e+00   +0.0000000e+00   +0.0000000e+00   +0.0000000e+00   +0.0000000e+00   +0.0000000e+00
<\histogram>
