  +0.0000000e+00   +5.0000000e-02   +2.0800221e-04   +1.2883311e-06  +2.0800221e-04   +1.9118763e-04   +2.2792592e-04   +2.0800221e-04   +2.0800221e-04   +2.0800221e-04   +1.9118763e-04   +1.9118763e-04   +1.9118763e-04   +2.2792592e-04   +2.2792592e-04   +2.2792592e-04
  +5.0000000e-02   +1.0000000e-01   +2.0212239e-04   +4.3540480e-07  +2.0212239e-04   +1.8575206e-04   +2.2152368e-04   +2.0212239e-04   +2.0212239e-04   +2.0212239e-04   +1.8575206e-04   +1.8575206e-04   +1.8575206e-04   +2.2152368e-04   +2.2152368e-04   +2.2152368e-04
  +1.0000000e-01   +1.5000000e-01   +1.9384829e-04   +4.6295108e-07  +1.9384829e-04   +1.7805119e-04   +2.1259155e-04   +1.9384829e-04   +1.9384829e-04   +1.9384829e-04   +1.7805119e-04   +1.7805119e-04   +1.7805119e-04   +2.1259155e-04   +2.1259155e-04   +2.1259155e-04
  +1.5000000e-01   +2.0000000e-01   +1.8089205e-04   +5.8245361e-07  +1.8089205e-04   +1.6607727e-04   +1.9848834e-04   +1.8089205e-04   +1.8089205e-04   +1.8089205e-04   +1.6607727e-04   +1.6607727e-04   +1.6607727e-04   +1.9848834e-04   +1.9848834e-04   +1.9848834e-04
  +2.0000000e-01   +2.5000000e-01   +1.6386010e-04   +5.0017980e-07  +1.6386010e-04   +1.5035791e-04   +1.7990655e-04   +1.6386010e-04   +1.6386010e-04   +1.6386010e-04   +1.5035791e-04   +1.5035791e-04   +1.5035791e-04   +1.7990655e-04   +1.7990655e-04   +1.7990655e-04
  +2.5000000e-01   +3.0000000e-01   +1.4204724e-04   +3.9435735e-07  +1.4204724e-04   +1.3033463e-04   +1.5597127e-04   +1.4204724e-04   +1.4204724e-04   +1.4204724e-04   +1.3033463e-04   +1.3033463e-04   +1.3033463e-04   +1.5597127e-04   +1.5597127e-04   +1.5597127e-04
  +3.0000000e-01   +3.5000000e-01   +1.1965214e-04   +8.0964339e-07  +1.1965214e-04   +1.0975423e-04   +1.3142670e-04   +1.1965214e-04   +1.1965214e-04   +1.1965214e-04   +1.0975423e-04   +1.0975423e-04   +1.0975423e-04   +1.3142670e-04   +1.3142670e-04   +1.3142670e-04
  +3.5000000e-01   +4.0000000e-01   +9.4322093e-05   +6.6533884e-07  +9.4322093e-05   +8.6667063e-05   +1.0339332e-04   +9.4322093e-05   +9.4322093e-05   +9.4322093e-05   +8.6667063e-05   +8.6667063e-05   +8.6667063e-05   +1.0339332e-04   +1.0339332e-04   +1.0339332e-04
  +4.0000000e-01   +4.5000000e-01   +7.0400205e-05   +3.7427688e-07  +7.0400205e-05   +6.4723012e-05   +7.7117116e-05   +7.0400205e-05   +7.0400205e-05   +7.0400205e-05   +6.4723012e-05   +6.4723012e-05   +6.4723012e-05   +7.7117116e-05   +7.7117116e-05   +7.7117116e-05
  +4.5000000e-01   +5.0000000e-01   +4.8498812e-05   +1.4760787e-07  +4.8498812e-05   +4.4668072e-05   +5.3011089e-05   +4.8498812e-05   +4.8498812e-05   +4.8498812e-05   +4.4668072e-05   +4.4668072e-05   +4.4668072e-05   +5.3011089e-05   +5.3011089e-05   +5.3011089e-05
  +5.0000000e-01   +5.5000000e-01   +3.4797806e-05   +1.4598094e-07  +3.4797806e-05   +3.2102316e-05   +3.7959471e-05   +3.4797806e-05   +3.4797806e-05   +3.4797806e-05   +3.2102316e-05   +3.2102316e-05   +3.2102316e-05   +3.7959471e-05   +3.7959471e-05   +3.7959471e-05
  +5.5000000e-01   +6.0000000e-01   +2.5475339e-05   +1.0937911e-07  +2.5475339e-05   +2.3520049e-05   +2.7764299e-05   +2.5475339e-05   +2.5475339e-05   +2.5475339e-05   +2.3520049e-05   +2.3520049e-05   +2.3520049e-05   +2.7764299e-05   +2.7764299e-05   +2.7764299e-05
  +6.0000000e-01   +6.5000000e-01   +1.8320707e-05   +1.1530739e-07  +1.8320707e-05   +1.6928878e-05   +1.9945931e-05   +1.8320707e-05   +1.8320707e-05   +1.8320707e-05   +1.6928878e-05   +1.6928878e-05   +1.6928878e-05   +1.9945931e-05   +1.9945931e-05   +1.9945931e-05
  +6.5000000e-01   +7.0000000e-01   +1.2676100e-05   +1.4782824e-07  +1.2676100e-05   +1.1720733e-05   +1.3789101e-05   +1.2676100e-05   +1.2676100e-05   +1.2676100e-05   +1.1720733e-05   +1.1720733e-05   +1.1720733e-05   +1.3789101e-05   +1.3789101e-05   +1.3789101e-05
  +7.0000000e-01   +7.5000000e-01   +8.9333269e-06   +2.7267039e-07  +8.9333269e-06   +8.2683410e-06   +9.7053505e-06   +8.9333269e-06   +8.9333269e-06   +8.9333269e-06   +8.2683410e-06   +8.2683410e-06   +8.2683410e-06   +9.7053505e-06   +9.7053505e-06   +9.7053505e-06
  +7.5000000e-01   +8.0000000e-01   +5.9048914e-06   +4.2077533e-08  +5.9048914e-06   +5.4581649e-06   +6.4250917e-06   +5.9048914e-06   +5.9048914e-06   +5.9048914e-06   +5.4581649e-06   +5.4581649e-06   +5.4581649e-06   +6.4250917e-06   +6.4250917e-06   +6.4250917e-06
  +8.0000000e-01   +8.5000000e-01   +4.1103373e-06   +3.9286226e-08  +4.1103373e-06   +3.7934337e-06   +4.4805520e-06   +4.1103373e-06   +4.1103373e-06   +4.1103373e-06   +3.7934337e-06   +3.7934337e-06   +3.7934337e-06   +4.4805520e-06   +4.4805520e-06   +4.4805520e-06
  +8.5000000e-01   +9.0000000e-01   +2.7906183e-06   +1.9797594e-08  +2.7906183e-06   +2.5731388e-06   +3.0449625e-06   +2.7906183e-06   +2.7906183e-06   +2.7906183e-06   +2.5731388e-06   +2.5731388e-06   +2.5731388e-06   +3.0449625e-06   +3.0449625e-06   +3.0449625e-06
  +9.0000000e-01   +9.5000000e-01   +2.0300662e-06   +4.9239138e-08  +2.0300662e-06   +1.8686672e-06   +2.2191732e-06   +2.0300662e-06   +2.0300662e-06   +2.0300662e-06   +1.8686672e-06   +1.8686672e-06   +1.8686672e-06   +2.2191732e-06   +2.2191732e-06   +2.2191732e-06
  +9.5000000e-01   +1.0000000e+00   +1.3652041e-06   +2.4533437e-08  +1.3652041e-06   +1.2554678e-06   +1.4939085e-06   +1.3652041e-06   +1.3652041e-06   +1.3652041e-06   +1.2554678e-06   +1.2554678e-06   +1.2554678e-06   +1.4939085e-06   +1.4939085e-06   +1.4939085e-06
  +1.0000000e+00   +1.0500000e+00   +9.3292974e-07   +1.7124428e-08  +9.3292974e-07   +8.5608705e-07   +1.0234774e-06   +9.3292974e-07   +9.3292974e-07   +9.3292974e-07   +8.5608705e-07   +8.5608705e-07   +8.5608705e-07   +1.0234774e-06   +1.0234774e-06   +1.0234774e-06
  +1.0500000e+00   +1.1000000e+00   +6.1559457e-07   +9.3736464e-09  +6.1559457e-07   +5.6440442e-07   +6.7600724e-07   +6.1559457e-07   +6.1559457e-07   +6.1559457e-07   +5.6440442e-07   +5.6440442e-07   +5.6440442e-07   +6.7600724e-07   +6.7600724e-07   +6.7600724e-07
  +1.1000000e+00   +1.1500000e+00   +4.2542194e-07   +1.0478551e-08  +4.2542194e-07   +3.8946438e-07   +4.6787509e-07   +4.2542194e-07   +4.2542194e-07   +4.2542194e-07   +3.8946438e-07   +3.8946438e-07   +3.8946438e-07   +4.6787509e-07   +4.6787509e-07   +4.6787509e-07
  +1.1500000e+00   +1.2000000e+00   +2.9536298e-07   +9.4115597e-09  +2.9536298e-07   +2.6915142e-07   +3.2659445e-07   +2.9536298e-07   +2.9536298e-07   +2.9536298e-07   +2.6915142e-07   +2.6915142e-07   +2.6915142e-07   +3.2659445e-07   +3.2659445e-07   +3.2659445e-07
  +1.2000000e+00   +1.2500000e+00   +1.8442088e-07   +5.1118903e-09  +1.8442088e-07   +1.6799173e-07   +2.0400008e-07   +1.8442088e-07   +1.8442088e-07   +1.8442088e-07   +1.6799173e-07   +1.6799173e-07   +1.6799173e-07   +2.0400008e-07   +2.0400008e-07   +2.0400008e-07
  +1.2500000e+00   +1.3000000e+00   +1.2931644e-07   +5.6781981e-09  +1.2931644e-07   +1.1694820e-07   +1.4423685e-07   +1.2931644e-07   +1.2931644e-07   +1.2931644e-07   +1.1694820e-07   +1.1694820e-07   +1.1694820e-07   +1.4423685e-07   +1.4423685e-07   +1.4423685e-07
  +1.3000000e+00   +1.3500000e+00   +7.5952096e-08   +2.9759880e-09  +7.5952096e-08   +6.8653713e-08   +8.4758219e-08   +7.5952096e-08   +7.5952096e-08   +7.5952096e-08   +6.8653713e-08   +6.8653713e-08   +6.8653713e-08   +8.4758219e-08   +8.4758219e-08   +8.4758219e-08
  +1.3500000e+00   +1.4000000e+00   +4.5392491e-08   +1.5964309e-08  +4.5392491e-08   +4.1061598e-08   +5.0611818e-08   +4.5392491e-08   +4.5392491e-08   +4.5392491e-08   +4.1061598e-08   +4.1061598e-08   +4.1061598e-08   +5.0611818e-08   +5.0611818e-08   +5.0611818e-08
  +1.4000000e+00   +1.4500000e+00   +2.9985464e-08   +8.8091373e-09  +2.9985464e-08   +2.6915248e-08   +3.3729414e-08   +2.9985464e-08   +2.9985464e-08   +2.9985464e-08   +2.6915248e-08   +2.6915248e-08   +2.6915248e-08   +3.3729414e-08   +3.3729414e-08   +3.3729414e-08
  +1.4500000e+00   +1.5000000e+00   +1.7894846e-08   +1.5323493e-09  +1.7894846e-08   +1.6102700e-08   +2.0067177e-08   +1.7894846e-08   +1.7894846e-08   +1.7894846e-08   +1.6102700e-08   +1.6102700e-08   +1.6102700e-08   +2.0067177e-08   +2.0067177e-08   +2.0067177e-08
<\histogram>
