# BEGIN PLOT
LegendOnly=/other_Yodas/Powheg/Powheg.yoda/MC_VBSCAN_MCComparison/z_e /other_Yodas/VBFNLO/Herwig-MCatNLO-DipoleShower.yoda/MC_VBSCAN_MCComparison/z_e /run_5MevtsNLO-HWPP/run_HWPP_5M_NLOPS.yoda/MC_VBSCAN_MCComparison/z_e
DrawOnly=/other_Yodas/Powheg/Powheg.yoda/MC_VBSCAN_MCComparison/z_e /other_Yodas/VBFNLO/Herwig-MCatNLO-DipoleShower.yoda/MC_VBSCAN_MCComparison/z_e /run_5MevtsNLO-HWPP/run_HWPP_5M_NLOPS.yoda/MC_VBSCAN_MCComparison/z_e
RatioPlotReference=/other_Yodas/Powheg/Powheg.yoda/MC_VBSCAN_MCComparison/z_e
RatioPlot=1
LogY=1
RatioPlotYLabel=Ratio
Legend=1
# END PLOT

# BEGIN HISTO1D /other_Yodas/Powheg/Powheg.yoda/MC_VBSCAN_MCComparison/z_e
LineColor=black
LineStyle=solid
Path=/other_Yodas/Powheg/Powheg.yoda/MC_VBSCAN_MCComparison/z_e
ScaledBy=1.64719761446097032e-04
Title=Powheg
XLabel=
YLabel=
# xlow	 xhigh	 val	 errminus	 errplus
0.000000e+00	5.000000e-02	3.690936e+00	7.549962e-03	7.549962e-03
5.000000e-02	1.000000e-01	3.605612e+00	7.462236e-03	7.462236e-03
1.000000e-01	1.500000e-01	3.435752e+00	7.284614e-03	7.284614e-03
1.500000e-01	2.000000e-01	3.196178e+00	7.026163e-03	7.026163e-03
2.000000e-01	2.500000e-01	2.895246e+00	6.687050e-03	6.687050e-03
2.500000e-01	3.000000e-01	2.504310e+00	6.219090e-03	6.219090e-03
3.000000e-01	3.500000e-01	2.099818e+00	5.694872e-03	5.694872e-03
3.500000e-01	4.000000e-01	1.660878e+00	5.064664e-03	5.064664e-03
4.000000e-01	4.500000e-01	1.240590e+00	4.377375e-03	4.377375e-03
4.500000e-01	5.000000e-01	8.564482e-01	3.637124e-03	3.637124e-03
5.000000e-01	5.500000e-01	6.071320e-01	3.062225e-03	3.062225e-03
5.500000e-01	6.000000e-01	4.501650e-01	2.636785e-03	2.636785e-03
6.000000e-01	6.500000e-01	3.203266e-01	2.224168e-03	2.224168e-03
6.500000e-01	7.000000e-01	2.217704e-01	1.850595e-03	1.850595e-03
7.000000e-01	7.500000e-01	1.552532e-01	1.548896e-03	1.548896e-03
7.500000e-01	8.000000e-01	1.059829e-01	1.279226e-03	1.279226e-03
8.000000e-01	8.500000e-01	7.324926e-02	1.063484e-03	1.063484e-03
8.500000e-01	9.000000e-01	5.129302e-02	8.899353e-04	8.899353e-04
9.000000e-01	9.500000e-01	3.654744e-02	7.512038e-04	7.512038e-04
9.500000e-01	1.000000e+00	2.527594e-02	6.247165e-04	6.247165e-04
1.000000e+00	1.050000e+00	1.667563e-02	5.074234e-04	5.074234e-04
1.050000e+00	1.100000e+00	1.208983e-02	4.320555e-04	4.320555e-04
1.100000e+00	1.150000e+00	7.720202e-03	3.452579e-04	3.452579e-04
1.150000e+00	1.200000e+00	5.187976e-03	2.830273e-04	2.830273e-04
1.200000e+00	1.250000e+00	3.798338e-03	2.421732e-04	2.421732e-04
1.250000e+00	1.300000e+00	2.686630e-03	2.036729e-04	2.036729e-04
1.300000e+00	1.350000e+00	1.775646e-03	1.655799e-04	1.655799e-04
1.350000e+00	1.400000e+00	1.250673e-03	1.389636e-04	1.389636e-04
1.400000e+00	1.450000e+00	6.330564e-04	9.886682e-05	9.886682e-05
1.450000e+00	1.500000e+00	3.551292e-04	7.404958e-05	7.404958e-05
# END HISTO1D

# BEGIN HISTO1D /other_Yodas/VBFNLO/Herwig-MCatNLO-DipoleShower.yoda/MC_VBSCAN_MCComparison/z_e
LineColor=red
LineStyle=solid
Path=/other_Yodas/VBFNLO/Herwig-MCatNLO-DipoleShower.yoda/MC_VBSCAN_MCComparison/z_e
Scale=2
ScaledBy=1.05355021816678726e-03
Title=VBFNLO-HW-Dip
XLabel=
YLabel=
# xlow	 xhigh	 val	 errminus	 errplus
0.000000e+00	5.000000e-02	1.835362e+00	3.125405e-03	3.125405e-03
5.000000e-02	1.000000e-01	1.794841e+00	3.308641e-03	3.308641e-03
1.000000e-01	1.500000e-01	1.710131e+00	2.782166e-03	2.782166e-03
1.500000e-01	2.000000e-01	1.583014e+00	4.850328e-03	4.850328e-03
2.000000e-01	2.500000e-01	1.428872e+00	3.356650e-03	3.356650e-03
2.500000e-01	3.000000e-01	1.236523e+00	2.545331e-03	2.545331e-03
3.000000e-01	3.500000e-01	1.020749e+00	2.751642e-03	2.751642e-03
3.500000e-01	4.000000e-01	8.034104e-01	1.829709e-03	1.829709e-03
4.000000e-01	4.500000e-01	5.908694e-01	1.512069e-03	1.512069e-03
4.500000e-01	5.000000e-01	4.041354e-01	1.200031e-03	1.200031e-03
5.000000e-01	5.500000e-01	2.871094e-01	1.175436e-03	1.175436e-03
5.500000e-01	6.000000e-01	2.099676e-01	8.892120e-04	8.892120e-04
6.000000e-01	6.500000e-01	1.480629e-01	7.100484e-04	7.100484e-04
6.500000e-01	7.000000e-01	1.030455e-01	5.836017e-04	5.836017e-04
7.000000e-01	7.500000e-01	7.010402e-02	5.363438e-04	5.363438e-04
7.500000e-01	8.000000e-01	4.842608e-02	4.697363e-04	4.697363e-04
8.000000e-01	8.500000e-01	3.338930e-02	3.793607e-04	3.793607e-04
8.500000e-01	9.000000e-01	2.375370e-02	2.873855e-04	2.873855e-04
9.000000e-01	9.500000e-01	1.596522e-02	2.730768e-04	2.730768e-04
9.500000e-01	1.000000e+00	1.129691e-02	1.856265e-04	1.856265e-04
1.000000e+00	1.050000e+00	7.861058e-03	2.130476e-04	2.130476e-04
1.050000e+00	1.100000e+00	5.477002e-03	1.379337e-04	1.379337e-04
1.100000e+00	1.150000e+00	3.871988e-03	1.414796e-04	1.414796e-04
1.150000e+00	1.200000e+00	2.495412e-03	1.109070e-04	1.109070e-04
1.200000e+00	1.250000e+00	1.827852e-03	1.052157e-04	1.052157e-04
1.250000e+00	1.300000e+00	1.217717e-03	6.104105e-05	6.104105e-05
1.300000e+00	1.350000e+00	7.938354e-04	3.859278e-05	3.859278e-05
1.350000e+00	1.400000e+00	6.867882e-04	5.548606e-05	5.548606e-05
1.400000e+00	1.450000e+00	3.638866e-04	2.481325e-05	2.481325e-05
1.450000e+00	1.500000e+00	2.411786e-04	2.338798e-05	2.338798e-05
# END HISTO1D

# BEGIN HISTO1D /run_5MevtsNLO-HWPP/run_HWPP_5M_NLOPS.yoda/MC_VBSCAN_MCComparison/z_e
LineColor=blue
LineStyle=solid
Path=/run_5MevtsNLO-HWPP/run_HWPP_5M_NLOPS.yoda/MC_VBSCAN_MCComparison/z_e
ScaledBy=4.29481468359931388e-06
Title=MG5aMC-HWpp
XLabel=
YLabel=
# xlow	 xhigh	 val	 errminus	 errplus
0.000000e+00	5.000000e-02	3.934910e+00	2.684641e-02	2.684641e-02
5.000000e-02	1.000000e-01	3.849098e+00	2.661912e-02	2.661912e-02
1.000000e-01	1.500000e-01	3.660728e+00	2.600460e-02	2.600460e-02
1.500000e-01	2.000000e-01	3.406732e+00	2.499317e-02	2.499317e-02
2.000000e-01	2.500000e-01	3.057736e+00	2.380583e-02	2.380583e-02
2.500000e-01	3.000000e-01	2.657288e+00	2.213959e-02	2.213959e-02
3.000000e-01	3.500000e-01	2.229352e+00	2.013604e-02	2.013604e-02
3.500000e-01	4.000000e-01	1.739228e+00	1.796732e-02	1.796732e-02
4.000000e-01	4.500000e-01	1.289733e+00	1.555909e-02	1.555909e-02
4.500000e-01	5.000000e-01	8.801794e-01	1.291390e-02	1.291390e-02
5.000000e-01	5.500000e-01	6.337428e-01	1.089089e-02	1.089089e-02
5.500000e-01	6.000000e-01	4.844550e-01	9.444687e-03	9.444687e-03
6.000000e-01	6.500000e-01	3.264918e-01	7.966158e-03	7.966158e-03
6.500000e-01	7.000000e-01	2.303738e-01	6.563060e-03	6.563060e-03
7.000000e-01	7.500000e-01	1.605402e-01	5.406010e-03	5.406010e-03
7.500000e-01	8.000000e-01	1.174202e-01	4.591235e-03	4.591235e-03
8.000000e-01	8.500000e-01	7.223878e-02	3.780413e-03	3.780413e-03
8.500000e-01	9.000000e-01	5.995562e-02	3.158369e-03	3.158369e-03
9.000000e-01	9.500000e-01	3.444442e-02	2.569721e-03	2.569721e-03
9.500000e-01	1.000000e+00	2.379328e-02	2.084645e-03	2.084645e-03
1.000000e+00	1.050000e+00	1.382930e-02	1.745619e-03	1.745619e-03
1.050000e+00	1.100000e+00	1.331393e-02	1.534157e-03	1.534157e-03
1.100000e+00	1.150000e+00	7.558874e-03	1.214757e-03	1.214757e-03
1.150000e+00	1.200000e+00	5.583260e-03	1.012702e-03	1.012702e-03
1.200000e+00	1.250000e+00	3.607644e-03	8.589629e-04	8.589629e-04
1.250000e+00	1.300000e+00	2.147408e-03	6.925180e-04	6.925180e-04
1.300000e+00	1.350000e+00	1.632030e-03	5.224867e-04	5.224867e-04
1.350000e+00	1.400000e+00	1.374341e-03	4.379869e-04	4.379869e-04
1.400000e+00	1.450000e+00	1.116652e-03	3.936263e-04	3.936263e-04
1.450000e+00	1.500000e+00	6.871704e-04	3.435852e-04	3.435852e-04
# END HISTO1D

