# BEGIN PLOT
LegendOnly=/other_Yodas/Powheg/Powheg.yoda/MC_VBSCAN_MCComparison/pT_j1 /other_Yodas/VBFNLO/Herwig-MCatNLO-DipoleShower.yoda/MC_VBSCAN_MCComparison/pT_j1 /run_5MevtsNLO-HWPP/run_HWPP_5M_NLOPS.yoda/MC_VBSCAN_MCComparison/pT_j1
DrawOnly=/other_Yodas/Powheg/Powheg.yoda/MC_VBSCAN_MCComparison/pT_j1 /other_Yodas/VBFNLO/Herwig-MCatNLO-DipoleShower.yoda/MC_VBSCAN_MCComparison/pT_j1 /run_5MevtsNLO-HWPP/run_HWPP_5M_NLOPS.yoda/MC_VBSCAN_MCComparison/pT_j1
RatioPlotReference=/other_Yodas/Powheg/Powheg.yoda/MC_VBSCAN_MCComparison/pT_j1
RatioPlot=1
LogY=1
RatioPlotYLabel=Ratio
Legend=1
# END PLOT

# BEGIN HISTO1D /other_Yodas/Powheg/Powheg.yoda/MC_VBSCAN_MCComparison/pT_j1
LineColor=black
LineStyle=solid
Path=/other_Yodas/Powheg/Powheg.yoda/MC_VBSCAN_MCComparison/pT_j1
ScaledBy=1.64719761446097032e-04
Title=Powheg
XLabel=
YLabel=
# xlow	 xhigh	 val	 errminus	 errplus
0.000000e+00	2.500000e+01	0.000000e+00	0.000000e+00	0.000000e+00
2.500000e+01	5.000000e+01	3.576306e-04	3.323813e-06	3.323813e-06
5.000000e+01	7.500000e+01	2.274773e-03	8.382247e-06	8.382247e-06
7.500000e+01	1.000000e+02	4.511624e-03	1.180414e-05	1.180414e-05
1.000000e+02	1.250000e+02	5.933128e-03	1.353693e-05	1.353693e-05
1.250000e+02	1.500000e+02	6.341344e-03	1.399541e-05	1.399541e-05
1.500000e+02	1.750000e+02	5.989488e-03	1.360148e-05	1.360148e-05
1.750000e+02	2.000000e+02	5.262984e-03	1.275033e-05	1.275033e-05
2.000000e+02	2.250000e+02	4.482472e-03	1.176709e-05	1.176709e-05
2.250000e+02	2.500000e+02	3.682412e-03	1.066582e-05	1.066582e-05
2.500000e+02	2.750000e+02	3.017858e-03	9.654586e-06	9.654586e-06
2.750000e+02	3.000000e+02	2.403175e-03	8.615855e-06	8.615855e-06
3.000000e+02	3.250000e+02	1.941291e-03	7.743881e-06	7.743881e-06
3.250000e+02	3.500000e+02	1.569208e-03	6.962578e-06	6.962578e-06
3.500000e+02	3.750000e+02	1.250364e-03	6.214489e-06	6.214489e-06
3.750000e+02	4.000000e+02	1.014836e-03	5.599141e-06	5.599141e-06
4.000000e+02	4.250000e+02	8.242088e-04	5.046153e-06	5.046153e-06
4.250000e+02	4.500000e+02	6.630108e-04	4.525697e-06	4.525697e-06
4.500000e+02	4.750000e+02	5.297600e-04	4.045385e-06	4.045385e-06
4.750000e+02	5.000000e+02	4.398044e-04	3.686604e-06	3.686604e-06
5.000000e+02	5.250000e+02	3.594834e-04	3.332982e-06	3.332982e-06
5.250000e+02	5.500000e+02	2.920089e-04	3.004498e-06	3.004498e-06
5.500000e+02	5.750000e+02	2.388630e-04	2.715931e-06	2.715931e-06
5.750000e+02	6.000000e+02	1.985636e-04	2.477403e-06	2.477403e-06
6.000000e+02	6.250000e+02	1.638536e-04	2.249429e-06	2.249429e-06
6.250000e+02	6.500000e+02	1.361844e-04	2.050727e-06	2.050727e-06
6.500000e+02	6.750000e+02	1.116959e-04	1.857732e-06	1.857732e-06
6.750000e+02	7.000000e+02	9.384676e-05	1.705728e-06	1.705728e-06
7.000000e+02	7.250000e+02	7.760344e-05	1.548665e-06	1.548665e-06
7.250000e+02	7.500000e+02	6.494232e-05	1.416147e-06	1.416147e-06
7.500000e+02	7.750000e+02	5.221944e-05	1.270624e-06	1.270624e-06
7.750000e+02	8.000000e+02	4.548744e-05	1.186000e-06	1.186000e-06
8.000000e+02	8.250000e+02	3.557468e-05	1.049039e-06	1.049039e-06
8.250000e+02	8.500000e+02	2.942940e-05	9.533120e-07	9.533120e-07
8.500000e+02	8.750000e+02	2.702070e-05	9.145099e-07	9.145099e-07
8.750000e+02	9.000000e+02	2.396350e-05	8.602397e-07	8.602397e-07
9.000000e+02	9.250000e+02	1.902258e-05	7.664414e-07	7.664414e-07
9.250000e+02	9.500000e+02	1.522424e-05	6.856651e-07	6.856651e-07
9.500000e+02	9.750000e+02	1.321698e-05	6.388671e-07	6.388671e-07
9.750000e+02	1.000000e+03	1.195087e-05	6.106284e-07	6.106284e-07
# END HISTO1D

# BEGIN HISTO1D /other_Yodas/VBFNLO/Herwig-MCatNLO-DipoleShower.yoda/MC_VBSCAN_MCComparison/pT_j1
LineColor=red
LineStyle=solid
Path=/other_Yodas/VBFNLO/Herwig-MCatNLO-DipoleShower.yoda/MC_VBSCAN_MCComparison/pT_j1
ScaledBy=1.05355021816678726e-03
Title=VBFNLO-HW-Dip
XLabel=
YLabel=
# xlow	 xhigh	 val	 errminus	 errplus
0.000000e+00	2.500000e+01	0.000000e+00	0.000000e+00	0.000000e+00
2.500000e+01	5.000000e+01	4.224188e-04	1.978406e-06	1.978406e-06
5.000000e+01	7.500000e+01	2.474265e-03	5.611354e-06	5.611354e-06
7.500000e+01	1.000000e+02	4.681996e-03	1.082914e-05	1.082914e-05
1.000000e+02	1.250000e+02	5.958160e-03	7.608801e-06	7.608801e-06
1.250000e+02	1.500000e+02	6.251864e-03	7.157826e-06	7.157826e-06
1.500000e+02	1.750000e+02	5.840176e-03	6.485527e-06	6.485527e-06
1.750000e+02	2.000000e+02	5.105496e-03	7.669965e-06	7.669965e-06
2.000000e+02	2.250000e+02	4.287236e-03	6.991606e-06	6.991606e-06
2.250000e+02	2.500000e+02	3.528073e-03	5.211995e-06	5.211995e-06
2.500000e+02	2.750000e+02	2.850913e-03	7.388732e-06	7.388732e-06
2.750000e+02	3.000000e+02	2.299253e-03	3.944005e-06	3.944005e-06
3.000000e+02	3.250000e+02	1.855523e-03	4.013734e-06	4.013734e-06
3.250000e+02	3.500000e+02	1.491206e-03	3.650578e-06	3.650578e-06
3.500000e+02	3.750000e+02	1.206338e-03	3.486935e-06	3.486935e-06
3.750000e+02	4.000000e+02	9.668440e-04	2.950862e-06	2.950862e-06
4.000000e+02	4.250000e+02	7.785728e-04	2.859916e-06	2.859916e-06
4.250000e+02	4.500000e+02	6.323460e-04	3.122845e-06	3.122845e-06
4.500000e+02	4.750000e+02	5.090040e-04	2.032947e-06	2.032947e-06
4.750000e+02	5.000000e+02	4.160856e-04	3.675947e-06	3.675947e-06
5.000000e+02	5.250000e+02	3.423430e-04	2.089333e-06	2.089333e-06
5.250000e+02	5.500000e+02	2.783341e-04	1.572250e-06	1.572250e-06
5.500000e+02	5.750000e+02	2.302841e-04	1.370265e-06	1.370265e-06
5.750000e+02	6.000000e+02	1.892058e-04	1.279331e-06	1.279331e-06
6.000000e+02	6.250000e+02	1.619044e-04	4.289188e-06	4.289188e-06
6.250000e+02	6.500000e+02	1.275284e-04	1.132989e-06	1.132989e-06
6.500000e+02	6.750000e+02	1.064861e-04	9.429138e-07	9.429138e-07
6.750000e+02	7.000000e+02	8.842744e-05	1.123789e-06	1.123789e-06
7.000000e+02	7.250000e+02	7.390884e-05	8.881117e-07	8.881117e-07
7.250000e+02	7.500000e+02	6.294660e-05	7.583976e-07	7.583976e-07
7.500000e+02	7.750000e+02	5.254500e-05	6.939783e-07	6.939783e-07
7.750000e+02	8.000000e+02	4.355700e-05	6.998165e-07	6.998165e-07
8.000000e+02	8.250000e+02	3.726802e-05	8.565145e-07	8.565145e-07
8.250000e+02	8.500000e+02	3.027075e-05	6.543203e-07	6.543203e-07
8.500000e+02	8.750000e+02	2.622937e-05	5.046060e-07	5.046060e-07
8.750000e+02	9.000000e+02	2.202667e-05	5.580305e-07	5.580305e-07
9.000000e+02	9.250000e+02	1.786615e-05	4.066554e-07	4.066554e-07
9.250000e+02	9.500000e+02	1.579833e-05	4.574872e-07	4.574872e-07
9.500000e+02	9.750000e+02	1.434774e-05	8.912301e-07	8.912301e-07
9.750000e+02	1.000000e+03	1.212610e-05	4.986760e-07	4.986760e-07
# END HISTO1D

# BEGIN HISTO1D /run_5MevtsNLO-HWPP/run_HWPP_5M_NLOPS.yoda/MC_VBSCAN_MCComparison/pT_j1
LineColor=blue
LineStyle=solid
Path=/run_5MevtsNLO-HWPP/run_HWPP_5M_NLOPS.yoda/MC_VBSCAN_MCComparison/pT_j1
ScaledBy=4.29481468359931388e-06
Title=MG5aMC-HWpp
XLabel=
YLabel=
# xlow	 xhigh	 val	 errminus	 errplus
0.000000e+00	2.500000e+01	0.000000e+00	0.000000e+00	0.000000e+00
2.500000e+01	5.000000e+01	4.717424e-04	1.317997e-05	1.317997e-05
5.000000e+01	7.500000e+01	2.706764e-03	3.133885e-05	3.133885e-05
7.500000e+01	1.000000e+02	5.084888e-03	4.301784e-05	4.301784e-05
1.000000e+02	1.250000e+02	6.439644e-03	4.860151e-05	4.860151e-05
1.250000e+02	1.500000e+02	6.820164e-03	5.011104e-05	5.011104e-05
1.500000e+02	1.750000e+02	6.300320e-03	4.839554e-05	4.839554e-05
1.750000e+02	2.000000e+02	5.547012e-03	4.531124e-05	4.531124e-05
2.000000e+02	2.250000e+02	4.637368e-03	4.143158e-05	4.143158e-05
2.250000e+02	2.500000e+02	3.779609e-03	3.751574e-05	3.751574e-05
2.500000e+02	2.750000e+02	3.074056e-03	3.385927e-05	3.385927e-05
2.750000e+02	3.000000e+02	2.500269e-03	3.050371e-05	3.050371e-05
3.000000e+02	3.250000e+02	1.977504e-03	2.707192e-05	2.707192e-05
3.250000e+02	3.500000e+02	1.581522e-03	2.433156e-05	2.433156e-05
3.500000e+02	3.750000e+02	1.288101e-03	2.169490e-05	2.169490e-05
3.750000e+02	4.000000e+02	1.014435e-03	1.943232e-05	1.943232e-05
4.000000e+02	4.250000e+02	8.452196e-04	1.749419e-05	1.749419e-05
4.250000e+02	4.500000e+02	6.402708e-04	1.578717e-05	1.578717e-05
4.500000e+02	4.750000e+02	5.600440e-04	1.420591e-05	1.420591e-05
4.750000e+02	5.000000e+02	4.214072e-04	1.258549e-05	1.258549e-05
5.000000e+02	5.250000e+02	3.636849e-04	1.151523e-05	1.151523e-05
5.250000e+02	5.500000e+02	2.978884e-04	1.058722e-05	1.058722e-05
5.500000e+02	5.750000e+02	2.353558e-04	9.283160e-06	9.283160e-06
5.750000e+02	6.000000e+02	2.009973e-04	8.537936e-06	8.537936e-06
6.000000e+02	6.250000e+02	1.616568e-04	7.584210e-06	7.584210e-06
6.250000e+02	6.500000e+02	1.482570e-04	7.274356e-06	7.274356e-06
6.500000e+02	6.750000e+02	1.152728e-04	6.439358e-06	6.439358e-06
6.750000e+02	7.000000e+02	8.727064e-05	5.815630e-06	5.815630e-06
7.000000e+02	7.250000e+02	7.541696e-05	5.241786e-06	5.241786e-06
7.250000e+02	7.500000e+02	5.772232e-05	4.785588e-06	4.785588e-06
7.500000e+02	7.750000e+02	4.775832e-05	4.332445e-06	4.332445e-06
7.750000e+02	8.000000e+02	4.947628e-05	4.123022e-06	4.123022e-06
8.000000e+02	8.250000e+02	3.882512e-05	3.716442e-06	3.716442e-06
8.250000e+02	8.500000e+02	3.762258e-05	3.524889e-06	3.524889e-06
8.500000e+02	8.750000e+02	2.714323e-05	3.295553e-06	3.295553e-06
8.750000e+02	9.000000e+02	2.765861e-05	2.970572e-06	2.970572e-06
9.000000e+02	9.250000e+02	1.941256e-05	2.633531e-06	2.633531e-06
9.250000e+02	9.500000e+02	1.717926e-05	2.605364e-06	2.605364e-06
9.500000e+02	9.750000e+02	1.151010e-05	2.193301e-06	2.193301e-06
9.750000e+02	1.000000e+03	9.276800e-06	1.973746e-06	1.973746e-06
# END HISTO1D

