# BEGIN PLOT
LegendOnly=/other_Yodas/Powheg/Powheg.yoda/MC_VBSCAN_MCComparison/m_ll /other_Yodas/VBFNLO/Herwig-MCatNLO-DipoleShower.yoda/MC_VBSCAN_MCComparison/m_ll /run_5MevtsNLO-HWPP/run_HWPP_5M_NLOPS.yoda/MC_VBSCAN_MCComparison/m_ll
DrawOnly=/other_Yodas/Powheg/Powheg.yoda/MC_VBSCAN_MCComparison/m_ll /other_Yodas/VBFNLO/Herwig-MCatNLO-DipoleShower.yoda/MC_VBSCAN_MCComparison/m_ll /run_5MevtsNLO-HWPP/run_HWPP_5M_NLOPS.yoda/MC_VBSCAN_MCComparison/m_ll
RatioPlotReference=/other_Yodas/Powheg/Powheg.yoda/MC_VBSCAN_MCComparison/m_ll
RatioPlot=1
LogY=1
RatioPlotYLabel=Ratio
Legend=1
# END PLOT

# BEGIN HISTO1D /other_Yodas/Powheg/Powheg.yoda/MC_VBSCAN_MCComparison/m_ll
LineColor=black
LineStyle=solid
Path=/other_Yodas/Powheg/Powheg.yoda/MC_VBSCAN_MCComparison/m_ll
ScaledBy=1.64719761446097032e-04
Title=Powheg
XLabel=
YLabel=
# xlow	 xhigh	 val	 errminus	 errplus
0.000000e+00	1.000000e+02	5.193171e-03	6.332528e-06	6.332528e-06
1.000000e+02	2.000000e+02	5.093627e-03	6.271659e-06	6.271659e-06
2.000000e+02	3.000000e+02	1.914262e-03	3.844869e-06	3.844869e-06
3.000000e+02	4.000000e+02	7.645238e-04	2.429853e-06	2.429853e-06
4.000000e+02	5.000000e+02	3.364927e-04	1.612247e-06	1.612247e-06
5.000000e+02	6.000000e+02	1.606651e-04	1.114199e-06	1.114199e-06
6.000000e+02	7.000000e+02	8.046765e-05	7.885572e-07	7.885572e-07
7.000000e+02	8.000000e+02	4.202105e-05	5.696755e-07	5.696755e-07
8.000000e+02	9.000000e+02	2.345397e-05	4.260824e-07	4.260824e-07
9.000000e+02	1.000000e+03	1.343315e-05	3.220351e-07	3.220351e-07
1.000000e+03	1.100000e+03	7.874605e-06	2.465635e-07	2.465635e-07
1.100000e+03	1.200000e+03	4.879167e-06	1.940828e-07	1.940828e-07
1.200000e+03	1.300000e+03	2.987718e-06	1.518743e-07	1.518743e-07
1.300000e+03	1.400000e+03	1.767926e-06	1.173369e-07	1.173369e-07
1.400000e+03	1.500000e+03	1.134870e-06	9.360246e-08	9.360246e-08
1.500000e+03	1.600000e+03	8.260615e-07	7.985838e-08	7.985838e-08
1.600000e+03	1.700000e+03	4.786525e-07	6.176161e-08	6.176161e-08
1.700000e+03	1.800000e+03	2.856474e-07	4.696015e-08	4.696015e-08
1.800000e+03	1.900000e+03	1.621242e-07	3.537841e-08	3.537841e-08
1.900000e+03	2.000000e+03	8.492221e-08	2.560501e-08	2.560501e-08
2.000000e+03	2.100000e+03	7.720201e-08	2.441342e-08	2.441342e-08
2.100000e+03	2.200000e+03	4.632121e-08	1.891055e-08	1.891055e-08
2.200000e+03	2.300000e+03	4.632121e-08	1.891055e-08	1.891055e-08
2.300000e+03	2.400000e+03	4.632121e-08	1.891055e-08	1.891055e-08
2.400000e+03	2.500000e+03	2.316060e-08	1.337178e-08	1.337178e-08
2.500000e+03	2.600000e+03	2.316060e-08	1.337178e-08	1.337178e-08
2.600000e+03	2.700000e+03	7.720201e-09	7.720201e-09	7.720201e-09
2.700000e+03	2.800000e+03	1.544040e-08	1.091801e-08	1.091801e-08
2.800000e+03	2.900000e+03	0.000000e+00	0.000000e+00	0.000000e+00
2.900000e+03	3.000000e+03	0.000000e+00	0.000000e+00	0.000000e+00
3.000000e+03	3.100000e+03	0.000000e+00	0.000000e+00	0.000000e+00
3.100000e+03	3.200000e+03	0.000000e+00	0.000000e+00	0.000000e+00
3.200000e+03	3.300000e+03	0.000000e+00	0.000000e+00	0.000000e+00
3.300000e+03	3.400000e+03	7.720201e-09	7.720201e-09	7.720201e-09
3.400000e+03	3.500000e+03	0.000000e+00	0.000000e+00	0.000000e+00
3.500000e+03	3.600000e+03	0.000000e+00	0.000000e+00	0.000000e+00
3.600000e+03	3.700000e+03	0.000000e+00	0.000000e+00	0.000000e+00
3.700000e+03	3.800000e+03	0.000000e+00	0.000000e+00	0.000000e+00
3.800000e+03	3.900000e+03	0.000000e+00	0.000000e+00	0.000000e+00
3.900000e+03	4.000000e+03	0.000000e+00	0.000000e+00	0.000000e+00
# END HISTO1D

# BEGIN HISTO1D /other_Yodas/VBFNLO/Herwig-MCatNLO-DipoleShower.yoda/MC_VBSCAN_MCComparison/m_ll
LineColor=red
LineStyle=solid
Path=/other_Yodas/VBFNLO/Herwig-MCatNLO-DipoleShower.yoda/MC_VBSCAN_MCComparison/m_ll
ScaledBy=1.05355021816678726e-03
Title=VBFNLO-HW-Dip
XLabel=
YLabel=
# xlow	 xhigh	 val	 errminus	 errplus
0.000000e+00	1.000000e+02	5.090664e-03	4.407803e-06	4.407803e-06
1.000000e+02	2.000000e+02	4.994341e-03	3.492495e-06	3.492495e-06
2.000000e+02	3.000000e+02	1.881564e-03	2.256358e-06	2.256358e-06
3.000000e+02	4.000000e+02	7.531341e-04	1.231093e-06	1.231093e-06
4.000000e+02	5.000000e+02	3.320165e-04	8.000476e-07	8.000476e-07
5.000000e+02	6.000000e+02	1.588338e-04	5.078927e-07	5.078927e-07
6.000000e+02	7.000000e+02	8.017886e-05	5.383583e-07	5.383583e-07
7.000000e+02	8.000000e+02	4.180095e-05	3.825214e-07	3.825214e-07
8.000000e+02	9.000000e+02	2.341143e-05	1.743508e-07	1.743508e-07
9.000000e+02	1.000000e+03	1.306680e-05	1.435985e-07	1.435985e-07
1.000000e+03	1.100000e+03	7.735938e-06	8.628181e-08	8.628181e-08
1.100000e+03	1.200000e+03	4.683867e-06	7.000161e-08	7.000161e-08
1.200000e+03	1.300000e+03	2.819497e-06	3.878229e-08	3.878229e-08
1.300000e+03	1.400000e+03	1.764321e-06	2.946393e-08	2.946393e-08
1.400000e+03	1.500000e+03	1.136757e-06	2.515375e-08	2.515375e-08
1.500000e+03	1.600000e+03	7.386319e-07	2.508006e-08	2.508006e-08
1.600000e+03	1.700000e+03	4.557925e-07	1.852487e-08	1.852487e-08
1.700000e+03	1.800000e+03	3.103219e-07	1.142274e-08	1.142274e-08
1.800000e+03	1.900000e+03	1.845032e-07	7.489464e-09	7.489464e-09
1.900000e+03	2.000000e+03	1.248810e-07	5.401896e-09	5.401896e-09
2.000000e+03	2.100000e+03	9.082754e-08	5.074587e-09	5.074587e-09
2.100000e+03	2.200000e+03	6.351383e-08	3.544401e-09	3.544401e-09
2.200000e+03	2.300000e+03	4.407084e-08	2.888162e-09	2.888162e-09
2.300000e+03	2.400000e+03	2.830308e-08	2.102205e-09	2.102205e-09
2.400000e+03	2.500000e+03	2.087047e-08	3.472816e-09	3.472816e-09
2.500000e+03	2.600000e+03	1.200305e-08	1.045029e-09	1.045029e-09
2.600000e+03	2.700000e+03	8.369786e-09	7.931038e-10	7.931038e-10
2.700000e+03	2.800000e+03	4.405566e-09	1.368635e-09	1.368635e-09
2.800000e+03	2.900000e+03	5.696529e-09	1.450793e-09	1.450793e-09
2.900000e+03	3.000000e+03	3.147200e-09	2.997952e-10	2.997952e-10
3.000000e+03	3.100000e+03	1.947462e-09	3.768180e-10	3.768180e-10
3.100000e+03	3.200000e+03	1.301163e-09	2.314706e-10	2.314706e-10
3.200000e+03	3.300000e+03	1.028264e-09	2.107974e-10	2.107974e-10
3.300000e+03	3.400000e+03	2.677211e-10	5.457138e-10	5.457138e-10
3.400000e+03	3.500000e+03	2.665751e-10	2.392826e-10	2.392826e-10
3.500000e+03	3.600000e+03	3.500924e-10	1.255151e-10	1.255151e-10
3.600000e+03	3.700000e+03	4.920985e-10	1.296881e-10	1.296881e-10
3.700000e+03	3.800000e+03	1.057591e-10	6.499240e-11	6.499240e-11
3.800000e+03	3.900000e+03	1.346531e-10	3.462485e-11	3.462485e-11
3.900000e+03	4.000000e+03	7.931319e-11	2.871328e-11	2.871328e-11
# END HISTO1D

# BEGIN HISTO1D /run_5MevtsNLO-HWPP/run_HWPP_5M_NLOPS.yoda/MC_VBSCAN_MCComparison/m_ll
LineColor=blue
LineStyle=solid
Path=/run_5MevtsNLO-HWPP/run_HWPP_5M_NLOPS.yoda/MC_VBSCAN_MCComparison/m_ll
ScaledBy=4.29481468359931388e-06
Title=MG5aMC-HWpp
XLabel=
YLabel=
# xlow	 xhigh	 val	 errminus	 errplus
0.000000e+00	1.000000e+02	5.488644e-03	2.250831e-05	2.250831e-05
1.000000e+02	2.000000e+02	5.392183e-03	2.229042e-05	2.229042e-05
2.000000e+02	3.000000e+02	2.025134e-03	1.371203e-05	1.371203e-05
3.000000e+02	4.000000e+02	8.277826e-04	8.680414e-06	8.680414e-06
4.000000e+02	5.000000e+02	3.584452e-04	5.761138e-06	5.761138e-06
5.000000e+02	6.000000e+02	1.651356e-04	3.961254e-06	3.961254e-06
6.000000e+02	7.000000e+02	8.572450e-05	2.793941e-06	2.793941e-06
7.000000e+02	8.000000e+02	4.372121e-05	2.018106e-06	2.018106e-06
8.000000e+02	9.000000e+02	2.632721e-05	1.531148e-06	1.531148e-06
9.000000e+02	1.000000e+03	1.537544e-05	1.205612e-06	1.205612e-06
1.000000e+03	1.100000e+03	9.491540e-06	9.140996e-07	9.140996e-07
1.100000e+03	1.200000e+03	4.595452e-06	6.965019e-07	6.965019e-07
1.200000e+03	1.300000e+03	2.190356e-06	5.135851e-07	5.135851e-07
1.300000e+03	1.400000e+03	2.061511e-06	4.208042e-07	4.208042e-07
1.400000e+03	1.500000e+03	8.589630e-07	3.156031e-07	3.156031e-07
1.500000e+03	1.600000e+03	1.116652e-06	2.783358e-07	2.783358e-07
1.600000e+03	1.700000e+03	3.865333e-07	2.312829e-07	2.312829e-07
1.700000e+03	1.800000e+03	3.006370e-07	1.770798e-07	1.770798e-07
1.800000e+03	1.900000e+03	2.147407e-07	1.548517e-07	1.548517e-07
1.900000e+03	2.000000e+03	1.288444e-07	1.136301e-07	1.136301e-07
2.000000e+03	2.100000e+03	-8.589629e-08	1.214757e-07	1.214757e-07
2.100000e+03	2.200000e+03	-9.218089e-15	6.073785e-08	6.073785e-08
2.200000e+03	2.300000e+03	4.294815e-08	4.294814e-08	4.294814e-08
2.300000e+03	2.400000e+03	0.000000e+00	0.000000e+00	0.000000e+00
2.400000e+03	2.500000e+03	-1.843617e-15	6.073785e-08	6.073785e-08
2.500000e+03	2.600000e+03	1.288444e-07	7.438837e-08	7.438837e-08
2.600000e+03	2.700000e+03	8.589629e-08	6.073785e-08	6.073785e-08
2.700000e+03	2.800000e+03	4.294814e-08	4.294814e-08	4.294814e-08
2.800000e+03	2.900000e+03	0.000000e+00	0.000000e+00	0.000000e+00
2.900000e+03	3.000000e+03	4.294814e-08	4.294814e-08	4.294814e-08
3.000000e+03	3.100000e+03	0.000000e+00	0.000000e+00	0.000000e+00
3.100000e+03	3.200000e+03	0.000000e+00	0.000000e+00	0.000000e+00
3.200000e+03	3.300000e+03	0.000000e+00	0.000000e+00	0.000000e+00
3.300000e+03	3.400000e+03	0.000000e+00	0.000000e+00	0.000000e+00
3.400000e+03	3.500000e+03	0.000000e+00	0.000000e+00	0.000000e+00
3.500000e+03	3.600000e+03	0.000000e+00	0.000000e+00	0.000000e+00
3.600000e+03	3.700000e+03	0.000000e+00	0.000000e+00	0.000000e+00
3.700000e+03	3.800000e+03	0.000000e+00	0.000000e+00	0.000000e+00
3.800000e+03	3.900000e+03	0.000000e+00	0.000000e+00	0.000000e+00
3.900000e+03	4.000000e+03	0.000000e+00	0.000000e+00	0.000000e+00
# END HISTO1D

