# title = Missing Transverse Momentum
# xlabel = $p_{\text{T},\text{miss}}\,$[GeV]
# ylabel = $\frac{\text{d}\sigma}{\text{d}p_{\text{T},\text{miss}}}\,\left[\frac{\text{fb}}{\text{GeV}}\right]$
# xmin=  0.000E+00
# xmax=  8.000E+02
# ymin=  1.000E-06
# ymax=  1.000E-01
# kmin= -5.000E+01
# kmax=  1.000E+01
# logscale = true
# Renormalization and factorization scale scaled by: 1.0000000000
# Renormalization scaled by: 1.0000000000
#
#
#=====================================================================================
# No.       Left      Right                   Value                   Error Hits
#-------------------------------------------------------------------------------------
   1       0.00      20.00  0.000000000000000E+00  0.000000000000000E+00 0
   2      20.00      40.00  0.000000000000000E+00  0.000000000000000E+00 0
   3      40.00      60.00  1.513928516760623E-02  4.498719234566169E-06 267275265
   4      60.00      80.00  1.404869348147000E-02  4.566026551700930E-06 241012792
   5      80.00     100.00  1.124746964174993E-02  4.278238104561255E-06 186126255
   6     100.00     120.00  8.408365571314294E-03  3.787117675711097E-06 143829681
   7     120.00     140.00  6.228508525593579E-03  3.311123310151762E-06 114764785
   8     140.00     160.00  4.669885101309570E-03  2.878592334765820E-06 93989320
   9     160.00     180.00  3.559464758684779E-03  2.475846033625392E-06 78403841
  10     180.00     200.00  2.756318295225137E-03  2.180956543943274E-06 66288019
  11     200.00     220.00  2.159951266392109E-03  1.882409768182477E-06 56651193
  12     220.00     240.00  1.704983095623302E-03  1.649202045766330E-06 48839159
  13     240.00     260.00  1.360485594094212E-03  1.449047075839845E-06 42429437
  14     260.00     280.00  1.088359275669129E-03  1.257677276368863E-06 37113077
  15     280.00     300.00  8.788091948868972E-04  1.110946133110481E-06 32638078
  16     300.00     320.00  7.118955329388374E-04  9.783172245988316E-07 28872204
  17     320.00     340.00  5.827259979335071E-04  8.778283584026593E-07 25660688
  18     340.00     360.00  4.755907725470150E-04  7.637154768229401E-07 22907596
  19     360.00     380.00  3.903746220273648E-04  6.771762601308123E-07 20533902
  20     380.00     400.00  3.246720275403367E-04  6.019622043466827E-07 18473161
  21     400.00     420.00  2.687871101190015E-04  5.368438536921154E-07 16673867
  22     420.00     440.00  2.246974831865582E-04  4.821140374092958E-07 15098044
  23     440.00     460.00  1.886456759948380E-04  4.273270149703343E-07 13701592
  24     460.00     480.00  1.574780060010318E-04  3.805292227122821E-07 12473188
  25     480.00     500.00  1.332907301599595E-04  3.439144790739211E-07 11390410
  26     500.00     520.00  1.125971235218548E-04  3.064081901539717E-07 10411701
  27     520.00     540.00  9.490018129314386E-05  2.731392178818286E-07 9535140
  28     540.00     560.00  8.072992093307809E-05  2.463281236250410E-07 8761087
  29     560.00     580.00  6.903675627532679E-05  2.240355029758122E-07 8064880
  30     580.00     600.00  5.869223556012141E-05  1.987756279566506E-07 7423542
  31     600.00     620.00  5.020562166059621E-05  1.806096256953456E-07 6856397
  32     620.00     640.00  4.321520523337000E-05  1.627791259294111E-07 6334548
  33     640.00     660.00  3.698856193978226E-05  1.446708127276590E-07 5865946
  34     660.00     680.00  3.184614444951415E-05  1.308506635201608E-07 5440575
  35     680.00     700.00  2.751254491957223E-05  1.179922073305583E-07 5049389
  36     700.00     720.00  2.401642184159138E-05  1.171367964297450E-07 4695593
  37     720.00     740.00  2.084799131314705E-05  1.002058917693921E-07 4367148
  38     740.00     760.00  1.802744311905458E-05  9.104906982212931E-08 4067634
  39     760.00     780.00  1.567343120956402E-05  8.089451223606209E-08 3791947
  40     780.00     800.00  1.369977345736620E-05  7.690868593833009E-08 3538945
  41     800.00     820.00  1.198385293289761E-05  6.907904929714786E-08 3306051
  42     820.00     840.00  1.047410423461182E-05  6.291961809238806E-08 3093564
  43     840.00     860.00  9.256094022732096E-06  5.805735269961966E-08 2898053
  44     860.00     880.00  7.903058634222290E-06  4.961158192990047E-08 2713573
  45     880.00     900.00  6.953772181941868E-06  4.555550617784199E-08 2547545
  46     900.00     920.00  6.172673550375803E-06  4.422879636996291E-08 2387066
  47     920.00     940.00  5.413648411366146E-06  3.881741542229348E-08 2241834
  48     940.00     960.00  4.794392469024034E-06  3.742050076945550E-08 2105511
  49     960.00     980.00  4.195460709692604E-06  3.311965912238172E-08 1981451
  50     980.00    1000.00  3.720280041420997E-06  3.247101752505268E-08 1862730
  51    1000.00    1020.00  3.324090605087618E-06  2.780859884839989E-08 1755578
  52    1020.00    1040.00  2.913526008907826E-06  2.502850433785552E-08 1653466
  53    1040.00    1060.00  2.585253586914376E-06  2.499810760712204E-08 1558990
  54    1060.00    1080.00  2.300788024864499E-06  2.179505011637929E-08 1471348
  55    1080.00    1100.00  2.003648197845410E-06  2.165344260229701E-08 1387146
  56    1100.00    1120.00  1.786196004962711E-06  1.773804784793497E-08 1309661
  57    1120.00    1140.00  1.593021508739935E-06  1.620130981416149E-08 1237089
  58    1140.00    1160.00  1.410790061685540E-06  1.486164410508885E-08 1170063
  59    1160.00    1180.00  1.240837763546205E-06  1.392499845542916E-08 1105812
  60    1180.00    1200.00  1.124793648394710E-06  1.244498325365873E-08 1045500
  61    1200.00    1220.00  1.005317293663292E-06  1.369693130966696E-08 989648
  62    1220.00    1240.00  8.739978425322130E-07  1.034034490877248E-08 938135
  63    1240.00    1260.00  7.721030801625650E-07  9.985534299137907E-09 888489
  64    1260.00    1280.00  7.089089570065123E-07  9.122278994977184E-09 843480
  65    1280.00    1300.00  6.300074739907186E-07  8.213921263499608E-09 797483
  66    1300.00    1320.00  5.611880356325528E-07  7.920239211874093E-09 756475
  67    1320.00    1340.00  5.093550001702221E-07  7.494629054777726E-09 720327
  68    1340.00    1360.00  4.571335914890703E-07  7.036413085835716E-09 681971
  69    1360.00    1380.00  4.088652786736337E-07  7.153181235681250E-09 647078
  70    1380.00    1400.00  3.634659228294369E-07  5.583986607119904E-09 615147
  71    1400.00    1420.00  3.181972219137430E-07  4.931655131821956E-09 583571
  72    1420.00    1440.00  2.858482155066906E-07  4.588762968569402E-09 555635
  73    1440.00    1460.00  2.541726142540072E-07  4.029598786185784E-09 527378
  74    1460.00    1480.00  2.348843378978301E-07  4.217486145323587E-09 500417
  75    1480.00    1500.00  2.042915420305622E-07  3.667142905651589E-09 476730
  76    1500.00    1520.00  1.868727918817146E-07  3.537364389447269E-09 453272
  77    1520.00    1540.00  1.674203545343261E-07  3.784365052988880E-09 431091
  78    1540.00    1560.00  1.521079582757950E-07  2.931342398043593E-09 411656
  79    1560.00    1580.00  1.365357680839075E-07  2.741694598516450E-09 390840
  80    1580.00    1600.00  1.206019597046119E-07  2.365258293987215E-09 371702
  81    1600.00    1620.00  1.098161546015240E-07  2.496551290276216E-09 354906
  82    1620.00    1640.00  1.030071733779071E-07  2.229738519504581E-09 338538
  83    1640.00    1660.00  8.866551818562994E-08  1.944251267758990E-09 323269
  84    1660.00    1680.00  8.069504532299565E-08  1.951081463178899E-09 307078
  85    1680.00    1700.00  7.466520624942023E-08  1.960819010026142E-09 292146
  86    1700.00    1720.00  6.542961594576773E-08  1.571755150741744E-09 278813
  87    1720.00    1740.00  6.009782383934162E-08  1.458205276419630E-09 266612
  88    1740.00    1760.00  5.679556726154893E-08  1.755649515119530E-09 254313
  89    1760.00    1780.00  4.604639062857453E-08  1.138101305077403E-09 242824
  90    1780.00    1800.00  4.625691833517362E-08  1.275060897609288E-09 231711
  91    1800.00    1820.00  3.894105478199074E-08  1.312067362600741E-09 220885
  92    1820.00    1840.00  3.574263838414717E-08  1.124167376423604E-09 211405
  93    1840.00    1860.00  3.204586995820784E-08  9.988154236650656E-10 201093
  94    1860.00    1880.00  2.754783677903777E-08  8.163764511661495E-10 192667
  95    1880.00    1900.00  2.435152855124919E-08  7.500018913643001E-10 182765
  96    1900.00    1920.00  2.262309642718680E-08  6.978675007466215E-10 175298
  97    1920.00    1940.00  2.004006256357200E-08  6.148727441550847E-10 166618
  98    1940.00    1960.00  1.862171958458189E-08  6.194949087820266E-10 159823
  99    1960.00    1980.00  1.746512629118236E-08  5.752611365922129E-10 152519
 100    1980.00    2000.00  1.528633318947289E-08  6.624780475682766E-10 146188
 101    2000.00    2020.00  1.405074057576166E-08  4.548482226060843E-10 138965
 102    2020.00    2040.00  1.216936903714742E-08  5.208174167410019E-10 133658
 103    2040.00    2060.00  1.099001178191038E-08  3.912352406617092E-10 127292
 104    2060.00    2080.00  9.550966022349887E-09  3.165152018088205E-10 121403
 105    2080.00    2100.00  8.574624940104580E-09  3.165014262560827E-10 115584
 106    2100.00    2120.00  7.889453391300494E-09  3.311774874161012E-10 111483
 107    2120.00    2140.00  7.401720559334764E-09  3.017338198945394E-10 106021
 108    2140.00    2160.00  6.508703045594935E-09  2.359000293247987E-10 101757
 109    2160.00    2180.00  5.763715127946034E-09  2.306174706180082E-10 97691
 110    2180.00    2200.00  5.848797867436418E-09  2.699333167034995E-10 93229
 111    2200.00    2220.00  5.148149877026105E-09  2.375595717883439E-10 88742
 112    2220.00    2240.00  4.450150526446816E-09  2.130152991927725E-10 85531
 113    2240.00    2260.00  3.982487904793859E-09  1.817739195551839E-10 81288
 114    2260.00    2280.00  3.617993292672144E-09  1.623832067426518E-10 78086
 115    2280.00    2300.00  3.207875680789137E-09  1.349806321495242E-10 74537
 116    2300.00    2320.00  3.394745539851604E-09  3.341344132423267E-10 71637
 117    2320.00    2340.00  2.647713561040857E-09  1.397745037618018E-10 68027
 118    2340.00    2360.00  2.399631519573557E-09  1.118843723399327E-10 65157
 119    2360.00    2380.00  2.167112717275253E-09  1.172633309032473E-10 62225
 120    2380.00    2400.00  1.791824590975149E-09  1.162919661199704E-10 59779
 121    2400.00    2420.00  1.929799557489889E-09  1.075809266231711E-10 57369
 122    2420.00    2440.00  1.633346284365181E-09  8.256384502973881E-11 54803
 123    2440.00    2460.00  1.539877115834468E-09  9.429781757989670E-11 52012
 124    2460.00    2480.00  1.347188875213827E-09  8.890156866406907E-11 50337
 125    2480.00    2500.00  1.185198674635394E-09  7.618445098502898E-11 48438
 126    2500.00    2520.00  1.121345471649378E-09  7.495753061707620E-11 46049
 127    2520.00    2540.00  1.110058263544654E-09  8.042882663513706E-11 43634
 128    2540.00    2560.00  9.237785069954739E-10  6.109095374163211E-11 42176
 129    2560.00    2580.00  8.947914827894979E-10  6.890622740623884E-11 39968
 130    2580.00    2600.00  7.026344576118784E-10  4.570762410896823E-11 38589
 131    2600.00    2620.00  7.135595111117090E-10  4.646461047852249E-11 37211
 132    2620.00    2640.00  6.416032206687687E-10  5.425759796733852E-11 35198
 133    2640.00    2660.00  4.691486771949787E-10  3.992592023438197E-11 33836
 134    2660.00    2680.00  4.904422278455410E-10  5.322076110493424E-11 32572
 135    2680.00    2700.00  4.781843424401654E-10  3.808382940611547E-11 30997
 136    2700.00    2720.00  3.876833657697299E-10  2.851818498571670E-11 29580
 137    2720.00    2740.00  3.291632251962486E-10  2.434910577856332E-11 28879
 138    2740.00    2760.00  3.353151607542248E-10  2.858290503821273E-11 27369
 139    2760.00    2780.00  2.572987013072460E-10  2.079023717453997E-11 26324
 140    2780.00    2800.00  2.481569370219899E-10  2.397438759406538E-11 24943
 141    2800.00    2820.00  2.541032096750701E-10  2.204734014072710E-11 24018
 142    2820.00    2840.00  1.876812724770756E-10  1.626104239035787E-11 22913
 143    2840.00    2860.00  1.942801437065255E-10  1.737388969691474E-11 21995
 144    2860.00    2880.00  1.520106258756847E-10  1.236476941890674E-11 20897
 145    2880.00    2900.00  1.452408188213034E-10  1.184773062376034E-11 20143
 146    2900.00    2920.00  1.267050014038495E-10  1.453149060647205E-11 19289
 147    2920.00    2940.00  1.395746291777021E-10  1.566077565514383E-11 18618
 148    2940.00    2960.00  1.117044263102933E-10  2.112840832511428E-11 17465
 149    2960.00    2980.00  9.675618379965658E-11  1.171106933906371E-11 16907
 150    2980.00    3000.00  8.063352610192957E-11  7.735434331273784E-12 16221
 151    3000.00    3020.00  6.989768861026317E-11  7.296262981379653E-12 15338
 152    3020.00    3040.00  6.729822920893450E-11  8.148586266209222E-12 14698
 153    3040.00    3060.00  6.420189196982479E-11  7.993573594999374E-12 13934
 154    3060.00    3080.00  6.153036497523088E-11  9.262842113416103E-12 13418
 155    3080.00    3100.00  4.761339682257674E-11  7.168897417181619E-12 13090
 156    3100.00    3120.00  4.915918667188845E-11  5.300026165816552E-12 12554
 157    3120.00    3140.00  3.700806003110787E-11  4.041634346917388E-12 11807
 158    3140.00    3160.00  3.991551699571973E-11  5.879311855837361E-12 11446
 159    3160.00    3180.00  2.915726521756843E-11  3.643998200490243E-12 10785
 160    3180.00    3200.00  2.928949226010713E-11  4.201057883328437E-12 10206
 161    3200.00    3220.00  2.403110495006759E-11  5.068940081362813E-12 9896
 162    3220.00    3240.00  2.180283457162024E-11  2.610963087214055E-12 9513
 163    3240.00    3260.00  2.414904319545720E-11  3.908885648590146E-12 8999
 164    3260.00    3280.00  1.992690219570925E-11  3.335577474978083E-12 8696
 165    3280.00    3300.00  1.278413848316056E-11  1.996490477176555E-12 8326
 166    3300.00    3320.00  1.294322150354940E-11  1.722410761488569E-12 7884
 167    3320.00    3340.00  1.536639120523444E-11  2.600452250604577E-12 7535
 168    3340.00    3360.00  1.394786657202243E-11  2.157062501022886E-12 7133
 169    3360.00    3380.00  1.080297524036727E-11  1.586616977656748E-12 7005
 170    3380.00    3400.00  1.398570789275314E-11  3.192659416327095E-12 6614
 171    3400.00    3420.00  1.031732032379387E-11  2.302368756546798E-12 6289
 172    3420.00    3440.00  5.862022995824805E-12  8.477268254025303E-13 6115
 173    3440.00    3460.00  7.073422472872013E-12  1.331752784861283E-12 5846
 174    3460.00    3480.00  6.089093364777981E-12  1.153082087035128E-12 5526
 175    3480.00    3500.00  4.029579046356496E-12  6.219471337968916E-13 5336
 176    3500.00    3520.00  5.251122397980924E-12  9.789011977487055E-13 5089
 177    3520.00    3540.00  3.405521561168885E-12  6.023606762989865E-13 4903
 178    3540.00    3560.00  3.164969849622654E-12  5.231206698960827E-13 4510
 179    3560.00    3580.00  4.015062504594567E-12  1.926888901800802E-12 4415
 180    3580.00    3600.00  2.704986652424223E-12  4.512076243096839E-13 4220
 181    3600.00    3620.00  3.918168872759315E-12  1.015228992167516E-12 3971
 182    3620.00    3640.00  1.399778500215037E-12  2.241195782891659E-13 3804
 183    3640.00    3660.00  1.269368052209864E-12  2.542178628242989E-13 3664
 184    3660.00    3680.00  2.284262345661092E-12  5.469199615627024E-13 3405
 185    3680.00    3700.00  8.818262978711071E-13  1.506819745150530E-13 3261
 186    3700.00    3720.00  1.510688481319467E-12  3.608319353733776E-13 3112
 187    3720.00    3740.00  1.050068181624291E-12  2.377183686197718E-13 3045
 188    3740.00    3760.00  8.471288839905977E-13  1.710971219642447E-13 2756
 189    3760.00    3780.00  1.814042758454442E-12  1.051980273609343E-12 2670
 190    3780.00    3800.00  5.554114138850715E-13  1.317054640318698E-13 2625
 191    3800.00    3820.00  8.279692682332584E-13  2.417903676757184E-13 2393
 192    3820.00    3840.00  8.680123804308709E-13  2.524941258233872E-13 2373
 193    3840.00    3860.00  3.999252799699929E-13  1.167036648254768E-13 2172
 194    3860.00    3880.00  5.496630904786869E-13  1.699809773109929E-13 2112
 195    3880.00    3900.00  4.641398732374294E-13  1.205708409023486E-13 2092
 196    3900.00    3920.00  2.165213410630508E-13  4.466464434643549E-14 2003
 197    3920.00    3940.00  1.274630251624900E-13  2.615364605223477E-14 1953
 198    3940.00    3960.00  2.510116806490991E-13  6.009425105104507E-14 1751
 199    3960.00    3980.00  2.210769031445215E-13  5.446370634303464E-14 1654
 200    3980.00    4000.00  1.822547626660765E-13  5.782513382761140E-14 1601
 201    4000.00    4020.00  2.034691938826898E-13  4.924818642852385E-14 1535
 202    4020.00    4040.00  2.039917311484050E-13  8.450347197987346E-14 1467
 203    4040.00    4060.00  2.102219576750695E-13  1.268985792721508E-13 1365
 204    4060.00    4080.00  1.791805042801688E-13  9.057785084487430E-14 1269
 205    4080.00    4100.00  1.577072297829266E-13  7.178300852066006E-14 1224
 206    4100.00    4120.00  8.868371291841712E-14  3.383911414011525E-14 1140
 207    4120.00    4140.00  6.719797707468369E-14  2.373503360141711E-14 1095
 208    4140.00    4160.00  9.903678397662573E-14  3.786971134205035E-14 1039
 209    4160.00    4180.00  5.797145015800562E-14  2.388889094669430E-14 992
 210    4180.00    4200.00  6.925242939710144E-14  3.549456846087109E-14 1009
 211    4200.00    4220.00  2.548304641938158E-14  7.202225915056701E-15 905
 212    4220.00    4240.00  4.211381883260494E-14  1.484451532129998E-14 787
 213    4240.00    4260.00  5.191713427482582E-14  3.197179955161346E-14 852
 214    4260.00    4280.00  1.695348023485331E-14  9.005978448238496E-15 778
 215    4280.00    4300.00  1.963629966810847E-14  6.365025947074204E-15 722
 216    4300.00    4320.00  2.290461715578824E-14  1.390026472760920E-14 700
 217    4320.00    4340.00  3.919442292666073E-14  2.289645045977228E-14 688
 218    4340.00    4360.00  6.594693494095666E-15  1.997929200212599E-15 606
 219    4360.00    4380.00  7.111755240267923E-15  2.507377887229761E-15 546
 220    4380.00    4400.00  5.438931967776737E-15  1.818702145141476E-15 582
 221    4400.00    4420.00  6.844945067911568E-15  2.708179060592092E-15 535
 222    4420.00    4440.00  4.230717882423857E-15  1.979550524567354E-15 488
 223    4440.00    4460.00  4.354955585122943E-15  2.264148787933994E-15 410
 224    4460.00    4480.00  7.834827331217722E-15  3.715026605944766E-15 454
 225    4480.00    4500.00  1.031829822610229E-15  3.305512621971753E-16 425
 226    4500.00    4520.00  2.132016404343939E-15  1.000146467432572E-15 391
 227    4520.00    4540.00  4.653024372865020E-15  2.609002664326723E-15 348
 228    4540.00    4560.00  2.096372356390287E-15  9.667383786590145E-16 334
 229    4560.00    4580.00  3.111972527781054E-15  2.078246673745270E-15 328
 230    4580.00    4600.00  5.368826060781866E-15  4.631392415685358E-15 287
 231    4600.00    4620.00  5.119323182979405E-16  2.442333617329485E-16 273
 232    4620.00    4640.00  9.596906478314775E-16  5.983062449817625E-16 262
 233    4640.00    4660.00  1.563524174417260E-16  7.407205109270207E-17 254
 234    4660.00    4680.00  8.979557413752596E-16  4.313446971864296E-16 222
 235    4680.00    4700.00  1.287712721672101E-15  5.490033414204826E-16 227
 236    4700.00    4720.00  1.045526853975231E-15  5.464793733850201E-16 207
 237    4720.00    4740.00  3.839138997811754E-16  2.754228758081094E-16 215
 238    4740.00    4760.00  8.869829972011840E-16  4.356156231299910E-16 188
 239    4760.00    4780.00  1.276794969071333E-15  8.207366645493685E-16 180
 240    4780.00    4800.00  2.080575828783039E-16  1.315233596435638E-16 176
 241    4800.00    4820.00  3.358349336720130E-16  3.191054703549527E-16 164
 242    4820.00    4840.00  8.573311293486621E-17  6.288795029666744E-17 142
 243    4840.00    4860.00  6.996644485200363E-17  3.494688794710194E-17 137
 244    4860.00    4880.00  2.151708134171545E-17  1.265910715934208E-17 121
 245    4880.00    4900.00 -1.329644809989421E-16  1.135590354757661E-16 111
 246    4900.00    4920.00  8.280441127472666E-17  5.973256261267345E-17 109
 247    4920.00    4940.00  7.979124729860635E-18  1.080446775994236E-17 106
 248    4940.00    4960.00  1.798593736777361E-17  1.078489572983226E-17 100
 249    4960.00    4980.00  2.615795221010338E-16  1.860607761179815E-16 89
 250    4980.00    5000.00  1.541789219893024E-17  8.427879820689960E-18 89
 251    5000.00    5020.00  1.261660781886764E-16  1.100799284103785E-16 60
 252    5020.00    5040.00  1.081342084313722E-18  4.997088468903018E-18 75
 253    5040.00    5060.00 -5.156974464241259E-18  8.637728349121287E-18 76
 254    5060.00    5080.00  3.733223887224902E-17  2.991336706747574E-17 73
 255    5080.00    5100.00 -3.387424433485476E-18  2.909637014722556E-18 45
 256    5100.00    5120.00  1.050413541005882E-17  6.906831917393917E-18 59
 257    5120.00    5140.00  3.324779682057226E-18  2.439520019930001E-18 44
 258    5140.00    5160.00  1.170185044469761E-17  1.047838696082727E-17 52
 259    5160.00    5180.00  1.059756563192525E-18  7.562418755167002E-19 37
 260    5180.00    5200.00  1.998512352922121E-17  1.952940791656575E-17 27
 261    5200.00    5220.00  5.757257096148319E-18  6.261049361155208E-18 36
 262    5220.00    5240.00 -3.297067563985890E-19  3.655484695709727E-19 27
 263    5240.00    5260.00  5.500143000019193E-19  6.402220462072653E-19 31
 264    5260.00    5280.00  1.983735523145375E-18  1.539125604636297E-18 23
 265    5280.00    5300.00  1.489880732787806E-18  2.752246122037898E-18 18
 266    5300.00    5320.00 -6.356420667286514E-19  6.155134329884941E-19 22
 267    5320.00    5340.00  4.864998240425457E-19  6.021102228990701E-19 24
 268    5340.00    5360.00  9.405118803089712E-20  1.304367183081479E-19 15
 269    5360.00    5380.00  1.308657487668944E-21  5.490557810364272E-21 13
 270    5380.00    5400.00  4.483530514123073E-20  6.301993539276839E-20 18
 271    5400.00    5420.00 -1.975304354269247E-19  2.694595880189333E-19 15
 272    5420.00    5440.00  2.009688982683415E-19  2.209988300533745E-19 14
 273    5440.00    5460.00 -1.505969051868531E-22  1.585561401150380E-22 5
 274    5460.00    5480.00  5.050391580653792E-20  4.786280402713363E-20 11
 275    5480.00    5500.00 -1.291527408063661E-20  1.316949617480138E-20 9
 276    5500.00    5520.00  3.097172683963335E-20  2.799667161313523E-20 11
 277    5520.00    5540.00 -2.906173963975984E-22  4.177859010349911E-22 6
 278    5540.00    5560.00 -1.090258085085921E-20  1.163653287546165E-20 8
 279    5560.00    5580.00 -1.220103174722685E-20  1.080432991616577E-20 7
 280    5580.00    5600.00 -1.749640916838356E-20  1.788912815923898E-20 8
 281    5600.00    5620.00  5.126584881711289E-21  1.120776957695444E-20 4
 282    5620.00    5640.00  9.519301907483628E-21  7.760516353326083E-21 5
 283    5640.00    5660.00  1.596886354221538E-22  1.540999178936129E-22 4
 284    5660.00    5680.00 -3.486460356213908E-23  3.893831955429578E-23 2
 285    5680.00    5700.00  0.000000000000000E+00  0.000000000000000E+00 0
 286    5700.00    5720.00  0.000000000000000E+00  0.000000000000000E+00 0
 287    5720.00    5740.00  6.211143414122682E-23  6.211143411906796E-23 1
 288    5740.00    5760.00 -4.474790928512673E-23  4.474790927754236E-23 1
 289    5760.00    5780.00  0.000000000000000E+00  0.000000000000000E+00 0
 290    5780.00    5800.00 -7.511481226144927E-23  6.744396066507874E-23 2
 291    5800.00    5820.00  0.000000000000000E+00  0.000000000000000E+00 0
 292    5820.00    5840.00  0.000000000000000E+00  0.000000000000000E+00 0
 293    5840.00    5860.00  0.000000000000000E+00  0.000000000000000E+00 0
 294    5860.00    5880.00  3.336867144253201E-23  3.336867142973218E-23 1
 295    5880.00    5900.00  0.000000000000000E+00  0.000000000000000E+00 0
 296    5900.00    5920.00  0.000000000000000E+00  0.000000000000000E+00 0
 297    5920.00    5940.00  0.000000000000000E+00  0.000000000000000E+00 0
 298    5940.00    5960.00  0.000000000000000E+00  0.000000000000000E+00 0
 299    5960.00    5980.00  0.000000000000000E+00  0.000000000000000E+00 0
 300    5980.00    6000.00  0.000000000000000E+00  0.000000000000000E+00 0
 301    6000.00    6020.00  0.000000000000000E+00  0.000000000000000E+00 0
 302    6020.00    6040.00  0.000000000000000E+00  0.000000000000000E+00 0
 303    6040.00    6060.00  0.000000000000000E+00  0.000000000000000E+00 0
 304    6060.00    6080.00  0.000000000000000E+00  0.000000000000000E+00 0
 305    6080.00    6100.00  0.000000000000000E+00  0.000000000000000E+00 0
 306    6100.00    6120.00  0.000000000000000E+00  0.000000000000000E+00 0
 307    6120.00    6140.00  0.000000000000000E+00  0.000000000000000E+00 0
 308    6140.00    6160.00  0.000000000000000E+00  0.000000000000000E+00 0
 309    6160.00    6180.00  0.000000000000000E+00  0.000000000000000E+00 0
 310    6180.00    6200.00  0.000000000000000E+00  0.000000000000000E+00 0
 311    6200.00    6220.00  0.000000000000000E+00  0.000000000000000E+00 0
 312    6220.00    6240.00  0.000000000000000E+00  0.000000000000000E+00 0
 313    6240.00    6260.00  0.000000000000000E+00  0.000000000000000E+00 0
 314    6260.00    6280.00  0.000000000000000E+00  0.000000000000000E+00 0
 315    6280.00    6300.00  0.000000000000000E+00  0.000000000000000E+00 0
 316    6300.00    6320.00  0.000000000000000E+00  0.000000000000000E+00 0
 317    6320.00    6340.00  0.000000000000000E+00  0.000000000000000E+00 0
 318    6340.00    6360.00  0.000000000000000E+00  0.000000000000000E+00 0
 319    6360.00    6380.00  0.000000000000000E+00  0.000000000000000E+00 0
 320    6380.00    6400.00  0.000000000000000E+00  0.000000000000000E+00 0
 321    6400.00    6420.00  0.000000000000000E+00  0.000000000000000E+00 0
 322    6420.00    6440.00  0.000000000000000E+00  0.000000000000000E+00 0
 323    6440.00    6460.00  0.000000000000000E+00  0.000000000000000E+00 0
 324    6460.00    6480.00  0.000000000000000E+00  0.000000000000000E+00 0
 325    6480.00    6500.00  0.000000000000000E+00  0.000000000000000E+00 0
 326    6500.00    6520.00  0.000000000000000E+00  0.000000000000000E+00 0
 327    6520.00    6540.00  0.000000000000000E+00  0.000000000000000E+00 0
 328    6540.00    6560.00  0.000000000000000E+00  0.000000000000000E+00 0
 329    6560.00    6580.00  0.000000000000000E+00  0.000000000000000E+00 0
 330    6580.00    6600.00  0.000000000000000E+00  0.000000000000000E+00 0
 331    6600.00    6620.00  0.000000000000000E+00  0.000000000000000E+00 0
 332    6620.00    6640.00  0.000000000000000E+00  0.000000000000000E+00 0
 333    6640.00    6660.00  0.000000000000000E+00  0.000000000000000E+00 0
 334    6660.00    6680.00  0.000000000000000E+00  0.000000000000000E+00 0
 335    6680.00    6700.00  0.000000000000000E+00  0.000000000000000E+00 0
 336    6700.00    6720.00  0.000000000000000E+00  0.000000000000000E+00 0
 337    6720.00    6740.00  0.000000000000000E+00  0.000000000000000E+00 0
 338    6740.00    6760.00  0.000000000000000E+00  0.000000000000000E+00 0
 339    6760.00    6780.00  0.000000000000000E+00  0.000000000000000E+00 0
 340    6780.00    6800.00  0.000000000000000E+00  0.000000000000000E+00 0
 341    6800.00    6820.00  0.000000000000000E+00  0.000000000000000E+00 0
 342    6820.00    6840.00  0.000000000000000E+00  0.000000000000000E+00 0
 343    6840.00    6860.00  0.000000000000000E+00  0.000000000000000E+00 0
 344    6860.00    6880.00  0.000000000000000E+00  0.000000000000000E+00 0
 345    6880.00    6900.00  0.000000000000000E+00  0.000000000000000E+00 0
 346    6900.00    6920.00  0.000000000000000E+00  0.000000000000000E+00 0
 347    6920.00    6940.00  0.000000000000000E+00  0.000000000000000E+00 0
 348    6940.00    6960.00  0.000000000000000E+00  0.000000000000000E+00 0
 349    6960.00    6980.00  0.000000000000000E+00  0.000000000000000E+00 0
 350    6980.00    7000.00  0.000000000000000E+00  0.000000000000000E+00 0
 351    7000.00    7020.00  0.000000000000000E+00  0.000000000000000E+00 0
 352    7020.00    7040.00  0.000000000000000E+00  0.000000000000000E+00 0
 353    7040.00    7060.00  0.000000000000000E+00  0.000000000000000E+00 0
 354    7060.00    7080.00  0.000000000000000E+00  0.000000000000000E+00 0
 355    7080.00    7100.00  0.000000000000000E+00  0.000000000000000E+00 0
 356    7100.00    7120.00  0.000000000000000E+00  0.000000000000000E+00 0
 357    7120.00    7140.00  0.000000000000000E+00  0.000000000000000E+00 0
 358    7140.00    7160.00  0.000000000000000E+00  0.000000000000000E+00 0
 359    7160.00    7180.00  0.000000000000000E+00  0.000000000000000E+00 0
 360    7180.00    7200.00  0.000000000000000E+00  0.000000000000000E+00 0
 361    7200.00    7220.00  0.000000000000000E+00  0.000000000000000E+00 0
 362    7220.00    7240.00  0.000000000000000E+00  0.000000000000000E+00 0
 363    7240.00    7260.00  0.000000000000000E+00  0.000000000000000E+00 0
 364    7260.00    7280.00  0.000000000000000E+00  0.000000000000000E+00 0
 365    7280.00    7300.00  0.000000000000000E+00  0.000000000000000E+00 0
 366    7300.00    7320.00  0.000000000000000E+00  0.000000000000000E+00 0
 367    7320.00    7340.00  0.000000000000000E+00  0.000000000000000E+00 0
 368    7340.00    7360.00  0.000000000000000E+00  0.000000000000000E+00 0
 369    7360.00    7380.00  0.000000000000000E+00  0.000000000000000E+00 0
 370    7380.00    7400.00  0.000000000000000E+00  0.000000000000000E+00 0
 371    7400.00    7420.00  0.000000000000000E+00  0.000000000000000E+00 0
 372    7420.00    7440.00  0.000000000000000E+00  0.000000000000000E+00 0
 373    7440.00    7460.00  0.000000000000000E+00  0.000000000000000E+00 0
 374    7460.00    7480.00  0.000000000000000E+00  0.000000000000000E+00 0
 375    7480.00    7500.00  0.000000000000000E+00  0.000000000000000E+00 0
 376    7500.00    7520.00  0.000000000000000E+00  0.000000000000000E+00 0
 377    7520.00    7540.00  0.000000000000000E+00  0.000000000000000E+00 0
 378    7540.00    7560.00  0.000000000000000E+00  0.000000000000000E+00 0
 379    7560.00    7580.00  0.000000000000000E+00  0.000000000000000E+00 0
 380    7580.00    7600.00  0.000000000000000E+00  0.000000000000000E+00 0
 381    7600.00    7620.00  0.000000000000000E+00  0.000000000000000E+00 0
 382    7620.00    7640.00  0.000000000000000E+00  0.000000000000000E+00 0
 383    7640.00    7660.00  0.000000000000000E+00  0.000000000000000E+00 0
 384    7660.00    7680.00  0.000000000000000E+00  0.000000000000000E+00 0
 385    7680.00    7700.00  0.000000000000000E+00  0.000000000000000E+00 0
 386    7700.00    7720.00  0.000000000000000E+00  0.000000000000000E+00 0
 387    7720.00    7740.00  0.000000000000000E+00  0.000000000000000E+00 0
 388    7740.00    7760.00  0.000000000000000E+00  0.000000000000000E+00 0
 389    7760.00    7780.00  0.000000000000000E+00  0.000000000000000E+00 0
 390    7780.00    7800.00  0.000000000000000E+00  0.000000000000000E+00 0
 391    7800.00    7820.00  0.000000000000000E+00  0.000000000000000E+00 0
 392    7820.00    7840.00  0.000000000000000E+00  0.000000000000000E+00 0
 393    7840.00    7860.00  0.000000000000000E+00  0.000000000000000E+00 0
 394    7860.00    7880.00  0.000000000000000E+00  0.000000000000000E+00 0
 395    7880.00    7900.00  0.000000000000000E+00  0.000000000000000E+00 0
 396    7900.00    7920.00  0.000000000000000E+00  0.000000000000000E+00 0
 397    7920.00    7940.00  0.000000000000000E+00  0.000000000000000E+00 0
 398    7940.00    7960.00  0.000000000000000E+00  0.000000000000000E+00 0
 399    7960.00    7980.00  0.000000000000000E+00  0.000000000000000E+00 0
 400    7980.00    8000.00  0.000000000000000E+00  0.000000000000000E+00 0
 401    8000.00    8020.00  0.000000000000000E+00  0.000000000000000E+00 0
 402    8020.00    8040.00  0.000000000000000E+00  0.000000000000000E+00 0
 403    8040.00    8060.00  0.000000000000000E+00  0.000000000000000E+00 0
 404    8060.00    8080.00  0.000000000000000E+00  0.000000000000000E+00 0
 405    8080.00    8100.00  0.000000000000000E+00  0.000000000000000E+00 0
 406    8100.00    8120.00  0.000000000000000E+00  0.000000000000000E+00 0
 407    8120.00    8140.00  0.000000000000000E+00  0.000000000000000E+00 0
 408    8140.00    8160.00  0.000000000000000E+00  0.000000000000000E+00 0
 409    8160.00    8180.00  0.000000000000000E+00  0.000000000000000E+00 0
 410    8180.00    8200.00  0.000000000000000E+00  0.000000000000000E+00 0
 411    8200.00    8220.00  0.000000000000000E+00  0.000000000000000E+00 0
 412    8220.00    8240.00  0.000000000000000E+00  0.000000000000000E+00 0
 413    8240.00    8260.00  0.000000000000000E+00  0.000000000000000E+00 0
 414    8260.00    8280.00  0.000000000000000E+00  0.000000000000000E+00 0
 415    8280.00    8300.00  0.000000000000000E+00  0.000000000000000E+00 0
 416    8300.00    8320.00  0.000000000000000E+00  0.000000000000000E+00 0
 417    8320.00    8340.00  0.000000000000000E+00  0.000000000000000E+00 0
 418    8340.00    8360.00  0.000000000000000E+00  0.000000000000000E+00 0
 419    8360.00    8380.00  0.000000000000000E+00  0.000000000000000E+00 0
 420    8380.00    8400.00  0.000000000000000E+00  0.000000000000000E+00 0
 421    8400.00    8420.00  0.000000000000000E+00  0.000000000000000E+00 0
 422    8420.00    8440.00  0.000000000000000E+00  0.000000000000000E+00 0
 423    8440.00    8460.00  0.000000000000000E+00  0.000000000000000E+00 0
 424    8460.00    8480.00  0.000000000000000E+00  0.000000000000000E+00 0
 425    8480.00    8500.00  0.000000000000000E+00  0.000000000000000E+00 0
 426    8500.00    8520.00  0.000000000000000E+00  0.000000000000000E+00 0
 427    8520.00    8540.00  0.000000000000000E+00  0.000000000000000E+00 0
 428    8540.00    8560.00  0.000000000000000E+00  0.000000000000000E+00 0
 429    8560.00    8580.00  0.000000000000000E+00  0.000000000000000E+00 0
 430    8580.00    8600.00  0.000000000000000E+00  0.000000000000000E+00 0
 431    8600.00    8620.00  0.000000000000000E+00  0.000000000000000E+00 0
 432    8620.00    8640.00  0.000000000000000E+00  0.000000000000000E+00 0
 433    8640.00    8660.00  0.000000000000000E+00  0.000000000000000E+00 0
 434    8660.00    8680.00  0.000000000000000E+00  0.000000000000000E+00 0
 435    8680.00    8700.00  0.000000000000000E+00  0.000000000000000E+00 0
 436    8700.00    8720.00  0.000000000000000E+00  0.000000000000000E+00 0
 437    8720.00    8740.00  0.000000000000000E+00  0.000000000000000E+00 0
 438    8740.00    8760.00  0.000000000000000E+00  0.000000000000000E+00 0
 439    8760.00    8780.00  0.000000000000000E+00  0.000000000000000E+00 0
 440    8780.00    8800.00  0.000000000000000E+00  0.000000000000000E+00 0
 441    8800.00    8820.00  0.000000000000000E+00  0.000000000000000E+00 0
 442    8820.00    8840.00  0.000000000000000E+00  0.000000000000000E+00 0
 443    8840.00    8860.00  0.000000000000000E+00  0.000000000000000E+00 0
 444    8860.00    8880.00  0.000000000000000E+00  0.000000000000000E+00 0
 445    8880.00    8900.00  0.000000000000000E+00  0.000000000000000E+00 0
 446    8900.00    8920.00  0.000000000000000E+00  0.000000000000000E+00 0
 447    8920.00    8940.00  0.000000000000000E+00  0.000000000000000E+00 0
 448    8940.00    8960.00  0.000000000000000E+00  0.000000000000000E+00 0
 449    8960.00    8980.00  0.000000000000000E+00  0.000000000000000E+00 0
 450    8980.00    9000.00  0.000000000000000E+00  0.000000000000000E+00 0
 451    9000.00    9020.00  0.000000000000000E+00  0.000000000000000E+00 0
 452    9020.00    9040.00  0.000000000000000E+00  0.000000000000000E+00 0
 453    9040.00    9060.00  0.000000000000000E+00  0.000000000000000E+00 0
 454    9060.00    9080.00  0.000000000000000E+00  0.000000000000000E+00 0
 455    9080.00    9100.00  0.000000000000000E+00  0.000000000000000E+00 0
 456    9100.00    9120.00  0.000000000000000E+00  0.000000000000000E+00 0
 457    9120.00    9140.00  0.000000000000000E+00  0.000000000000000E+00 0
 458    9140.00    9160.00  0.000000000000000E+00  0.000000000000000E+00 0
 459    9160.00    9180.00  0.000000000000000E+00  0.000000000000000E+00 0
 460    9180.00    9200.00  0.000000000000000E+00  0.000000000000000E+00 0
 461    9200.00    9220.00  0.000000000000000E+00  0.000000000000000E+00 0
 462    9220.00    9240.00  0.000000000000000E+00  0.000000000000000E+00 0
 463    9240.00    9260.00  0.000000000000000E+00  0.000000000000000E+00 0
 464    9260.00    9280.00  0.000000000000000E+00  0.000000000000000E+00 0
 465    9280.00    9300.00  0.000000000000000E+00  0.000000000000000E+00 0
 466    9300.00    9320.00  0.000000000000000E+00  0.000000000000000E+00 0
 467    9320.00    9340.00  0.000000000000000E+00  0.000000000000000E+00 0
 468    9340.00    9360.00  0.000000000000000E+00  0.000000000000000E+00 0
 469    9360.00    9380.00  0.000000000000000E+00  0.000000000000000E+00 0
 470    9380.00    9400.00  0.000000000000000E+00  0.000000000000000E+00 0
 471    9400.00    9420.00  0.000000000000000E+00  0.000000000000000E+00 0
 472    9420.00    9440.00  0.000000000000000E+00  0.000000000000000E+00 0
 473    9440.00    9460.00  0.000000000000000E+00  0.000000000000000E+00 0
 474    9460.00    9480.00  0.000000000000000E+00  0.000000000000000E+00 0
 475    9480.00    9500.00  0.000000000000000E+00  0.000000000000000E+00 0
 476    9500.00    9520.00  0.000000000000000E+00  0.000000000000000E+00 0
 477    9520.00    9540.00  0.000000000000000E+00  0.000000000000000E+00 0
 478    9540.00    9560.00  0.000000000000000E+00  0.000000000000000E+00 0
 479    9560.00    9580.00  0.000000000000000E+00  0.000000000000000E+00 0
 480    9580.00    9600.00  0.000000000000000E+00  0.000000000000000E+00 0
 481    9600.00    9620.00  0.000000000000000E+00  0.000000000000000E+00 0
 482    9620.00    9640.00  0.000000000000000E+00  0.000000000000000E+00 0
 483    9640.00    9660.00  0.000000000000000E+00  0.000000000000000E+00 0
 484    9660.00    9680.00  0.000000000000000E+00  0.000000000000000E+00 0
 485    9680.00    9700.00  0.000000000000000E+00  0.000000000000000E+00 0
 486    9700.00    9720.00  0.000000000000000E+00  0.000000000000000E+00 0
 487    9720.00    9740.00  0.000000000000000E+00  0.000000000000000E+00 0
 488    9740.00    9760.00  0.000000000000000E+00  0.000000000000000E+00 0
 489    9760.00    9780.00  0.000000000000000E+00  0.000000000000000E+00 0
 490    9780.00    9800.00  0.000000000000000E+00  0.000000000000000E+00 0
 491    9800.00    9820.00  0.000000000000000E+00  0.000000000000000E+00 0
 492    9820.00    9840.00  0.000000000000000E+00  0.000000000000000E+00 0
 493    9840.00    9860.00  0.000000000000000E+00  0.000000000000000E+00 0
 494    9860.00    9880.00  0.000000000000000E+00  0.000000000000000E+00 0
 495    9880.00    9900.00  0.000000000000000E+00  0.000000000000000E+00 0
 496    9900.00    9920.00  0.000000000000000E+00  0.000000000000000E+00 0
 497    9920.00    9940.00  0.000000000000000E+00  0.000000000000000E+00 0
 498    9940.00    9960.00  0.000000000000000E+00  0.000000000000000E+00 0
 499    9960.00    9980.00  0.000000000000000E+00  0.000000000000000E+00 0
 500    9980.00   10000.00  0.000000000000000E+00  0.000000000000000E+00 0
 501   10000.00   10020.00  0.000000000000000E+00  0.000000000000000E+00 0
 502   10020.00   10040.00  0.000000000000000E+00  0.000000000000000E+00 0
 503   10040.00   10060.00  0.000000000000000E+00  0.000000000000000E+00 0
 504   10060.00   10080.00  0.000000000000000E+00  0.000000000000000E+00 0
 505   10080.00   10100.00  0.000000000000000E+00  0.000000000000000E+00 0
 506   10100.00   10120.00  0.000000000000000E+00  0.000000000000000E+00 0
 507   10120.00   10140.00  0.000000000000000E+00  0.000000000000000E+00 0
 508   10140.00   10160.00  0.000000000000000E+00  0.000000000000000E+00 0
 509   10160.00   10180.00  0.000000000000000E+00  0.000000000000000E+00 0
 510   10180.00   10200.00  0.000000000000000E+00  0.000000000000000E+00 0
 511   10200.00   10220.00  0.000000000000000E+00  0.000000000000000E+00 0
 512   10220.00   10240.00  0.000000000000000E+00  0.000000000000000E+00 0
 513   10240.00   10260.00  0.000000000000000E+00  0.000000000000000E+00 0
 514   10260.00   10280.00  0.000000000000000E+00  0.000000000000000E+00 0
 515   10280.00   10300.00  0.000000000000000E+00  0.000000000000000E+00 0
 516   10300.00   10320.00  0.000000000000000E+00  0.000000000000000E+00 0
 517   10320.00   10340.00  0.000000000000000E+00  0.000000000000000E+00 0
 518   10340.00   10360.00  0.000000000000000E+00  0.000000000000000E+00 0
 519   10360.00   10380.00  0.000000000000000E+00  0.000000000000000E+00 0
 520   10380.00   10400.00  0.000000000000000E+00  0.000000000000000E+00 0
 521   10400.00   10420.00  0.000000000000000E+00  0.000000000000000E+00 0
 522   10420.00   10440.00  0.000000000000000E+00  0.000000000000000E+00 0
 523   10440.00   10460.00  0.000000000000000E+00  0.000000000000000E+00 0
 524   10460.00   10480.00  0.000000000000000E+00  0.000000000000000E+00 0
 525   10480.00   10500.00  0.000000000000000E+00  0.000000000000000E+00 0
 526   10500.00   10520.00  0.000000000000000E+00  0.000000000000000E+00 0
 527   10520.00   10540.00  0.000000000000000E+00  0.000000000000000E+00 0
 528   10540.00   10560.00  0.000000000000000E+00  0.000000000000000E+00 0
 529   10560.00   10580.00  0.000000000000000E+00  0.000000000000000E+00 0
 530   10580.00   10600.00  0.000000000000000E+00  0.000000000000000E+00 0
 531   10600.00   10620.00  0.000000000000000E+00  0.000000000000000E+00 0
 532   10620.00   10640.00  0.000000000000000E+00  0.000000000000000E+00 0
 533   10640.00   10660.00  0.000000000000000E+00  0.000000000000000E+00 0
 534   10660.00   10680.00  0.000000000000000E+00  0.000000000000000E+00 0
 535   10680.00   10700.00  0.000000000000000E+00  0.000000000000000E+00 0
 536   10700.00   10720.00  0.000000000000000E+00  0.000000000000000E+00 0
 537   10720.00   10740.00  0.000000000000000E+00  0.000000000000000E+00 0
 538   10740.00   10760.00  0.000000000000000E+00  0.000000000000000E+00 0
 539   10760.00   10780.00  0.000000000000000E+00  0.000000000000000E+00 0
 540   10780.00   10800.00  0.000000000000000E+00  0.000000000000000E+00 0
 541   10800.00   10820.00  0.000000000000000E+00  0.000000000000000E+00 0
 542   10820.00   10840.00  0.000000000000000E+00  0.000000000000000E+00 0
 543   10840.00   10860.00  0.000000000000000E+00  0.000000000000000E+00 0
 544   10860.00   10880.00  0.000000000000000E+00  0.000000000000000E+00 0
 545   10880.00   10900.00  0.000000000000000E+00  0.000000000000000E+00 0
 546   10900.00   10920.00  0.000000000000000E+00  0.000000000000000E+00 0
 547   10920.00   10940.00  0.000000000000000E+00  0.000000000000000E+00 0
 548   10940.00   10960.00  0.000000000000000E+00  0.000000000000000E+00 0
 549   10960.00   10980.00  0.000000000000000E+00  0.000000000000000E+00 0
 550   10980.00   11000.00  0.000000000000000E+00  0.000000000000000E+00 0
 551   11000.00   11020.00  0.000000000000000E+00  0.000000000000000E+00 0
 552   11020.00   11040.00  0.000000000000000E+00  0.000000000000000E+00 0
 553   11040.00   11060.00  0.000000000000000E+00  0.000000000000000E+00 0
 554   11060.00   11080.00  0.000000000000000E+00  0.000000000000000E+00 0
 555   11080.00   11100.00  0.000000000000000E+00  0.000000000000000E+00 0
 556   11100.00   11120.00  0.000000000000000E+00  0.000000000000000E+00 0
 557   11120.00   11140.00  0.000000000000000E+00  0.000000000000000E+00 0
 558   11140.00   11160.00  0.000000000000000E+00  0.000000000000000E+00 0
 559   11160.00   11180.00  0.000000000000000E+00  0.000000000000000E+00 0
 560   11180.00   11200.00  0.000000000000000E+00  0.000000000000000E+00 0
 561   11200.00   11220.00  0.000000000000000E+00  0.000000000000000E+00 0
 562   11220.00   11240.00  0.000000000000000E+00  0.000000000000000E+00 0
 563   11240.00   11260.00  0.000000000000000E+00  0.000000000000000E+00 0
 564   11260.00   11280.00  0.000000000000000E+00  0.000000000000000E+00 0
 565   11280.00   11300.00  0.000000000000000E+00  0.000000000000000E+00 0
 566   11300.00   11320.00  0.000000000000000E+00  0.000000000000000E+00 0
 567   11320.00   11340.00  0.000000000000000E+00  0.000000000000000E+00 0
 568   11340.00   11360.00  0.000000000000000E+00  0.000000000000000E+00 0
 569   11360.00   11380.00  0.000000000000000E+00  0.000000000000000E+00 0
 570   11380.00   11400.00  0.000000000000000E+00  0.000000000000000E+00 0
 571   11400.00   11420.00  0.000000000000000E+00  0.000000000000000E+00 0
 572   11420.00   11440.00  0.000000000000000E+00  0.000000000000000E+00 0
 573   11440.00   11460.00  0.000000000000000E+00  0.000000000000000E+00 0
 574   11460.00   11480.00  0.000000000000000E+00  0.000000000000000E+00 0
 575   11480.00   11500.00  0.000000000000000E+00  0.000000000000000E+00 0
 576   11500.00   11520.00  0.000000000000000E+00  0.000000000000000E+00 0
 577   11520.00   11540.00  0.000000000000000E+00  0.000000000000000E+00 0
 578   11540.00   11560.00  0.000000000000000E+00  0.000000000000000E+00 0
 579   11560.00   11580.00  0.000000000000000E+00  0.000000000000000E+00 0
 580   11580.00   11600.00  0.000000000000000E+00  0.000000000000000E+00 0
 581   11600.00   11620.00  0.000000000000000E+00  0.000000000000000E+00 0
 582   11620.00   11640.00  0.000000000000000E+00  0.000000000000000E+00 0
 583   11640.00   11660.00  0.000000000000000E+00  0.000000000000000E+00 0
 584   11660.00   11680.00  0.000000000000000E+00  0.000000000000000E+00 0
 585   11680.00   11700.00  0.000000000000000E+00  0.000000000000000E+00 0
 586   11700.00   11720.00  0.000000000000000E+00  0.000000000000000E+00 0
 587   11720.00   11740.00  0.000000000000000E+00  0.000000000000000E+00 0
 588   11740.00   11760.00  0.000000000000000E+00  0.000000000000000E+00 0
 589   11760.00   11780.00  0.000000000000000E+00  0.000000000000000E+00 0
 590   11780.00   11800.00  0.000000000000000E+00  0.000000000000000E+00 0
 591   11800.00   11820.00  0.000000000000000E+00  0.000000000000000E+00 0
 592   11820.00   11840.00  0.000000000000000E+00  0.000000000000000E+00 0
 593   11840.00   11860.00  0.000000000000000E+00  0.000000000000000E+00 0
 594   11860.00   11880.00  0.000000000000000E+00  0.000000000000000E+00 0
 595   11880.00   11900.00  0.000000000000000E+00  0.000000000000000E+00 0
 596   11900.00   11920.00  0.000000000000000E+00  0.000000000000000E+00 0
 597   11920.00   11940.00  0.000000000000000E+00  0.000000000000000E+00 0
 598   11940.00   11960.00  0.000000000000000E+00  0.000000000000000E+00 0
 599   11960.00   11980.00  0.000000000000000E+00  0.000000000000000E+00 0
 600   11980.00   12000.00  0.000000000000000E+00  0.000000000000000E+00 0
 601   12000.00   12020.00  0.000000000000000E+00  0.000000000000000E+00 0
 602   12020.00   12040.00  0.000000000000000E+00  0.000000000000000E+00 0
 603   12040.00   12060.00  0.000000000000000E+00  0.000000000000000E+00 0
 604   12060.00   12080.00  0.000000000000000E+00  0.000000000000000E+00 0
 605   12080.00   12100.00  0.000000000000000E+00  0.000000000000000E+00 0
 606   12100.00   12120.00  0.000000000000000E+00  0.000000000000000E+00 0
 607   12120.00   12140.00  0.000000000000000E+00  0.000000000000000E+00 0
 608   12140.00   12160.00  0.000000000000000E+00  0.000000000000000E+00 0
 609   12160.00   12180.00  0.000000000000000E+00  0.000000000000000E+00 0
 610   12180.00   12200.00  0.000000000000000E+00  0.000000000000000E+00 0
 611   12200.00   12220.00  0.000000000000000E+00  0.000000000000000E+00 0
 612   12220.00   12240.00  0.000000000000000E+00  0.000000000000000E+00 0
 613   12240.00   12260.00  0.000000000000000E+00  0.000000000000000E+00 0
 614   12260.00   12280.00  0.000000000000000E+00  0.000000000000000E+00 0
 615   12280.00   12300.00  0.000000000000000E+00  0.000000000000000E+00 0
 616   12300.00   12320.00  0.000000000000000E+00  0.000000000000000E+00 0
 617   12320.00   12340.00  0.000000000000000E+00  0.000000000000000E+00 0
 618   12340.00   12360.00  0.000000000000000E+00  0.000000000000000E+00 0
 619   12360.00   12380.00  0.000000000000000E+00  0.000000000000000E+00 0
 620   12380.00   12400.00  0.000000000000000E+00  0.000000000000000E+00 0
 621   12400.00   12420.00  0.000000000000000E+00  0.000000000000000E+00 0
 622   12420.00   12440.00  0.000000000000000E+00  0.000000000000000E+00 0
 623   12440.00   12460.00  0.000000000000000E+00  0.000000000000000E+00 0
 624   12460.00   12480.00  0.000000000000000E+00  0.000000000000000E+00 0
 625   12480.00   12500.00  0.000000000000000E+00  0.000000000000000E+00 0
 626   12500.00   12520.00  0.000000000000000E+00  0.000000000000000E+00 0
 627   12520.00   12540.00  0.000000000000000E+00  0.000000000000000E+00 0
 628   12540.00   12560.00  0.000000000000000E+00  0.000000000000000E+00 0
 629   12560.00   12580.00  0.000000000000000E+00  0.000000000000000E+00 0
 630   12580.00   12600.00  0.000000000000000E+00  0.000000000000000E+00 0
 631   12600.00   12620.00  0.000000000000000E+00  0.000000000000000E+00 0
 632   12620.00   12640.00  0.000000000000000E+00  0.000000000000000E+00 0
 633   12640.00   12660.00  0.000000000000000E+00  0.000000000000000E+00 0
 634   12660.00   12680.00  0.000000000000000E+00  0.000000000000000E+00 0
 635   12680.00   12700.00  0.000000000000000E+00  0.000000000000000E+00 0
 636   12700.00   12720.00  0.000000000000000E+00  0.000000000000000E+00 0
 637   12720.00   12740.00  0.000000000000000E+00  0.000000000000000E+00 0
 638   12740.00   12760.00  0.000000000000000E+00  0.000000000000000E+00 0
 639   12760.00   12780.00  0.000000000000000E+00  0.000000000000000E+00 0
 640   12780.00   12800.00  0.000000000000000E+00  0.000000000000000E+00 0
 641   12800.00   12820.00  0.000000000000000E+00  0.000000000000000E+00 0
 642   12820.00   12840.00  0.000000000000000E+00  0.000000000000000E+00 0
 643   12840.00   12860.00  0.000000000000000E+00  0.000000000000000E+00 0
 644   12860.00   12880.00  0.000000000000000E+00  0.000000000000000E+00 0
 645   12880.00   12900.00  0.000000000000000E+00  0.000000000000000E+00 0
 646   12900.00   12920.00  0.000000000000000E+00  0.000000000000000E+00 0
 647   12920.00   12940.00  0.000000000000000E+00  0.000000000000000E+00 0
 648   12940.00   12960.00  0.000000000000000E+00  0.000000000000000E+00 0
 649   12960.00   12980.00  0.000000000000000E+00  0.000000000000000E+00 0
 650   12980.00   13000.00  0.000000000000000E+00  0.000000000000000E+00 0
# Underflow:                 0.0000000000000000E+00  0.0000000000000000E+00 0
# Overflow:                  0.0000000000000000E+00  0.0000000000000000E+00 0
#-------------------------------------------------------------------------------------
# Sum:                       1.0468648594316725E+00  3.4516407366033458E-04 107479000
#=====================================================================================
# Number of generated events: 3357351632
