# title = Transverse Momentum Jet Pair
# xlabel = $p_{\text{T},\text{j}_1\text{j}_2}\,$[GeV]
# ylabel = $\frac{\text{d}\sigma}{\text{d}p_{\text{T},\text{j}_1\text{j}_2}}\,\left[\frac{\text{fb}}{\text{GeV}}\right]$
# xmin=  0.000E+00
# xmax=  8.000E+02
# ymin=  1.000E-06
# ymax=  1.000E-02
# kmin= -5.000E+01
# kmax=  1.000E+01
# logscale = true
# Renormalization and factorization scale scaled by: 1.0000000000
# Renormalization scaled by: 1.0000000000
#
#
#=====================================================================================
# No.       Left      Right                   Value                   Error Hits
#-------------------------------------------------------------------------------------
   1       0.00      20.00  1.320414839904577E-03  1.577231867652006E-06 32086703
   2      20.00      40.00  3.646328273985302E-03  2.639144706421381E-06 61146988
   3      40.00      60.00  5.375548759132643E-03  3.184344356776732E-06 73280905
   4      60.00      80.00  6.452763737588371E-03  3.500184450832385E-06 79666587
   5      80.00     100.00  6.889222309338156E-03  3.554793201541837E-06 82888515
   6     100.00     120.00  6.797863377130077E-03  3.457730476123200E-06 83590266
   7     120.00     140.00  6.379656876267202E-03  3.298189905816943E-06 82312558
   8     140.00     160.00  5.778831998439484E-03  3.082401319427579E-06 79587768
   9     160.00     180.00  5.106395090402811E-03  2.827248097653834E-06 75878492
  10     180.00     200.00  4.440754475857386E-03  2.573420506194332E-06 71603802
  11     200.00     220.00  3.817332243891949E-03  2.331492926368937E-06 67107781
  12     220.00     240.00  3.258163442185313E-03  2.096233221285841E-06 62555798
  13     240.00     260.00  2.767379011982121E-03  1.893377040445892E-06 58108572
  14     260.00     280.00  2.339297009027221E-03  1.701291506370103E-06 53875023
  15     280.00     300.00  1.972732925958172E-03  1.526871614438094E-06 49868753
  16     300.00     320.00  1.663592920640158E-03  1.364333591008847E-06 46097407
  17     320.00     340.00  1.403528381600105E-03  1.222833154443681E-06 42549753
  18     340.00     360.00  1.183082149078624E-03  1.091374797866211E-06 39267928
  19     360.00     380.00  9.973612910226014E-04  9.774543792634693E-07 36273272
  20     380.00     400.00  8.434564885781310E-04  8.817449316365507E-07 33551230
  21     400.00     420.00  7.142321554970649E-04  7.842373079718721E-07 31063518
  22     420.00     440.00  6.066498531422947E-04  7.147657655525764E-07 28786723
  23     440.00     460.00  5.146365736956477E-04  6.371896931467026E-07 26729532
  24     460.00     480.00  4.382737829914952E-04  5.677514086458442E-07 24850420
  25     480.00     500.00  3.743881725095359E-04  5.142187092815965E-07 23130140
  26     500.00     520.00  3.204310822252560E-04  4.666176562516056E-07 21556566
  27     520.00     540.00  2.742543204819703E-04  4.174738670180545E-07 20120132
  28     540.00     560.00  2.364599599270270E-04  3.806248592035318E-07 18807120
  29     560.00     580.00  2.035895972164346E-04  3.451636671921689E-07 17601461
  30     580.00     600.00  1.755255646138500E-04  3.126314326885581E-07 16483496
  31     600.00     620.00  1.519043063244060E-04  2.841604659702365E-07 15457147
  32     620.00     640.00  1.313323634726078E-04  2.588419048865814E-07 14509609
  33     640.00     660.00  1.138640918834741E-04  2.346887674337199E-07 13633913
  34     660.00     680.00  9.866844772092550E-05  2.102614548956947E-07 12811888
  35     680.00     700.00  8.581852995704226E-05  1.899074653751183E-07 12068042
  36     700.00     720.00  7.474850521364504E-05  1.746826907706225E-07 11368162
  37     720.00     740.00  6.554161856206018E-05  1.628255948632240E-07 10722374
  38     740.00     760.00  5.710825020469549E-05  1.441860715701583E-07 10119377
  39     760.00     780.00  5.016566539634416E-05  1.317556377186395E-07 9561265
  40     780.00     800.00  4.390617514908408E-05  1.206028141867954E-07 9036758
  41     800.00     820.00  3.856648501316626E-05  1.109509159602140E-07 8547298
  42     820.00     840.00  3.398565975669853E-05  1.008132939750894E-07 8087980
  43     840.00     860.00  2.988814253980479E-05  9.348662360030019E-08 7661162
  44     860.00     880.00  2.643158997246109E-05  8.496879308705016E-08 7261718
  45     880.00     900.00  2.337760193735195E-05  7.978938090578370E-08 6889184
  46     900.00     920.00  2.064162855956147E-05  7.078766102255920E-08 6538942
  47     920.00     940.00  1.827983440895993E-05  6.741469186687647E-08 6207324
  48     940.00     960.00  1.615737171390077E-05  5.950799302206445E-08 5897143
  49     960.00     980.00  1.429077541228639E-05  5.488265636007756E-08 5608596
  50     980.00    1000.00  1.276791609501270E-05  5.494367565128128E-08 5328647
  51    1000.00    1020.00  1.132123445270651E-05  4.673986651789943E-08 5074562
  52    1020.00    1040.00  1.004891877501432E-05  4.387637563376279E-08 4832419
  53    1040.00    1060.00  8.991800152652372E-06  4.148658474136197E-08 4599343
  54    1060.00    1080.00  8.022269232659261E-06  3.645861946224794E-08 4382510
  55    1080.00    1100.00  7.068580222882707E-06  3.288591836959200E-08 4179240
  56    1100.00    1120.00  6.377509657313756E-06  3.114738893205269E-08 3983896
  57    1120.00    1140.00  5.677312978112556E-06  2.787089028799376E-08 3802924
  58    1140.00    1160.00  5.087937030587080E-06  2.799526479930635E-08 3631788
  59    1160.00    1180.00  4.582832296860876E-06  2.467773484299792E-08 3464851
  60    1180.00    1200.00  4.067494096546991E-06  2.259613586595716E-08 3310382
  61    1200.00    1220.00  3.600928895131127E-06  1.999086650665926E-08 3161307
  62    1220.00    1240.00  3.268523053362074E-06  1.938980520090792E-08 3023553
  63    1240.00    1260.00  2.912540500663118E-06  1.714885538776726E-08 2891385
  64    1260.00    1280.00  2.634431235500663E-06  1.636219336255979E-08 2763841
  65    1280.00    1300.00  2.367970768953513E-06  1.539111373507901E-08 2642652
  66    1300.00    1320.00  2.098975139852861E-06  1.343085831803624E-08 2532009
  67    1320.00    1340.00  1.905617384657580E-06  1.299958344957757E-08 2424831
  68    1340.00    1360.00  1.717645677788657E-06  1.506915773949179E-08 2320480
  69    1360.00    1380.00  1.554916957701272E-06  1.131008425449557E-08 2226569
  70    1380.00    1400.00  1.409221289306423E-06  1.049060871112714E-08 2132126
  71    1400.00    1420.00  1.244552182793428E-06  9.727267502836387E-09 2041039
  72    1420.00    1440.00  1.126371891179715E-06  9.709286386549260E-09 1959609
  73    1440.00    1460.00  1.016172381146819E-06  7.980332297162325E-09 1879813
  74    1460.00    1480.00  9.183317300863960E-07  8.106047481561590E-09 1802834
  75    1480.00    1500.00  8.321611781497687E-07  6.941485414375239E-09 1728963
  76    1500.00    1520.00  7.423342496147350E-07  6.357560342225014E-09 1658381
  77    1520.00    1540.00  6.790556711289123E-07  6.230223921863723E-09 1591194
  78    1540.00    1560.00  6.018068330526594E-07  5.363737622242260E-09 1529229
  79    1560.00    1580.00  5.539490477187266E-07  5.272529991472079E-09 1465092
  80    1580.00    1600.00  5.015240262642535E-07  4.956755380879778E-09 1408501
  81    1600.00    1620.00  4.404404030273198E-07  4.242541960544849E-09 1355457
  82    1620.00    1640.00  4.043292283931404E-07  3.885937840119927E-09 1299001
  83    1640.00    1660.00  3.685686942411439E-07  3.833462887474240E-09 1249558
  84    1660.00    1680.00  3.306874097349674E-07  3.549052290120598E-09 1198291
  85    1680.00    1700.00  2.994399824517454E-07  3.130748959084053E-09 1154389
  86    1700.00    1720.00  2.837600754773517E-07  3.609061051599694E-09 1108813
  87    1720.00    1740.00  2.481086279135712E-07  3.026263821053701E-09 1067710
  88    1740.00    1760.00  2.230688469352327E-07  2.560734081985017E-09 1024556
  89    1760.00    1780.00  2.060220196443734E-07  2.651980476831919E-09 985646
  90    1780.00    1800.00  1.838566008010710E-07  2.674851131922733E-09 949593
  91    1800.00    1820.00  1.683287843227956E-07  2.052402214849229E-09 913632
  92    1820.00    1840.00  1.513932887122974E-07  1.928320494029693E-09 879809
  93    1840.00    1860.00  1.402095092122610E-07  1.868492331173901E-09 846080
  94    1860.00    1880.00  1.279092416161785E-07  1.749794791755156E-09 813955
  95    1880.00    1900.00  1.138262100847601E-07  1.500068364613395E-09 784534
  96    1900.00    1920.00  1.033754395040767E-07  1.418695027229141E-09 755955
  97    1920.00    1940.00  9.358712936895057E-08  1.370136768729433E-09 727940
  98    1940.00    1960.00  8.655556900464305E-08  1.402664322054139E-09 700547
  99    1960.00    1980.00  7.914379111373831E-08  1.191164563516291E-09 674503
 100    1980.00    2000.00  7.032932620313666E-08  1.028643765080968E-09 650486
 101    2000.00    2020.00  6.427364543044250E-08  1.069110333356525E-09 623899
 102    2020.00    2040.00  5.744656732631352E-08  8.942919134238308E-10 602457
 103    2040.00    2060.00  5.302780235408650E-08  8.407337319036540E-10 580475
 104    2060.00    2080.00  4.843042713094013E-08  8.618879740385476E-10 558604
 105    2080.00    2100.00  4.300443514765115E-08  6.999977691993862E-10 538239
 106    2100.00    2120.00  3.925996819049324E-08  6.512296788387325E-10 520104
 107    2120.00    2140.00  3.521003189147490E-08  5.830154493744707E-10 500772
 108    2140.00    2160.00  3.365973199311118E-08  6.529787131431929E-10 482507
 109    2160.00    2180.00  3.043818165749108E-08  1.012216033990513E-09 463893
 110    2180.00    2200.00  2.696909194990750E-08  5.008970742722401E-10 448243
 111    2200.00    2220.00  2.527690271333221E-08  6.139763961052934E-10 432415
 112    2220.00    2240.00  2.216531862510958E-08  4.244337894591298E-10 416303
 113    2240.00    2260.00  2.016017090193414E-08  4.035134975629736E-10 401108
 114    2260.00    2280.00  1.826893363502420E-08  3.668301299782301E-10 386477
 115    2280.00    2300.00  1.668931506098448E-08  3.417228287264312E-10 373500
 116    2300.00    2320.00  1.525524278444517E-08  3.409407056072532E-10 358975
 117    2320.00    2340.00  1.403397859257753E-08  2.940820522317112E-10 347392
 118    2340.00    2360.00  1.316446779239223E-08  3.030116710814055E-10 333228
 119    2360.00    2380.00  1.136934752703692E-08  2.368148134892298E-10 323093
 120    2380.00    2400.00  1.022082310512770E-08  2.285800600736818E-10 311066
 121    2400.00    2420.00  9.702292205239218E-09  2.889255939173581E-10 300883
 122    2420.00    2440.00  9.142169829827391E-09  2.172542371751536E-10 289287
 123    2440.00    2460.00  8.309138210876644E-09  2.370110294449709E-10 278697
 124    2460.00    2480.00  7.079888425544477E-09  1.585467525935643E-10 269255
 125    2480.00    2500.00  6.581666537527693E-09  1.624261381311682E-10 260143
 126    2500.00    2520.00  6.296203566821265E-09  3.192531822558680E-10 250968
 127    2520.00    2540.00  5.253130878526929E-09  1.385756028890278E-10 242034
 128    2540.00    2560.00  4.843536802212653E-09  1.269451312035538E-10 232681
 129    2560.00    2580.00  4.376322456886614E-09  1.134821084832238E-10 224918
 130    2580.00    2600.00  4.125171679139395E-09  1.098846488148890E-10 216457
 131    2600.00    2620.00  3.874083619128163E-09  1.294836522353912E-10 209533
 132    2620.00    2640.00  3.587507801873193E-09  1.250256897850439E-10 202068
 133    2640.00    2660.00  3.139889296354126E-09  1.201959436791345E-10 194821
 134    2660.00    2680.00  2.811254701945106E-09  8.251819507150566E-11 188319
 135    2680.00    2700.00  2.593017010509874E-09  8.266476130114454E-11 181080
 136    2700.00    2720.00  2.331008089401674E-09  8.177195290489229E-11 174908
 137    2720.00    2740.00  2.141687241869022E-09  6.458665356559576E-11 169009
 138    2740.00    2760.00  1.924606297344876E-09  6.543281856085805E-11 162144
 139    2760.00    2780.00  1.809902556550399E-09  6.438384612683102E-11 156911
 140    2780.00    2800.00  1.606889478890851E-09  5.479143303068141E-11 151961
 141    2800.00    2820.00  1.394389668624725E-09  4.482519826435772E-11 145779
 142    2820.00    2840.00  1.343161249001796E-09  5.415020691496085E-11 141506
 143    2840.00    2860.00  1.257414320481977E-09  6.828032790687198E-11 136410
 144    2860.00    2880.00  1.131428860968336E-09  6.229697571571540E-11 131342
 145    2880.00    2900.00  9.532312375516409E-10  4.215550953781983E-11 126308
 146    2900.00    2920.00  8.008457153448629E-10  2.852105117909816E-11 122277
 147    2920.00    2940.00  8.183507734656078E-10  3.201128175184472E-11 117197
 148    2940.00    2960.00  7.130547800207006E-10  3.533309181056896E-11 113570
 149    2960.00    2980.00  6.792840999586229E-10  2.900574860787764E-11 109492
 150    2980.00    3000.00  5.942808956666179E-10  2.960127580123302E-11 105808
 151    3000.00    3020.00  5.299899486776491E-10  2.075207962992334E-11 102357
 152    3020.00    3040.00  4.509214547480307E-10  1.915314232767747E-11 98025
 153    3040.00    3060.00  4.388141275070634E-10  1.935510041003466E-11 94057
 154    3060.00    3080.00  3.968688064937432E-10  1.746108267436266E-11 91354
 155    3080.00    3100.00  3.748228120597003E-10  2.516304630137684E-11 88671
 156    3100.00    3120.00  3.316640699791015E-10  1.555488722179099E-11 85042
 157    3120.00    3140.00  2.839708178589877E-10  1.545440629130514E-11 81941
 158    3140.00    3160.00  2.554002109535957E-10  1.248820064586230E-11 79007
 159    3160.00    3180.00  2.299646003352283E-10  1.132599576014584E-11 75753
 160    3180.00    3200.00  2.155996551916830E-10  1.002755805388248E-11 73624
 161    3200.00    3220.00  1.974664534941503E-10  9.236144661169057E-12 71099
 162    3220.00    3240.00  1.725828087250033E-10  8.341619534079290E-12 68517
 163    3240.00    3260.00  1.611926533486854E-10  8.401045433899103E-12 65567
 164    3260.00    3280.00  1.409466303472127E-10  7.713121230217816E-12 63485
 165    3280.00    3300.00  1.284336605650938E-10  7.164332854051152E-12 61603
 166    3300.00    3320.00  1.211255984565668E-10  6.283060518311564E-12 58983
 167    3320.00    3340.00  1.054008827839372E-10  5.732952771701034E-12 57071
 168    3340.00    3360.00  1.084645078131743E-10  1.252927618938871E-11 54967
 169    3360.00    3380.00  8.544899249957600E-11  4.625970278863480E-12 53176
 170    3380.00    3400.00  7.320824381219563E-11  4.122003577110538E-12 51014
 171    3400.00    3420.00  6.732655135783556E-11  3.858601289747106E-12 49094
 172    3420.00    3440.00  6.765305253566696E-11  4.937642840438008E-12 47201
 173    3440.00    3460.00  7.237504589367467E-11  1.045168424573050E-11 45662
 174    3460.00    3480.00  4.892163102340720E-11  3.132461754927540E-12 44143
 175    3480.00    3500.00  4.623896131440168E-11  2.927052608808589E-12 42177
 176    3500.00    3520.00  3.994941104868126E-11  2.644252110768506E-12 40721
 177    3520.00    3540.00  4.119441919026728E-11  3.174633894347242E-12 39185
 178    3540.00    3560.00  2.973280272890432E-11  2.055962163097924E-12 38242
 179    3560.00    3580.00  2.833436924968477E-11  1.865708618592965E-12 36158
 180    3580.00    3600.00  2.710662673373568E-11  1.897450216994767E-12 35072
 181    3600.00    3620.00  2.196185554149672E-11  2.014265444816464E-12 33934
 182    3620.00    3640.00  2.139932521052390E-11  1.585299654700856E-12 32595
 183    3640.00    3660.00  1.943014442891723E-11  1.609989788396236E-12 30976
 184    3660.00    3680.00  1.794769545781767E-11  1.454218910223927E-12 30162
 185    3680.00    3700.00  1.590068543487257E-11  1.158161585078367E-12 29177
 186    3700.00    3720.00  1.206504318211167E-11  8.697367495234017E-13 28051
 187    3720.00    3740.00  1.187366826730657E-11  8.993956730453489E-13 26992
 188    3740.00    3760.00  1.070082648446762E-11  9.505875496040203E-13 25758
 189    3760.00    3780.00  9.524009517700512E-12  7.834925072672212E-13 25071
 190    3780.00    3800.00  8.100585908994019E-12  7.297085943583104E-13 24139
 191    3800.00    3820.00  7.701918092866500E-12  7.304724239685072E-13 23144
 192    3820.00    3840.00  5.812092377450575E-12  4.967097904431270E-13 22089
 193    3840.00    3860.00  5.891791260535319E-12  4.800439790722893E-13 21406
 194    3860.00    3880.00  4.499240220682732E-12  4.373771259151324E-13 20412
 195    3880.00    3900.00  4.946305684548372E-12  4.701631009163085E-13 19771
 196    3900.00    3920.00  3.493044113109489E-12  2.927680899850936E-13 18953
 197    3920.00    3940.00  3.568335709629678E-12  3.994126042394636E-13 18228
 198    3940.00    3960.00  3.044650053011560E-12  3.096022600882022E-13 17730
 199    3960.00    3980.00  3.228278287114243E-12  3.231609397389582E-13 16792
 200    3980.00    4000.00  2.103365704554154E-12  2.031813996538458E-13 16294
 201    4000.00    4020.00  2.014277076627149E-12  1.889782439907258E-13 15563
 202    4020.00    4040.00  1.728041724233526E-12  1.600693860597904E-13 15031
 203    4040.00    4060.00  1.404115228184492E-12  1.586391805914994E-13 14312
 204    4060.00    4080.00  1.827160891562152E-12  1.868723795102133E-13 13860
 205    4080.00    4100.00  1.597603960430685E-12  3.770263206153925E-13 13233
 206    4100.00    4120.00  1.163215398234723E-12  1.641445863346840E-13 12890
 207    4120.00    4140.00  1.088476483999688E-12  1.320200526553668E-13 12186
 208    4140.00    4160.00  9.892913710922571E-13  1.276851828259967E-13 11678
 209    4160.00    4180.00  6.738113148570788E-13  8.111392451754900E-14 11296
 210    4180.00    4200.00  7.048706648400159E-13  8.287409105060161E-14 10957
 211    4200.00    4220.00  5.797039328103204E-13  6.281051599820581E-14 10217
 212    4220.00    4240.00  7.413194039188736E-13  1.425152015241994E-13 9818
 213    4240.00    4260.00  4.639062394810141E-13  6.381344597328791E-14 9629
 214    4260.00    4280.00  4.497435372041606E-13  6.188930241632238E-14 9215
 215    4280.00    4300.00  3.716465501647527E-13  5.254289573976732E-14 8872
 216    4300.00    4320.00  3.078488564900756E-13  4.006517912837572E-14 8430
 217    4320.00    4340.00  2.725282903501467E-13  3.660613517557025E-14 8034
 218    4340.00    4360.00  2.191105760742043E-13  3.217840135921499E-14 7526
 219    4360.00    4380.00  1.754570228817501E-13  3.026095766741133E-14 7343
 220    4380.00    4400.00  3.049059723949398E-13  8.126735455135306E-14 7062
 221    4400.00    4420.00  1.105748323034584E-13  1.394073654364661E-14 6790
 222    4420.00    4440.00  1.079705353590182E-13  1.592192512564832E-14 6449
 223    4440.00    4460.00  1.151074784247565E-13  1.469963071359115E-14 6227
 224    4460.00    4480.00  8.221411555812268E-14  1.046131526435265E-14 6069
 225    4480.00    4500.00  1.000790505451571E-13  1.868049509841768E-14 5784
 226    4500.00    4520.00  5.014135225356669E-14  5.891783656377654E-15 5480
 227    4520.00    4540.00  6.095916107553149E-14  1.012775312213205E-14 5197
 228    4540.00    4560.00  5.140197652102713E-14  6.987389384137389E-15 4820
 229    4560.00    4580.00  6.875507374471395E-14  1.461635283677714E-14 4682
 230    4580.00    4600.00  3.093032223035099E-14  5.258745754467111E-15 4503
 231    4600.00    4620.00  2.896652664318185E-14  5.666380137953595E-15 4271
 232    4620.00    4640.00  2.600396614346803E-14  4.098827795690388E-15 4118
 233    4640.00    4660.00  2.386647408909463E-14  4.465634861526997E-15 3881
 234    4660.00    4680.00  2.684098979305915E-14  5.991109960501932E-15 3799
 235    4680.00    4700.00  1.857885161405440E-14  3.887882697087192E-15 3604
 236    4700.00    4720.00  1.799280922751532E-14  4.298604079593243E-15 3429
 237    4720.00    4740.00  1.360217622509507E-14  2.784370354751678E-15 3206
 238    4740.00    4760.00  7.590254040424865E-15  1.281546872857514E-15 3067
 239    4760.00    4780.00  9.726131085628620E-15  1.805551688051477E-15 2853
 240    4780.00    4800.00  1.026820271558110E-14  1.843398099700532E-15 2828
 241    4800.00    4820.00  6.136896168354904E-15  1.423992119356399E-15 2560
 242    4820.00    4840.00  6.426212114544809E-15  1.630413050139519E-15 2519
 243    4840.00    4860.00  5.916749889978822E-15  1.620445326616102E-15 2326
 244    4860.00    4880.00  2.539185690029266E-15  5.727317772172132E-16 2283
 245    4880.00    4900.00  2.257985104349948E-15  5.043433564147266E-16 2072
 246    4900.00    4920.00  2.617468329464493E-15  8.746849067277760E-16 2070
 247    4920.00    4940.00  1.451593364662819E-15  4.527219995514656E-16 1991
 248    4940.00    4960.00  1.724628751515707E-15  4.908517067081461E-16 1797
 249    4960.00    4980.00  2.189669863576552E-15  6.397490237661178E-16 1643
 250    4980.00    5000.00  6.665183713023998E-16  1.530515812147668E-16 1694
 251    5000.00    5020.00  1.077237797770436E-15  2.340753482493806E-16 1491
 252    5020.00    5040.00  1.563517907086798E-15  3.848880878976030E-16 1428
 253    5040.00    5060.00  5.249969265947694E-16  1.527086390252622E-16 1375
 254    5060.00    5080.00  3.807951640029692E-16  1.187654659914802E-16 1268
 255    5080.00    5100.00  2.835971850597636E-16  1.665582827520230E-16 1185
 256    5100.00    5120.00  2.205255008244478E-16  7.890062918579342E-17 1172
 257    5120.00    5140.00  1.429859250784126E-16  4.808007581072663E-17 1007
 258    5140.00    5160.00  3.604965849543561E-16  1.061744254736842E-16 1003
 259    5160.00    5180.00  3.329088761762224E-16  1.406107419910733E-16 937
 260    5180.00    5200.00  4.790808050805152E-17  1.792111123349737E-17 867
 261    5200.00    5220.00  4.556728760670498E-17  1.909576822665506E-17 795
 262    5220.00    5240.00  9.231637822167066E-17  2.302037928572847E-17 732
 263    5240.00    5260.00  5.191973189009162E-17  2.593668149222945E-17 722
 264    5260.00    5280.00  6.899957944599359E-17  2.892036599604934E-17 636
 265    5280.00    5300.00  2.292138325223892E-17  1.308798415365022E-17 662
 266    5300.00    5320.00  1.929829416029229E-17  1.124002103135457E-17 613
 267    5320.00    5340.00  4.529113432723798E-17  1.953397226372674E-17 516
 268    5340.00    5360.00  1.383947906929019E-16  1.096971719540500E-16 553
 269    5360.00    5380.00  1.621934858971784E-17  5.412045294030665E-18 489
 270    5380.00    5400.00  1.934495817153610E-17  9.040364859288198E-18 457
 271    5400.00    5420.00  4.180883606140589E-18  7.689464940581948E-18 394
 272    5420.00    5440.00  5.899254453015961E-18  4.079412688421235E-18 343
 273    5440.00    5460.00 -5.179059977275656E-19  3.607744051287506E-18 353
 274    5460.00    5480.00  8.710824622265010E-18  4.942689855628813E-18 292
 275    5480.00    5500.00  2.932717186236181E-18  1.872533286934970E-18 279
 276    5500.00    5520.00  4.461808697452226E-18  4.394536312326332E-18 277
 277    5520.00    5540.00  4.894509118238676E-18  3.798945512521670E-18 267
 278    5540.00    5560.00 -8.578804748136741E-19  1.116434892864559E-18 211
 279    5560.00    5580.00  2.562212050229952E-18  2.977951338958366E-18 208
 280    5580.00    5600.00  8.825209661743126E-19  9.477297696482540E-19 149
 281    5600.00    5620.00  9.758929335105619E-19  1.007090243129305E-18 170
 282    5620.00    5640.00 -3.146724447565252E-20  4.934119717555850E-19 147
 283    5640.00    5660.00  1.177791722652513E-18  1.285578658633380E-18 159
 284    5660.00    5680.00  1.858013797547087E-19  3.215010304529787E-19 120
 285    5680.00    5700.00 -1.212471013801526E-19  4.227677743032514E-19 108
 286    5700.00    5720.00  5.930033515372676E-20  2.909148831672303E-19 114
 287    5720.00    5740.00 -3.497780699300858E-19  2.671834216296843E-19 94
 288    5740.00    5760.00  3.621011385431054E-19  5.619791392563097E-19 74
 289    5760.00    5780.00 -5.293418325108968E-20  3.739054549557875E-20 74
 290    5780.00    5800.00  8.842736023603036E-21  3.123401824028659E-20 57
 291    5800.00    5820.00  2.400620028142869E-19  3.511236928456475E-19 50
 292    5820.00    5840.00 -1.964018777528528E-20  1.489003200677496E-20 37
 293    5840.00    5860.00 -3.545679626600926E-21  1.568056020723124E-20 41
 294    5860.00    5880.00 -2.582634662297517E-21  9.629406580700955E-21 50
 295    5880.00    5900.00 -1.190924541088330E-20  8.229335364591473E-21 33
 296    5900.00    5920.00 -3.965909432010751E-21  6.719164503541257E-21 23
 297    5920.00    5940.00 -6.643354876220223E-22  6.038827281812279E-22 15
 298    5940.00    5960.00  4.709325998330755E-21  5.238507157514437E-21 24
 299    5960.00    5980.00 -1.395497816099029E-20  1.175791627005010E-20 20
 300    5980.00    6000.00  1.486333202003156E-21  1.413806306029945E-20 17
 301    6000.00    6020.00 -1.902748213093824E-21  1.052213585912400E-21 16
 302    6020.00    6040.00 -4.705448840238005E-22  3.513468213208792E-22 12
 303    6040.00    6060.00  8.832039842141979E-22  9.035998594806641E-22 6
 304    6060.00    6080.00  3.759025420832688E-23  2.669918374752231E-23 7
 305    6080.00    6100.00 -1.134154442183003E-24  1.061737520761816E-24 4
 306    6100.00    6120.00  9.861331677710180E-21  9.861599870198104E-21 3
 307    6120.00    6140.00 -5.516053832058491E-27  5.516053831701655E-27 1
 308    6140.00    6160.00  2.027678646764039E-24  2.027678646462063E-24 1
 309    6160.00    6180.00  3.445054249739601E-23  3.445066953006768E-23 2
 310    6180.00    6200.00 -4.787425346221730E-24  4.814874075911575E-24 2
 311    6200.00    6220.00  0.000000000000000E+00  0.000000000000000E+00 0
 312    6220.00    6240.00  0.000000000000000E+00  0.000000000000000E+00 0
 313    6240.00    6260.00  0.000000000000000E+00  0.000000000000000E+00 0
 314    6260.00    6280.00  0.000000000000000E+00  0.000000000000000E+00 0
 315    6280.00    6300.00  0.000000000000000E+00  0.000000000000000E+00 0
 316    6300.00    6320.00  0.000000000000000E+00  0.000000000000000E+00 0
 317    6320.00    6340.00  0.000000000000000E+00  0.000000000000000E+00 0
 318    6340.00    6360.00  0.000000000000000E+00  0.000000000000000E+00 0
 319    6360.00    6380.00  0.000000000000000E+00  0.000000000000000E+00 0
 320    6380.00    6400.00  0.000000000000000E+00  0.000000000000000E+00 0
 321    6400.00    6420.00  0.000000000000000E+00  0.000000000000000E+00 0
 322    6420.00    6440.00  0.000000000000000E+00  0.000000000000000E+00 0
 323    6440.00    6460.00  0.000000000000000E+00  0.000000000000000E+00 0
 324    6460.00    6480.00  0.000000000000000E+00  0.000000000000000E+00 0
 325    6480.00    6500.00  0.000000000000000E+00  0.000000000000000E+00 0
 326    6500.00    6520.00  0.000000000000000E+00  0.000000000000000E+00 0
 327    6520.00    6540.00  0.000000000000000E+00  0.000000000000000E+00 0
 328    6540.00    6560.00  0.000000000000000E+00  0.000000000000000E+00 0
 329    6560.00    6580.00  0.000000000000000E+00  0.000000000000000E+00 0
 330    6580.00    6600.00  0.000000000000000E+00  0.000000000000000E+00 0
 331    6600.00    6620.00  0.000000000000000E+00  0.000000000000000E+00 0
 332    6620.00    6640.00  0.000000000000000E+00  0.000000000000000E+00 0
 333    6640.00    6660.00  0.000000000000000E+00  0.000000000000000E+00 0
 334    6660.00    6680.00  0.000000000000000E+00  0.000000000000000E+00 0
 335    6680.00    6700.00  0.000000000000000E+00  0.000000000000000E+00 0
 336    6700.00    6720.00  0.000000000000000E+00  0.000000000000000E+00 0
 337    6720.00    6740.00  0.000000000000000E+00  0.000000000000000E+00 0
 338    6740.00    6760.00  0.000000000000000E+00  0.000000000000000E+00 0
 339    6760.00    6780.00  0.000000000000000E+00  0.000000000000000E+00 0
 340    6780.00    6800.00  0.000000000000000E+00  0.000000000000000E+00 0
 341    6800.00    6820.00  0.000000000000000E+00  0.000000000000000E+00 0
 342    6820.00    6840.00  0.000000000000000E+00  0.000000000000000E+00 0
 343    6840.00    6860.00  0.000000000000000E+00  0.000000000000000E+00 0
 344    6860.00    6880.00  0.000000000000000E+00  0.000000000000000E+00 0
 345    6880.00    6900.00  0.000000000000000E+00  0.000000000000000E+00 0
 346    6900.00    6920.00  0.000000000000000E+00  0.000000000000000E+00 0
 347    6920.00    6940.00  0.000000000000000E+00  0.000000000000000E+00 0
 348    6940.00    6960.00  0.000000000000000E+00  0.000000000000000E+00 0
 349    6960.00    6980.00  0.000000000000000E+00  0.000000000000000E+00 0
 350    6980.00    7000.00  0.000000000000000E+00  0.000000000000000E+00 0
 351    7000.00    7020.00  0.000000000000000E+00  0.000000000000000E+00 0
 352    7020.00    7040.00  0.000000000000000E+00  0.000000000000000E+00 0
 353    7040.00    7060.00  0.000000000000000E+00  0.000000000000000E+00 0
 354    7060.00    7080.00  0.000000000000000E+00  0.000000000000000E+00 0
 355    7080.00    7100.00  0.000000000000000E+00  0.000000000000000E+00 0
 356    7100.00    7120.00  0.000000000000000E+00  0.000000000000000E+00 0
 357    7120.00    7140.00  0.000000000000000E+00  0.000000000000000E+00 0
 358    7140.00    7160.00  0.000000000000000E+00  0.000000000000000E+00 0
 359    7160.00    7180.00  0.000000000000000E+00  0.000000000000000E+00 0
 360    7180.00    7200.00  0.000000000000000E+00  0.000000000000000E+00 0
 361    7200.00    7220.00  0.000000000000000E+00  0.000000000000000E+00 0
 362    7220.00    7240.00  0.000000000000000E+00  0.000000000000000E+00 0
 363    7240.00    7260.00  0.000000000000000E+00  0.000000000000000E+00 0
 364    7260.00    7280.00  0.000000000000000E+00  0.000000000000000E+00 0
 365    7280.00    7300.00  0.000000000000000E+00  0.000000000000000E+00 0
 366    7300.00    7320.00  0.000000000000000E+00  0.000000000000000E+00 0
 367    7320.00    7340.00  0.000000000000000E+00  0.000000000000000E+00 0
 368    7340.00    7360.00  0.000000000000000E+00  0.000000000000000E+00 0
 369    7360.00    7380.00  0.000000000000000E+00  0.000000000000000E+00 0
 370    7380.00    7400.00  0.000000000000000E+00  0.000000000000000E+00 0
 371    7400.00    7420.00  0.000000000000000E+00  0.000000000000000E+00 0
 372    7420.00    7440.00  0.000000000000000E+00  0.000000000000000E+00 0
 373    7440.00    7460.00  0.000000000000000E+00  0.000000000000000E+00 0
 374    7460.00    7480.00  0.000000000000000E+00  0.000000000000000E+00 0
 375    7480.00    7500.00  0.000000000000000E+00  0.000000000000000E+00 0
 376    7500.00    7520.00  0.000000000000000E+00  0.000000000000000E+00 0
 377    7520.00    7540.00  0.000000000000000E+00  0.000000000000000E+00 0
 378    7540.00    7560.00  0.000000000000000E+00  0.000000000000000E+00 0
 379    7560.00    7580.00  0.000000000000000E+00  0.000000000000000E+00 0
 380    7580.00    7600.00  0.000000000000000E+00  0.000000000000000E+00 0
 381    7600.00    7620.00  0.000000000000000E+00  0.000000000000000E+00 0
 382    7620.00    7640.00  0.000000000000000E+00  0.000000000000000E+00 0
 383    7640.00    7660.00  0.000000000000000E+00  0.000000000000000E+00 0
 384    7660.00    7680.00  0.000000000000000E+00  0.000000000000000E+00 0
 385    7680.00    7700.00  0.000000000000000E+00  0.000000000000000E+00 0
 386    7700.00    7720.00  0.000000000000000E+00  0.000000000000000E+00 0
 387    7720.00    7740.00  0.000000000000000E+00  0.000000000000000E+00 0
 388    7740.00    7760.00  0.000000000000000E+00  0.000000000000000E+00 0
 389    7760.00    7780.00  0.000000000000000E+00  0.000000000000000E+00 0
 390    7780.00    7800.00  0.000000000000000E+00  0.000000000000000E+00 0
 391    7800.00    7820.00  0.000000000000000E+00  0.000000000000000E+00 0
 392    7820.00    7840.00  0.000000000000000E+00  0.000000000000000E+00 0
 393    7840.00    7860.00  0.000000000000000E+00  0.000000000000000E+00 0
 394    7860.00    7880.00  0.000000000000000E+00  0.000000000000000E+00 0
 395    7880.00    7900.00  0.000000000000000E+00  0.000000000000000E+00 0
 396    7900.00    7920.00  0.000000000000000E+00  0.000000000000000E+00 0
 397    7920.00    7940.00  0.000000000000000E+00  0.000000000000000E+00 0
 398    7940.00    7960.00  0.000000000000000E+00  0.000000000000000E+00 0
 399    7960.00    7980.00  0.000000000000000E+00  0.000000000000000E+00 0
 400    7980.00    8000.00  0.000000000000000E+00  0.000000000000000E+00 0
 401    8000.00    8020.00  0.000000000000000E+00  0.000000000000000E+00 0
 402    8020.00    8040.00  0.000000000000000E+00  0.000000000000000E+00 0
 403    8040.00    8060.00  0.000000000000000E+00  0.000000000000000E+00 0
 404    8060.00    8080.00  0.000000000000000E+00  0.000000000000000E+00 0
 405    8080.00    8100.00  0.000000000000000E+00  0.000000000000000E+00 0
 406    8100.00    8120.00  0.000000000000000E+00  0.000000000000000E+00 0
 407    8120.00    8140.00  0.000000000000000E+00  0.000000000000000E+00 0
 408    8140.00    8160.00  0.000000000000000E+00  0.000000000000000E+00 0
 409    8160.00    8180.00  0.000000000000000E+00  0.000000000000000E+00 0
 410    8180.00    8200.00  0.000000000000000E+00  0.000000000000000E+00 0
 411    8200.00    8220.00  0.000000000000000E+00  0.000000000000000E+00 0
 412    8220.00    8240.00  0.000000000000000E+00  0.000000000000000E+00 0
 413    8240.00    8260.00  0.000000000000000E+00  0.000000000000000E+00 0
 414    8260.00    8280.00  0.000000000000000E+00  0.000000000000000E+00 0
 415    8280.00    8300.00  0.000000000000000E+00  0.000000000000000E+00 0
 416    8300.00    8320.00  0.000000000000000E+00  0.000000000000000E+00 0
 417    8320.00    8340.00  0.000000000000000E+00  0.000000000000000E+00 0
 418    8340.00    8360.00  0.000000000000000E+00  0.000000000000000E+00 0
 419    8360.00    8380.00  0.000000000000000E+00  0.000000000000000E+00 0
 420    8380.00    8400.00  0.000000000000000E+00  0.000000000000000E+00 0
 421    8400.00    8420.00  0.000000000000000E+00  0.000000000000000E+00 0
 422    8420.00    8440.00  0.000000000000000E+00  0.000000000000000E+00 0
 423    8440.00    8460.00  0.000000000000000E+00  0.000000000000000E+00 0
 424    8460.00    8480.00  0.000000000000000E+00  0.000000000000000E+00 0
 425    8480.00    8500.00  0.000000000000000E+00  0.000000000000000E+00 0
 426    8500.00    8520.00  0.000000000000000E+00  0.000000000000000E+00 0
 427    8520.00    8540.00  0.000000000000000E+00  0.000000000000000E+00 0
 428    8540.00    8560.00  0.000000000000000E+00  0.000000000000000E+00 0
 429    8560.00    8580.00  0.000000000000000E+00  0.000000000000000E+00 0
 430    8580.00    8600.00  0.000000000000000E+00  0.000000000000000E+00 0
 431    8600.00    8620.00  0.000000000000000E+00  0.000000000000000E+00 0
 432    8620.00    8640.00  0.000000000000000E+00  0.000000000000000E+00 0
 433    8640.00    8660.00  0.000000000000000E+00  0.000000000000000E+00 0
 434    8660.00    8680.00  0.000000000000000E+00  0.000000000000000E+00 0
 435    8680.00    8700.00  0.000000000000000E+00  0.000000000000000E+00 0
 436    8700.00    8720.00  0.000000000000000E+00  0.000000000000000E+00 0
 437    8720.00    8740.00  0.000000000000000E+00  0.000000000000000E+00 0
 438    8740.00    8760.00  0.000000000000000E+00  0.000000000000000E+00 0
 439    8760.00    8780.00  0.000000000000000E+00  0.000000000000000E+00 0
 440    8780.00    8800.00  0.000000000000000E+00  0.000000000000000E+00 0
 441    8800.00    8820.00  0.000000000000000E+00  0.000000000000000E+00 0
 442    8820.00    8840.00  0.000000000000000E+00  0.000000000000000E+00 0
 443    8840.00    8860.00  0.000000000000000E+00  0.000000000000000E+00 0
 444    8860.00    8880.00  0.000000000000000E+00  0.000000000000000E+00 0
 445    8880.00    8900.00  0.000000000000000E+00  0.000000000000000E+00 0
 446    8900.00    8920.00  0.000000000000000E+00  0.000000000000000E+00 0
 447    8920.00    8940.00  0.000000000000000E+00  0.000000000000000E+00 0
 448    8940.00    8960.00  0.000000000000000E+00  0.000000000000000E+00 0
 449    8960.00    8980.00  0.000000000000000E+00  0.000000000000000E+00 0
 450    8980.00    9000.00  0.000000000000000E+00  0.000000000000000E+00 0
 451    9000.00    9020.00  0.000000000000000E+00  0.000000000000000E+00 0
 452    9020.00    9040.00  0.000000000000000E+00  0.000000000000000E+00 0
 453    9040.00    9060.00  0.000000000000000E+00  0.000000000000000E+00 0
 454    9060.00    9080.00  0.000000000000000E+00  0.000000000000000E+00 0
 455    9080.00    9100.00  0.000000000000000E+00  0.000000000000000E+00 0
 456    9100.00    9120.00  0.000000000000000E+00  0.000000000000000E+00 0
 457    9120.00    9140.00  0.000000000000000E+00  0.000000000000000E+00 0
 458    9140.00    9160.00  0.000000000000000E+00  0.000000000000000E+00 0
 459    9160.00    9180.00  0.000000000000000E+00  0.000000000000000E+00 0
 460    9180.00    9200.00  0.000000000000000E+00  0.000000000000000E+00 0
 461    9200.00    9220.00  0.000000000000000E+00  0.000000000000000E+00 0
 462    9220.00    9240.00  0.000000000000000E+00  0.000000000000000E+00 0
 463    9240.00    9260.00  0.000000000000000E+00  0.000000000000000E+00 0
 464    9260.00    9280.00  0.000000000000000E+00  0.000000000000000E+00 0
 465    9280.00    9300.00  0.000000000000000E+00  0.000000000000000E+00 0
 466    9300.00    9320.00  0.000000000000000E+00  0.000000000000000E+00 0
 467    9320.00    9340.00  0.000000000000000E+00  0.000000000000000E+00 0
 468    9340.00    9360.00  0.000000000000000E+00  0.000000000000000E+00 0
 469    9360.00    9380.00  0.000000000000000E+00  0.000000000000000E+00 0
 470    9380.00    9400.00  0.000000000000000E+00  0.000000000000000E+00 0
 471    9400.00    9420.00  0.000000000000000E+00  0.000000000000000E+00 0
 472    9420.00    9440.00  0.000000000000000E+00  0.000000000000000E+00 0
 473    9440.00    9460.00  0.000000000000000E+00  0.000000000000000E+00 0
 474    9460.00    9480.00  0.000000000000000E+00  0.000000000000000E+00 0
 475    9480.00    9500.00  0.000000000000000E+00  0.000000000000000E+00 0
 476    9500.00    9520.00  0.000000000000000E+00  0.000000000000000E+00 0
 477    9520.00    9540.00  0.000000000000000E+00  0.000000000000000E+00 0
 478    9540.00    9560.00  0.000000000000000E+00  0.000000000000000E+00 0
 479    9560.00    9580.00  0.000000000000000E+00  0.000000000000000E+00 0
 480    9580.00    9600.00  0.000000000000000E+00  0.000000000000000E+00 0
 481    9600.00    9620.00  0.000000000000000E+00  0.000000000000000E+00 0
 482    9620.00    9640.00  0.000000000000000E+00  0.000000000000000E+00 0
 483    9640.00    9660.00  0.000000000000000E+00  0.000000000000000E+00 0
 484    9660.00    9680.00  0.000000000000000E+00  0.000000000000000E+00 0
 485    9680.00    9700.00  0.000000000000000E+00  0.000000000000000E+00 0
 486    9700.00    9720.00  0.000000000000000E+00  0.000000000000000E+00 0
 487    9720.00    9740.00  0.000000000000000E+00  0.000000000000000E+00 0
 488    9740.00    9760.00  0.000000000000000E+00  0.000000000000000E+00 0
 489    9760.00    9780.00  0.000000000000000E+00  0.000000000000000E+00 0
 490    9780.00    9800.00  0.000000000000000E+00  0.000000000000000E+00 0
 491    9800.00    9820.00  0.000000000000000E+00  0.000000000000000E+00 0
 492    9820.00    9840.00  0.000000000000000E+00  0.000000000000000E+00 0
 493    9840.00    9860.00  0.000000000000000E+00  0.000000000000000E+00 0
 494    9860.00    9880.00  0.000000000000000E+00  0.000000000000000E+00 0
 495    9880.00    9900.00  0.000000000000000E+00  0.000000000000000E+00 0
 496    9900.00    9920.00  0.000000000000000E+00  0.000000000000000E+00 0
 497    9920.00    9940.00  0.000000000000000E+00  0.000000000000000E+00 0
 498    9940.00    9960.00  0.000000000000000E+00  0.000000000000000E+00 0
 499    9960.00    9980.00  0.000000000000000E+00  0.000000000000000E+00 0
 500    9980.00   10000.00  0.000000000000000E+00  0.000000000000000E+00 0
 501   10000.00   10020.00  0.000000000000000E+00  0.000000000000000E+00 0
 502   10020.00   10040.00  0.000000000000000E+00  0.000000000000000E+00 0
 503   10040.00   10060.00  0.000000000000000E+00  0.000000000000000E+00 0
 504   10060.00   10080.00  0.000000000000000E+00  0.000000000000000E+00 0
 505   10080.00   10100.00  0.000000000000000E+00  0.000000000000000E+00 0
 506   10100.00   10120.00  0.000000000000000E+00  0.000000000000000E+00 0
 507   10120.00   10140.00  0.000000000000000E+00  0.000000000000000E+00 0
 508   10140.00   10160.00  0.000000000000000E+00  0.000000000000000E+00 0
 509   10160.00   10180.00  0.000000000000000E+00  0.000000000000000E+00 0
 510   10180.00   10200.00  0.000000000000000E+00  0.000000000000000E+00 0
 511   10200.00   10220.00  0.000000000000000E+00  0.000000000000000E+00 0
 512   10220.00   10240.00  0.000000000000000E+00  0.000000000000000E+00 0
 513   10240.00   10260.00  0.000000000000000E+00  0.000000000000000E+00 0
 514   10260.00   10280.00  0.000000000000000E+00  0.000000000000000E+00 0
 515   10280.00   10300.00  0.000000000000000E+00  0.000000000000000E+00 0
 516   10300.00   10320.00  0.000000000000000E+00  0.000000000000000E+00 0
 517   10320.00   10340.00  0.000000000000000E+00  0.000000000000000E+00 0
 518   10340.00   10360.00  0.000000000000000E+00  0.000000000000000E+00 0
 519   10360.00   10380.00  0.000000000000000E+00  0.000000000000000E+00 0
 520   10380.00   10400.00  0.000000000000000E+00  0.000000000000000E+00 0
 521   10400.00   10420.00  0.000000000000000E+00  0.000000000000000E+00 0
 522   10420.00   10440.00  0.000000000000000E+00  0.000000000000000E+00 0
 523   10440.00   10460.00  0.000000000000000E+00  0.000000000000000E+00 0
 524   10460.00   10480.00  0.000000000000000E+00  0.000000000000000E+00 0
 525   10480.00   10500.00  0.000000000000000E+00  0.000000000000000E+00 0
 526   10500.00   10520.00  0.000000000000000E+00  0.000000000000000E+00 0
 527   10520.00   10540.00  0.000000000000000E+00  0.000000000000000E+00 0
 528   10540.00   10560.00  0.000000000000000E+00  0.000000000000000E+00 0
 529   10560.00   10580.00  0.000000000000000E+00  0.000000000000000E+00 0
 530   10580.00   10600.00  0.000000000000000E+00  0.000000000000000E+00 0
 531   10600.00   10620.00  0.000000000000000E+00  0.000000000000000E+00 0
 532   10620.00   10640.00  0.000000000000000E+00  0.000000000000000E+00 0
 533   10640.00   10660.00  0.000000000000000E+00  0.000000000000000E+00 0
 534   10660.00   10680.00  0.000000000000000E+00  0.000000000000000E+00 0
 535   10680.00   10700.00  0.000000000000000E+00  0.000000000000000E+00 0
 536   10700.00   10720.00  0.000000000000000E+00  0.000000000000000E+00 0
 537   10720.00   10740.00  0.000000000000000E+00  0.000000000000000E+00 0
 538   10740.00   10760.00  0.000000000000000E+00  0.000000000000000E+00 0
 539   10760.00   10780.00  0.000000000000000E+00  0.000000000000000E+00 0
 540   10780.00   10800.00  0.000000000000000E+00  0.000000000000000E+00 0
 541   10800.00   10820.00  0.000000000000000E+00  0.000000000000000E+00 0
 542   10820.00   10840.00  0.000000000000000E+00  0.000000000000000E+00 0
 543   10840.00   10860.00  0.000000000000000E+00  0.000000000000000E+00 0
 544   10860.00   10880.00  0.000000000000000E+00  0.000000000000000E+00 0
 545   10880.00   10900.00  0.000000000000000E+00  0.000000000000000E+00 0
 546   10900.00   10920.00  0.000000000000000E+00  0.000000000000000E+00 0
 547   10920.00   10940.00  0.000000000000000E+00  0.000000000000000E+00 0
 548   10940.00   10960.00  0.000000000000000E+00  0.000000000000000E+00 0
 549   10960.00   10980.00  0.000000000000000E+00  0.000000000000000E+00 0
 550   10980.00   11000.00  0.000000000000000E+00  0.000000000000000E+00 0
 551   11000.00   11020.00  0.000000000000000E+00  0.000000000000000E+00 0
 552   11020.00   11040.00  0.000000000000000E+00  0.000000000000000E+00 0
 553   11040.00   11060.00  0.000000000000000E+00  0.000000000000000E+00 0
 554   11060.00   11080.00  0.000000000000000E+00  0.000000000000000E+00 0
 555   11080.00   11100.00  0.000000000000000E+00  0.000000000000000E+00 0
 556   11100.00   11120.00  0.000000000000000E+00  0.000000000000000E+00 0
 557   11120.00   11140.00  0.000000000000000E+00  0.000000000000000E+00 0
 558   11140.00   11160.00  0.000000000000000E+00  0.000000000000000E+00 0
 559   11160.00   11180.00  0.000000000000000E+00  0.000000000000000E+00 0
 560   11180.00   11200.00  0.000000000000000E+00  0.000000000000000E+00 0
 561   11200.00   11220.00  0.000000000000000E+00  0.000000000000000E+00 0
 562   11220.00   11240.00  0.000000000000000E+00  0.000000000000000E+00 0
 563   11240.00   11260.00  0.000000000000000E+00  0.000000000000000E+00 0
 564   11260.00   11280.00  0.000000000000000E+00  0.000000000000000E+00 0
 565   11280.00   11300.00  0.000000000000000E+00  0.000000000000000E+00 0
 566   11300.00   11320.00  0.000000000000000E+00  0.000000000000000E+00 0
 567   11320.00   11340.00  0.000000000000000E+00  0.000000000000000E+00 0
 568   11340.00   11360.00  0.000000000000000E+00  0.000000000000000E+00 0
 569   11360.00   11380.00  0.000000000000000E+00  0.000000000000000E+00 0
 570   11380.00   11400.00  0.000000000000000E+00  0.000000000000000E+00 0
 571   11400.00   11420.00  0.000000000000000E+00  0.000000000000000E+00 0
 572   11420.00   11440.00  0.000000000000000E+00  0.000000000000000E+00 0
 573   11440.00   11460.00  0.000000000000000E+00  0.000000000000000E+00 0
 574   11460.00   11480.00  0.000000000000000E+00  0.000000000000000E+00 0
 575   11480.00   11500.00  0.000000000000000E+00  0.000000000000000E+00 0
 576   11500.00   11520.00  0.000000000000000E+00  0.000000000000000E+00 0
 577   11520.00   11540.00  0.000000000000000E+00  0.000000000000000E+00 0
 578   11540.00   11560.00  0.000000000000000E+00  0.000000000000000E+00 0
 579   11560.00   11580.00  0.000000000000000E+00  0.000000000000000E+00 0
 580   11580.00   11600.00  0.000000000000000E+00  0.000000000000000E+00 0
 581   11600.00   11620.00  0.000000000000000E+00  0.000000000000000E+00 0
 582   11620.00   11640.00  0.000000000000000E+00  0.000000000000000E+00 0
 583   11640.00   11660.00  0.000000000000000E+00  0.000000000000000E+00 0
 584   11660.00   11680.00  0.000000000000000E+00  0.000000000000000E+00 0
 585   11680.00   11700.00  0.000000000000000E+00  0.000000000000000E+00 0
 586   11700.00   11720.00  0.000000000000000E+00  0.000000000000000E+00 0
 587   11720.00   11740.00  0.000000000000000E+00  0.000000000000000E+00 0
 588   11740.00   11760.00  0.000000000000000E+00  0.000000000000000E+00 0
 589   11760.00   11780.00  0.000000000000000E+00  0.000000000000000E+00 0
 590   11780.00   11800.00  0.000000000000000E+00  0.000000000000000E+00 0
 591   11800.00   11820.00  0.000000000000000E+00  0.000000000000000E+00 0
 592   11820.00   11840.00  0.000000000000000E+00  0.000000000000000E+00 0
 593   11840.00   11860.00  0.000000000000000E+00  0.000000000000000E+00 0
 594   11860.00   11880.00  0.000000000000000E+00  0.000000000000000E+00 0
 595   11880.00   11900.00  0.000000000000000E+00  0.000000000000000E+00 0
 596   11900.00   11920.00  0.000000000000000E+00  0.000000000000000E+00 0
 597   11920.00   11940.00  0.000000000000000E+00  0.000000000000000E+00 0
 598   11940.00   11960.00  0.000000000000000E+00  0.000000000000000E+00 0
 599   11960.00   11980.00  0.000000000000000E+00  0.000000000000000E+00 0
 600   11980.00   12000.00  0.000000000000000E+00  0.000000000000000E+00 0
 601   12000.00   12020.00  0.000000000000000E+00  0.000000000000000E+00 0
 602   12020.00   12040.00  0.000000000000000E+00  0.000000000000000E+00 0
 603   12040.00   12060.00  0.000000000000000E+00  0.000000000000000E+00 0
 604   12060.00   12080.00  0.000000000000000E+00  0.000000000000000E+00 0
 605   12080.00   12100.00  0.000000000000000E+00  0.000000000000000E+00 0
 606   12100.00   12120.00  0.000000000000000E+00  0.000000000000000E+00 0
 607   12120.00   12140.00  0.000000000000000E+00  0.000000000000000E+00 0
 608   12140.00   12160.00  0.000000000000000E+00  0.000000000000000E+00 0
 609   12160.00   12180.00  0.000000000000000E+00  0.000000000000000E+00 0
 610   12180.00   12200.00  0.000000000000000E+00  0.000000000000000E+00 0
 611   12200.00   12220.00  0.000000000000000E+00  0.000000000000000E+00 0
 612   12220.00   12240.00  0.000000000000000E+00  0.000000000000000E+00 0
 613   12240.00   12260.00  0.000000000000000E+00  0.000000000000000E+00 0
 614   12260.00   12280.00  0.000000000000000E+00  0.000000000000000E+00 0
 615   12280.00   12300.00  0.000000000000000E+00  0.000000000000000E+00 0
 616   12300.00   12320.00  0.000000000000000E+00  0.000000000000000E+00 0
 617   12320.00   12340.00  0.000000000000000E+00  0.000000000000000E+00 0
 618   12340.00   12360.00  0.000000000000000E+00  0.000000000000000E+00 0
 619   12360.00   12380.00  0.000000000000000E+00  0.000000000000000E+00 0
 620   12380.00   12400.00  0.000000000000000E+00  0.000000000000000E+00 0
 621   12400.00   12420.00  0.000000000000000E+00  0.000000000000000E+00 0
 622   12420.00   12440.00  0.000000000000000E+00  0.000000000000000E+00 0
 623   12440.00   12460.00  0.000000000000000E+00  0.000000000000000E+00 0
 624   12460.00   12480.00  0.000000000000000E+00  0.000000000000000E+00 0
 625   12480.00   12500.00  0.000000000000000E+00  0.000000000000000E+00 0
 626   12500.00   12520.00  0.000000000000000E+00  0.000000000000000E+00 0
 627   12520.00   12540.00  0.000000000000000E+00  0.000000000000000E+00 0
 628   12540.00   12560.00  0.000000000000000E+00  0.000000000000000E+00 0
 629   12560.00   12580.00  0.000000000000000E+00  0.000000000000000E+00 0
 630   12580.00   12600.00  0.000000000000000E+00  0.000000000000000E+00 0
 631   12600.00   12620.00  0.000000000000000E+00  0.000000000000000E+00 0
 632   12620.00   12640.00  0.000000000000000E+00  0.000000000000000E+00 0
 633   12640.00   12660.00  0.000000000000000E+00  0.000000000000000E+00 0
 634   12660.00   12680.00  0.000000000000000E+00  0.000000000000000E+00 0
 635   12680.00   12700.00  0.000000000000000E+00  0.000000000000000E+00 0
 636   12700.00   12720.00  0.000000000000000E+00  0.000000000000000E+00 0
 637   12720.00   12740.00  0.000000000000000E+00  0.000000000000000E+00 0
 638   12740.00   12760.00  0.000000000000000E+00  0.000000000000000E+00 0
 639   12760.00   12780.00  0.000000000000000E+00  0.000000000000000E+00 0
 640   12780.00   12800.00  0.000000000000000E+00  0.000000000000000E+00 0
 641   12800.00   12820.00  0.000000000000000E+00  0.000000000000000E+00 0
 642   12820.00   12840.00  0.000000000000000E+00  0.000000000000000E+00 0
 643   12840.00   12860.00  0.000000000000000E+00  0.000000000000000E+00 0
 644   12860.00   12880.00  0.000000000000000E+00  0.000000000000000E+00 0
 645   12880.00   12900.00  0.000000000000000E+00  0.000000000000000E+00 0
 646   12900.00   12920.00  0.000000000000000E+00  0.000000000000000E+00 0
 647   12920.00   12940.00  0.000000000000000E+00  0.000000000000000E+00 0
 648   12940.00   12960.00  0.000000000000000E+00  0.000000000000000E+00 0
 649   12960.00   12980.00  0.000000000000000E+00  0.000000000000000E+00 0
 650   12980.00   13000.00  0.000000000000000E+00  0.000000000000000E+00 0
# Underflow:                 0.0000000000000000E+00  0.0000000000000000E+00 0
# Overflow:                  0.0000000000000000E+00  0.0000000000000000E+00 0
#-------------------------------------------------------------------------------------
# Sum:                       1.0468648594316623E+00  3.4523030514045807E-04 107479000
#=====================================================================================
# Number of generated events: 3357351632
