# title = Distance Positron--anti-Muon
# xlabel = $\Delta R_{\text{e}^+\mu^+}$
# ylabel = $\frac{\text{d}\sigma}{\text{d}\Delta R_{\text{e}^+\mu^+}}\,[\text{fb}]$
# xmin=  0.000E+00
# xmax=  6.000E+00
# ymin=  1.000E-04
# ymax=  1.000E+00
# kmin= -2.000E+01
# kmax=  1.000E+01
# logscale = true
# Renormalization and factorization scale scaled by: 1.0000000000
# Renormalization scaled by: 1.0000000000
#
#
#=====================================================================================
# No.       Left      Right                   Value                   Error Hits
#-------------------------------------------------------------------------------------
   1       0.00       0.20  0.000000000000000E+00  0.000000000000000E+00 0
   2       0.20       0.40  4.998944684867299E-02  8.221230648463974E-05 12211510
   3       0.40       0.60  1.418360918218369E-01  1.373121375206905E-04 34490743
   4       0.60       0.80  1.965235971571063E-01  1.616632771138756E-04 47406274
   5       0.80       1.00  2.493333025598074E-01  1.801920165153789E-04 59660710
   6       1.00       1.20  3.005989423098753E-01  2.012754297709667E-04 71173913
   7       1.20       1.40  3.503763855906458E-01  2.152990003080062E-04 81920445
   8       1.40       1.60  3.978955571183407E-01  2.286241638578433E-04 91881785
   9       1.60       1.80  4.450610755341811E-01  2.447303915963380E-04 101121496
  10       1.80       2.00  4.906985825273419E-01  2.590319078109143E-04 109551723
  11       2.00       2.20  5.359406191797438E-01  2.755052678838945E-04 117306220
  12       2.20       2.40  5.807110501088543E-01  2.910733024484440E-04 124562455
  13       2.40       2.60  6.236152301976431E-01  3.073944231468362E-04 131507620
  14       2.60       2.80  6.644355390545847E-01  3.239527159148429E-04 138289966
  15       2.80       3.00  7.006596552929344E-01  3.376882661113615E-04 145112078
  16       3.00       3.20  6.881214928974638E-01  3.405494766192991E-04 144315362
  17       3.20       3.40  4.277442582787415E-01  2.799092975864067E-04 95323177
  18       3.40       3.60  2.904567172855272E-01  2.367051264001563E-04 68787897
  19       3.60       3.80  2.041539099326333E-01  2.016141571016784E-04 51447972
  20       3.80       4.00  1.439869870360935E-01  1.698764833952866E-04 38523839
  21       4.00       4.20  1.001841130019844E-01  1.427715889394422E-04 28475573
  22       4.20       4.40  6.763139300433127E-02  1.163812390656422E-04 20541478
  23       4.40       4.60  4.419593775070814E-02  9.245738676109583E-05 14322487
  24       4.60       4.80  2.742743547325425E-02  7.151299575267617E-05 9496889
  25       4.80       5.00  1.573877056416255E-02  5.324066468028748E-05 5793665
  26       5.00       5.20  8.104973818373974E-03  3.686500192243832E-05 3148763
  27       5.20       5.40  3.652571209846267E-03  2.353676065016429E-05 1537067
  28       5.40       5.60  1.357171888424073E-03  1.565567763957173E-05 604415
  29       5.60       5.80  2.956797217490223E-04  6.255755609384441E-06 143081
  30       5.80       6.00  8.763270553576945E-06  8.626261538402413E-07 5397
  31       6.00       6.20  0.000000000000000E+00  0.000000000000000E+00 0
  32       6.20       6.40  0.000000000000000E+00  0.000000000000000E+00 0
  33       6.40       6.60  0.000000000000000E+00  0.000000000000000E+00 0
  34       6.60       6.80  0.000000000000000E+00  0.000000000000000E+00 0
  35       6.80       7.00  0.000000000000000E+00  0.000000000000000E+00 0
  36       7.00       7.20  0.000000000000000E+00  0.000000000000000E+00 0
  37       7.20       7.40  0.000000000000000E+00  0.000000000000000E+00 0
  38       7.40       7.60  0.000000000000000E+00  0.000000000000000E+00 0
  39       7.60       7.80  0.000000000000000E+00  0.000000000000000E+00 0
  40       7.80       8.00  0.000000000000000E+00  0.000000000000000E+00 0
  41       8.00       8.20  0.000000000000000E+00  0.000000000000000E+00 0
  42       8.20       8.40  0.000000000000000E+00  0.000000000000000E+00 0
  43       8.40       8.60  0.000000000000000E+00  0.000000000000000E+00 0
  44       8.60       8.80  0.000000000000000E+00  0.000000000000000E+00 0
  45       8.80       9.00  0.000000000000000E+00  0.000000000000000E+00 0
  46       9.00       9.20  0.000000000000000E+00  0.000000000000000E+00 0
  47       9.20       9.40  0.000000000000000E+00  0.000000000000000E+00 0
  48       9.40       9.60  0.000000000000000E+00  0.000000000000000E+00 0
  49       9.60       9.80  0.000000000000000E+00  0.000000000000000E+00 0
  50       9.80      10.00  0.000000000000000E+00  0.000000000000000E+00 0
  51      10.00      10.20  0.000000000000000E+00  0.000000000000000E+00 0
  52      10.20      10.40  0.000000000000000E+00  0.000000000000000E+00 0
  53      10.40      10.60  0.000000000000000E+00  0.000000000000000E+00 0
  54      10.60      10.80  0.000000000000000E+00  0.000000000000000E+00 0
  55      10.80      11.00  0.000000000000000E+00  0.000000000000000E+00 0
  56      11.00      11.20  0.000000000000000E+00  0.000000000000000E+00 0
  57      11.20      11.40  0.000000000000000E+00  0.000000000000000E+00 0
  58      11.40      11.60  0.000000000000000E+00  0.000000000000000E+00 0
  59      11.60      11.80  0.000000000000000E+00  0.000000000000000E+00 0
  60      11.80      12.00  0.000000000000000E+00  0.000000000000000E+00 0
  61      12.00      12.20  0.000000000000000E+00  0.000000000000000E+00 0
  62      12.20      12.40  0.000000000000000E+00  0.000000000000000E+00 0
  63      12.40      12.60  0.000000000000000E+00  0.000000000000000E+00 0
  64      12.60      12.80  0.000000000000000E+00  0.000000000000000E+00 0
  65      12.80      13.00  0.000000000000000E+00  0.000000000000000E+00 0
  66      13.00      13.20  0.000000000000000E+00  0.000000000000000E+00 0
  67      13.20      13.40  0.000000000000000E+00  0.000000000000000E+00 0
  68      13.40      13.60  0.000000000000000E+00  0.000000000000000E+00 0
  69      13.60      13.80  0.000000000000000E+00  0.000000000000000E+00 0
  70      13.80      14.00  0.000000000000000E+00  0.000000000000000E+00 0
  71      14.00      14.20  0.000000000000000E+00  0.000000000000000E+00 0
  72      14.20      14.40  0.000000000000000E+00  0.000000000000000E+00 0
  73      14.40      14.60  0.000000000000000E+00  0.000000000000000E+00 0
  74      14.60      14.80  0.000000000000000E+00  0.000000000000000E+00 0
  75      14.80      15.00  0.000000000000000E+00  0.000000000000000E+00 0
  76      15.00      15.20  0.000000000000000E+00  0.000000000000000E+00 0
  77      15.20      15.40  0.000000000000000E+00  0.000000000000000E+00 0
  78      15.40      15.60  0.000000000000000E+00  0.000000000000000E+00 0
  79      15.60      15.80  0.000000000000000E+00  0.000000000000000E+00 0
  80      15.80      16.00  0.000000000000000E+00  0.000000000000000E+00 0
  81      16.00      16.20  0.000000000000000E+00  0.000000000000000E+00 0
  82      16.20      16.40  0.000000000000000E+00  0.000000000000000E+00 0
  83      16.40      16.60  0.000000000000000E+00  0.000000000000000E+00 0
  84      16.60      16.80  0.000000000000000E+00  0.000000000000000E+00 0
  85      16.80      17.00  0.000000000000000E+00  0.000000000000000E+00 0
  86      17.00      17.20  0.000000000000000E+00  0.000000000000000E+00 0
  87      17.20      17.40  0.000000000000000E+00  0.000000000000000E+00 0
  88      17.40      17.60  0.000000000000000E+00  0.000000000000000E+00 0
  89      17.60      17.80  0.000000000000000E+00  0.000000000000000E+00 0
  90      17.80      18.00  0.000000000000000E+00  0.000000000000000E+00 0
  91      18.00      18.20  0.000000000000000E+00  0.000000000000000E+00 0
  92      18.20      18.40  0.000000000000000E+00  0.000000000000000E+00 0
  93      18.40      18.60  0.000000000000000E+00  0.000000000000000E+00 0
  94      18.60      18.80  0.000000000000000E+00  0.000000000000000E+00 0
  95      18.80      19.00  0.000000000000000E+00  0.000000000000000E+00 0
  96      19.00      19.20  0.000000000000000E+00  0.000000000000000E+00 0
  97      19.20      19.40  0.000000000000000E+00  0.000000000000000E+00 0
  98      19.40      19.60  0.000000000000000E+00  0.000000000000000E+00 0
  99      19.60      19.80  0.000000000000000E+00  0.000000000000000E+00 0
 100      19.80      20.00  0.000000000000000E+00  0.000000000000000E+00 0
 101      20.00      20.20  0.000000000000000E+00  0.000000000000000E+00 0
 102      20.20      20.40  0.000000000000000E+00  0.000000000000000E+00 0
 103      20.40      20.60  0.000000000000000E+00  0.000000000000000E+00 0
 104      20.60      20.80  0.000000000000000E+00  0.000000000000000E+00 0
 105      20.80      21.00  0.000000000000000E+00  0.000000000000000E+00 0
# Underflow:                 0.0000000000000000E+00  0.0000000000000000E+00 0
# Overflow:                  0.0000000000000000E+00  0.0000000000000000E+00 0
#-------------------------------------------------------------------------------------
# Sum:                       1.0468648594316921E+00  3.4522195777551189E-04 107479000
#=====================================================================================
# Number of generated events: 3357351632
