# title = Total Transverse Energy with Gluon
# xlabel = $H_{\text{T},\text{g}}\,$[GeV]
# ylabel = $\frac{\text{d}\sigma}{\text{d}H_{\text{T},\text{g}}}\,\left[\frac{\text{fb}}{\text{GeV}}\right]$
# xmin=  0.000E+00
# xmax=  2.000E+03
# ymin=  1.000E-06
# ymax=  1.000E-02
# kmin= -2.000E+01
# kmax=  1.000E+01
# logscale = true
# Renormalization and factorization scale scaled by: 1.0000000000
# Renormalization scaled by: 1.0000000000
#
#
#=====================================================================================
# No.       Left      Right                   Value                   Error Hits
#-------------------------------------------------------------------------------------
   1       0.00      60.00  0.000000000000000E+00  0.000000000000000E+00 0
   2      60.00     120.00  0.000000000000000E+00  0.000000000000000E+00 0
   3     120.00     180.00  1.724003753938640E-06  2.542940500576499E-08 149415
   4     180.00     240.00  1.657005322349032E-04  2.866017792573402E-07 11050936
   5     240.00     300.00  9.987669988035202E-04  7.482633277672414E-07 47963640
   6     300.00     360.00  2.118512916116816E-03  1.124382609792175E-06 85806224
   7     360.00     420.00  2.843946276662800E-03  1.308480396350513E-06 110251397
   8     420.00     480.00  3.046454521960285E-03  1.348667665371321E-06 118272502
   9     480.00     540.00  2.868053080916234E-03  1.287031899154962E-06 115088328
  10     540.00     600.00  2.516762485295338E-03  1.189314247580523E-06 107390961
  11     600.00     660.00  2.120709301482316E-03  1.058778858633759E-06 98207517
  12     660.00     720.00  1.747679463900729E-03  9.475685628192060E-07 88851763
  13     720.00     780.00  1.419871401395950E-03  8.224273847919994E-07 79953453
  14     780.00     840.00  1.146235508575738E-03  7.170134724391508E-07 71901043
  15     840.00     900.00  9.221757200898255E-04  6.240439658020781E-07 64680478
  16     900.00     960.00  7.401159277052171E-04  5.424524786472262E-07 58301808
  17     960.00    1020.00  5.954936866846605E-04  4.688841391981961E-07 52653007
  18    1020.00    1080.00  4.784869417235790E-04  4.041040962582445E-07 47667927
  19    1080.00    1140.00  3.866374859563195E-04  3.543592696469060E-07 43255659
  20    1140.00    1200.00  3.119170482442696E-04  3.041279094852442E-07 39343228
  21    1200.00    1260.00  2.527521554842441E-04  2.655768994724397E-07 35880047
  22    1260.00    1320.00  2.051936924654935E-04  2.298326971314211E-07 32784278
  23    1320.00    1380.00  1.668332784444688E-04  2.001269543422326E-07 30016256
  24    1380.00    1440.00  1.361420877242797E-04  1.756687563895275E-07 27546949
  25    1440.00    1500.00  1.114038682842728E-04  1.532058824493516E-07 25318894
  26    1500.00    1560.00  9.131282621360866E-05  1.338584508157916E-07 23308823
  27    1560.00    1620.00  7.503516189320140E-05  1.163414441887160E-07 21507646
  28    1620.00    1680.00  6.179091289639008E-05  1.029125516360069E-07 19862946
  29    1680.00    1740.00  5.098747410185560E-05  8.976008573057061E-08 18373877
  30    1740.00    1800.00  4.226037358562039E-05  7.936207598186284E-08 17030479
  31    1800.00    1860.00  3.494306666015258E-05  6.873711107084243E-08 15796025
  32    1860.00    1920.00  2.889572981786145E-05  6.014446672672402E-08 14671371
  33    1920.00    1980.00  2.403044316013086E-05  5.176781506128798E-08 13641009
  34    1980.00    2040.00  2.009328669884187E-05  4.753441433717322E-08 12705815
  35    2040.00    2100.00  1.681501204078225E-05  4.133112949434840E-08 11840895
  36    2100.00    2160.00  1.398392905050243E-05  3.567143687957362E-08 11040809
  37    2160.00    2220.00  1.164982054311591E-05  3.137557355618383E-08 10307493
  38    2220.00    2280.00  9.830896193485573E-06  2.837127072363988E-08 9641380
  39    2280.00    2340.00  8.214727465129937E-06  2.485936433195577E-08 9014326
  40    2340.00    2400.00  6.899603431113461E-06  2.154280225806971E-08 8440712
  41    2400.00    2460.00  5.811549206323308E-06  1.931897164395471E-08 7905584
  42    2460.00    2520.00  4.891150941158943E-06  1.723118537696250E-08 7414402
  43    2520.00    2580.00  4.113948616228820E-06  1.461103721527552E-08 6951747
  44    2580.00    2640.00  3.451728111985942E-06  1.285830136802977E-08 6531007
  45    2640.00    2700.00  2.902587933773102E-06  1.132563027811870E-08 6130207
  46    2700.00    2760.00  2.461111009228015E-06  9.950851046473132E-09 5773022
  47    2760.00    2820.00  2.085712545795372E-06  8.818708334069300E-09 5426921
  48    2820.00    2880.00  1.766136746830609E-06  8.451294052571616E-09 5108123
  49    2880.00    2940.00  1.499099783645476E-06  7.456492680300049E-09 4811560
  50    2940.00    3000.00  1.262457289908948E-06  6.095675451067524E-09 4529855
  51    3000.00    3060.00  1.070539770802651E-06  5.532737441557049E-09 4271531
  52    3060.00    3120.00  9.166588211416614E-07  4.834131371220779E-09 4023631
  53    3120.00    3180.00  7.726598245204509E-07  4.829268795080289E-09 3798139
  54    3180.00    3240.00  6.533221937238873E-07  3.822647311133972E-09 3583858
  55    3240.00    3300.00  5.601927857219309E-07  3.465027868831338E-09 3385836
  56    3300.00    3360.00  4.762829336466185E-07  2.967000733763682E-09 3194722
  57    3360.00    3420.00  3.997428108079982E-07  2.412410256752616E-09 3017761
  58    3420.00    3480.00  3.466759271381442E-07  2.355439784029523E-09 2852342
  59    3480.00    3540.00  2.957822071948587E-07  2.112174773468081E-09 2694453
  60    3540.00    3600.00  2.471561520459624E-07  1.735672807602717E-09 2548958
  61    3600.00    3660.00  2.119300499671384E-07  1.573640943153249E-09 2407766
  62    3660.00    3720.00  1.828795855278414E-07  1.474845348192500E-09 2279249
  63    3720.00    3780.00  1.571133216836257E-07  1.395254859305596E-09 2160312
  64    3780.00    3840.00  1.328965849870600E-07  1.166730976216462E-09 2040986
  65    3840.00    3900.00  1.142922987584194E-07  9.867370080661414E-10 1932600
  66    3900.00    3960.00  9.658922934611606E-08  8.436364614038137E-10 1830385
  67    3960.00    4020.00  8.361469204896575E-08  7.750149934764301E-10 1732460
  68    4020.00    4080.00  7.156511603247210E-08  7.282268642654184E-10 1641531
  69    4080.00    4140.00  6.132196633794789E-08  6.127564171068581E-10 1554677
  70    4140.00    4200.00  5.292525046764878E-08  6.364550010095938E-10 1470818
  71    4200.00    4260.00  4.488629835584621E-08  4.943775526270690E-10 1395377
  72    4260.00    4320.00  3.889780069636104E-08  4.316455943660438E-10 1322755
  73    4320.00    4380.00  3.301001883121632E-08  3.676187874014322E-10 1252716
  74    4380.00    4440.00  2.888773963317070E-08  3.541762800687814E-10 1186934
  75    4440.00    4500.00  2.437976941363627E-08  3.074637291325160E-10 1124555
  76    4500.00    4560.00  2.138616267980042E-08  4.160618694444267E-10 1066058
  77    4560.00    4620.00  1.844452638563634E-08  2.695795001678471E-10 1011531
  78    4620.00    4680.00  1.536720655440266E-08  2.702588694677233E-10 957520
  79    4680.00    4740.00  1.351727536786708E-08  1.999543144051475E-10 907771
  80    4740.00    4800.00  1.156743872784674E-08  2.298428029505411E-10 860655
  81    4800.00    4860.00  9.965073475691854E-09  1.736134068506188E-10 815347
  82    4860.00    4920.00  8.459619196445319E-09  1.364232101513884E-10 774195
  83    4920.00    4980.00  7.677686319030119E-09  1.587270559578743E-10 732476
  84    4980.00    5040.00  6.332257351242328E-09  9.711414023110727E-11 695033
  85    5040.00    5100.00  5.381053104770832E-09  9.375842990956236E-11 656738
  86    5100.00    5160.00  4.807169140076668E-09  8.426445485792154E-11 623179
  87    5160.00    5220.00  3.973420603001704E-09  7.242117829179077E-11 591138
  88    5220.00    5280.00  3.699847942043748E-09  1.364360571873880E-10 560300
  89    5280.00    5340.00  2.999422354407030E-09  5.683113840483690E-11 529355
  90    5340.00    5400.00  2.749517091214073E-09  1.077441557045639E-10 502831
  91    5400.00    5460.00  2.314577873745135E-09  5.289388845260779E-11 475682
  92    5460.00    5520.00  1.928183187673387E-09  4.694332089753305E-11 450388
  93    5520.00    5580.00  1.692225734876851E-09  4.381716130225648E-11 426960
  94    5580.00    5640.00  1.488179633024445E-09  4.897716167294146E-11 403666
  95    5640.00    5700.00  1.330062844199778E-09  3.423074196362307E-11 382008
  96    5700.00    5760.00  1.063739701300062E-09  2.775965930999757E-11 362051
  97    5760.00    5820.00  9.609948298761444E-10  2.652116089221036E-11 343312
  98    5820.00    5880.00  8.000268210664877E-10  2.058244747380425E-11 324668
  99    5880.00    5940.00  7.231231588636530E-10  2.742465741587975E-11 306807
 100    5940.00    6000.00  6.099737211604788E-10  1.833546328135268E-11 291050
 101    6000.00    6060.00  5.090341834892596E-10  1.463605929999990E-11 275393
 102    6060.00    6120.00  4.865158725737208E-10  2.837590571103942E-11 259974
 103    6120.00    6180.00  3.621926593927721E-10  1.083399393297506E-11 246582
 104    6180.00    6240.00  3.197483429310940E-10  1.173937367582126E-11 232166
 105    6240.00    6300.00  2.782378012507786E-10  1.140575796818068E-11 220160
 106    6300.00    6360.00  2.501986671747686E-10  8.978345851813199E-12 207646
 107    6360.00    6420.00  2.012993737962135E-10  9.039158882464914E-12 196623
 108    6420.00    6480.00  1.837760152602343E-10  8.265954053440291E-12 185199
 109    6480.00    6540.00  1.476312267786910E-10  5.476505020782152E-12 175775
 110    6540.00    6600.00  1.217310979285995E-10  4.525690600002334E-12 165564
 111    6600.00    6660.00  1.115350972878633E-10  4.360742314357439E-12 155992
 112    6660.00    6720.00  9.462582213144715E-11  3.662081083361381E-12 147753
 113    6720.00    6780.00  8.167665412061596E-11  3.338384142290521E-12 139949
 114    6780.00    6840.00  7.016060771001106E-11  4.290599857369589E-12 132038
 115    6840.00    6900.00  5.142632228089719E-11  2.468021799066368E-12 124824
 116    6900.00    6960.00  4.827887820658874E-11  2.043908383054616E-12 117257
 117    6960.00    7020.00  4.615196869501489E-11  3.829054290601171E-12 111049
 118    7020.00    7080.00  3.539040566030968E-11  1.614738086128620E-12 104885
 119    7080.00    7140.00  3.157059184760541E-11  1.507014383417470E-12 98400
 120    7140.00    7200.00  2.627390023643822E-11  1.325048908612205E-12 92702
 121    7200.00    7260.00  2.278522448647058E-11  1.069200569398114E-12 87630
 122    7260.00    7320.00  2.020718880054174E-11  1.532769796977388E-12 82428
 123    7320.00    7380.00  1.602577814450332E-11  1.120773339794214E-12 78261
 124    7380.00    7440.00  1.251653779369564E-11  6.492356387724672E-13 73484
 125    7440.00    7500.00  1.040197233883291E-11  6.799524238659440E-13 69245
 126    7500.00    7560.00  9.308224431237190E-12  5.211948972713313E-13 65495
 127    7560.00    7620.00  8.511626825574564E-12  6.112968209824457E-13 61152
 128    7620.00    7680.00  5.948814432278729E-12  3.448533246046177E-13 57631
 129    7680.00    7740.00  6.092288981328160E-12  4.315902539645078E-13 54442
 130    7740.00    7800.00  4.844972833916313E-12  3.803758516720751E-13 51154
 131    7800.00    7860.00  3.550427669131789E-12  2.333458012510882E-13 47894
 132    7860.00    7920.00  3.599366127425938E-12  2.386338290170430E-13 45558
 133    7920.00    7980.00  2.651597424408180E-12  1.945760572724759E-13 42697
 134    7980.00    8040.00  2.106375792731724E-12  1.573639284401637E-13 40058
 135    8040.00    8100.00  1.709809027676901E-12  1.145937341930760E-13 37667
 136    8100.00    8160.00  1.518776093851878E-12  1.241525028665574E-13 35389
 137    8160.00    8220.00  1.284072058487069E-12  1.046509554020184E-13 33128
 138    8220.00    8280.00  1.017936048507964E-12  1.373152605039875E-13 31007
 139    8280.00    8340.00  8.939371837964222E-13  7.433575318464732E-14 29438
 140    8340.00    8400.00  8.113560357148269E-13  6.728639507333180E-14 27396
 141    8400.00    8460.00  5.840989896292720E-13  5.664074961032738E-14 25820
 142    8460.00    8520.00  4.788857071008373E-13  4.083578190731383E-14 23911
 143    8520.00    8580.00  3.758230114620282E-13  3.120745772006855E-14 22633
 144    8580.00    8640.00  3.263058596008363E-13  4.793871152607595E-14 21537
 145    8640.00    8700.00  2.622632697701495E-13  2.622497566230673E-14 19859
 146    8700.00    8760.00  2.299735386665988E-13  3.263823063393871E-14 18496
 147    8760.00    8820.00  1.628937791114721E-13  1.652992006427320E-14 17415
 148    8820.00    8880.00  1.515357809467544E-13  1.875091736768039E-14 16247
 149    8880.00    8940.00  1.366814060590228E-13  2.693475072475800E-14 15206
 150    8940.00    9000.00  7.642882270328143E-14  6.906710293037492E-15 14233
 151    9000.00    9060.00  7.104543310532080E-14  1.221566616534039E-14 13460
 152    9060.00    9120.00  6.007639895949421E-14  7.781459343293269E-15 12440
 153    9120.00    9180.00  4.222174225217008E-14  4.376996951927150E-15 11646
 154    9180.00    9240.00  3.256419358193782E-14  3.699041937545945E-15 10706
 155    9240.00    9300.00  2.889805140933121E-14  4.214594229404198E-15 9932
 156    9300.00    9360.00  2.419463252751407E-14  3.737277386404005E-15 9118
 157    9360.00    9420.00  1.660365938619940E-14  2.199893766697076E-15 8750
 158    9420.00    9480.00  1.266375347570461E-14  1.679976916757390E-15 8028
 159    9480.00    9540.00  9.027697975233658E-15  1.555543185452330E-15 7685
 160    9540.00    9600.00  1.126609825458191E-14  2.058663670428643E-15 6873
 161    9600.00    9660.00  7.454574772386338E-15  1.102937135649122E-15 6347
 162    9660.00    9720.00  5.373005028593745E-15  6.862645709104122E-16 5958
 163    9720.00    9780.00  3.766628571560345E-15  6.436133765556168E-16 5525
 164    9780.00    9840.00  2.721592998691736E-15  6.320898939506446E-16 5051
 165    9840.00    9900.00  2.157754417403562E-15  4.227409006518963E-16 4698
 166    9900.00    9960.00  1.893631574442451E-15  3.736442939451188E-16 4427
 167    9960.00   10020.00  1.204234425706111E-15  2.692158820206256E-16 3899
 168   10020.00   10080.00  9.748772377391141E-16  1.752656625061253E-16 3682
 169   10080.00   10140.00  9.691722938331157E-16  1.786551376137285E-16 3352
 170   10140.00   10200.00  5.098048914851253E-16  1.306332534007554E-16 3040
 171   10200.00   10260.00  3.273271146258350E-16  9.205613535443040E-17 2792
 172   10260.00   10320.00  1.979875251976628E-16  6.323778113753189E-17 2533
 173   10320.00   10380.00  1.724492500604535E-16  4.474709486183094E-17 2333
 174   10380.00   10440.00  9.670226566215903E-17  3.184322033034619E-17 2089
 175   10440.00   10500.00  1.151625570376419E-16  3.527945964912774E-17 1887
 176   10500.00   10560.00  1.390978982617281E-16  5.133519199955522E-17 1728
 177   10560.00   10620.00  7.557956205769785E-17  2.152237416426167E-17 1571
 178   10620.00   10680.00  2.387827646557015E-17  9.896884579065397E-18 1351
 179   10680.00   10740.00  2.241821653131892E-17  7.847141999199480E-18 1213
 180   10740.00   10800.00  4.649320772181958E-17  3.643098139130580E-17 1154
 181   10800.00   10860.00  1.389582371087496E-17  6.674810145646305E-18 991
 182   10860.00   10920.00  1.347607390910563E-17  7.212234730776260E-18 895
 183   10920.00   10980.00  2.278423641040490E-18  1.416581055908349E-18 754
 184   10980.00   11040.00  1.217569486384370E-18  2.032332146275429E-18 711
 185   11040.00   11100.00  2.986695108087643E-18  1.737799207096272E-18 607
 186   11100.00   11160.00  4.088263583940740E-18  3.010534609967426E-18 540
 187   11160.00   11220.00  3.676159701872086E-19  6.414603306554897E-19 459
 188   11220.00   11280.00  1.631778611271680E-18  1.287394932002300E-18 404
 189   11280.00   11340.00  9.854642623042054E-19  5.013818618790007E-19 361
 190   11340.00   11400.00  1.782719639447503E-18  1.526865405283686E-18 309
 191   11400.00   11460.00 -1.472375110195868E-19  1.856427707755325E-19 249
 192   11460.00   11520.00 -5.837747749605847E-20  1.261154952131288E-19 250
 193   11520.00   11580.00  1.691338610006989E-19  2.080615017210265E-19 188
 194   11580.00   11640.00  1.253126904540958E-20  4.811739683433352E-19 154
 195   11640.00   11700.00  1.551805114752704E-19  1.204566889568910E-19 127
 196   11700.00   11760.00 -3.280162576841437E-20  2.300454513520035E-20 103
 197   11760.00   11820.00 -1.172032786684475E-20  6.063414841246503E-21 93
 198   11820.00   11880.00 -5.508388661127979E-24  3.274280420851602E-21 65
 199   11880.00   11940.00 -5.564514227405546E-21  5.831565278521972E-21 63
 200   11940.00   12000.00 -1.367086011166948E-20  9.461714954004769E-21 37
 201   12000.00   12060.00  9.874196533470373E-24  2.589484465933502E-22 36
 202   12060.00   12120.00 -6.760543261949261E-22  4.925202583881375E-22 29
 203   12120.00   12180.00 -5.405162168110001E-22  6.211050537080407E-22 15
 204   12180.00   12240.00 -6.050691689040592E-23  5.388979528074605E-23 12
 205   12240.00   12300.00  6.823057114526403E-21  4.830617300121342E-21 11
 206   12300.00   12360.00  6.740541976439935E-25  6.758953831086336E-25 2
 207   12360.00   12420.00 -8.720999252225799E-28  6.156192115225652E-28 3
 208   12420.00   12480.00  9.886746997228211E-24  1.159516974356760E-23 4
 209   12480.00   12540.00 -1.120448307598546E-27  8.397200512938702E-28 2
 210   12540.00   12600.00  0.000000000000000E+00  0.000000000000000E+00 0
 211   12600.00   12660.00 -4.234585602220679E-29  4.234585600724458E-29 1
 212   12660.00   12720.00  0.000000000000000E+00  0.000000000000000E+00 0
 213   12720.00   12780.00  0.000000000000000E+00  0.000000000000000E+00 0
 214   12780.00   12840.00  0.000000000000000E+00  0.000000000000000E+00 0
 215   12840.00   12900.00  0.000000000000000E+00  0.000000000000000E+00 0
 216   12900.00   12960.00  0.000000000000000E+00  0.000000000000000E+00 0
 217   12960.00   13020.00  0.000000000000000E+00  0.000000000000000E+00 0
# Underflow:                 0.0000000000000000E+00  0.0000000000000000E+00 0
# Overflow:                  0.0000000000000000E+00  0.0000000000000000E+00 0
#-------------------------------------------------------------------------------------
# Sum:                       1.0468648594316770E+00  3.4521013330028594E-04 107479000
#=====================================================================================
# Number of generated events: 3357351632
