# title = CMS Energy
# xlabel = $\sqrt{\hat{s}}\,$[GeV]
# ylabel = $\frac{\text{d}\sigma}{\text{d}\sqrt{\hat{s}}}\,\left[\frac{\text{fb}}{\text{GeV}}\right]$
# xmin=  5.000E+02
# xmax=  4.000E+03
# ymin=  1.000E-07
# ymax=  1.000E-03
# kmin= -2.000E+01
# kmax=  1.000E+01
# logscale = true
# Renormalization and factorization scale scaled by: 1.0000000000
# Renormalization scaled by: 1.0000000000
#
#
#=====================================================================================
# No.       Left      Right                   Value                   Error Hits
#-------------------------------------------------------------------------------------
   1       0.00     100.00  0.000000000000000E+00  0.000000000000000E+00 0
   2     100.00     200.00  0.000000000000000E+00  0.000000000000000E+00 0
   3     200.00     300.00  0.000000000000000E+00  0.000000000000000E+00 0
   4     300.00     400.00  0.000000000000000E+00  0.000000000000000E+00 0
   5     400.00     500.00  0.000000000000000E+00  0.000000000000000E+00 0
   6     500.00     600.00  0.000000000000000E+00  0.000000000000000E+00 0
   7     600.00     700.00  2.490757021170837E-06  3.800805874613681E-09 2654359
   8     700.00     800.00  1.082919673055055E-04  5.235134399218874E-08 24358850
   9     800.00     900.00  3.169412640802337E-04  1.222482983288441E-07 41654670
  10     900.00    1000.00  4.900250245034959E-04  1.818829053535492E-07 51796593
  11    1000.00    1100.00  6.093251104649116E-04  2.300381076322707E-07 57163098
  12    1100.00    1200.00  6.845299176838443E-04  2.703049432331606E-07 59429200
  13    1200.00    1300.00  7.264730835185191E-04  3.032458823147588E-07 59854144
  14    1300.00    1400.00  7.460962883898775E-04  3.327829431852322E-07 59155790
  15    1400.00    1500.00  7.480236370711405E-04  3.580520974677172E-07 57779550
  16    1500.00    1600.00  7.383029442384937E-04  3.791906275842996E-07 55999689
  17    1600.00    1700.00  7.187833154184459E-04  3.970305881550847E-07 53986349
  18    1700.00    1800.00  6.937989632744675E-04  4.111492482001432E-07 51890017
  19    1800.00    1900.00  6.640500494738775E-04  4.214071007700566E-07 49760171
  20    1900.00    2000.00  6.333481771682439E-04  4.321564442805253E-07 47613780
  21    2000.00    2100.00  5.996457197991976E-04  4.379354897566876E-07 45544403
  22    2100.00    2200.00  5.656899789417709E-04  4.423457030902758E-07 43523366
  23    2200.00    2300.00  5.308611610713251E-04  4.425139873691798E-07 41588448
  24    2300.00    2400.00  4.975606749202800E-04  4.460009286849180E-07 39716214
  25    2400.00    2500.00  4.654338667953531E-04  4.425744026769442E-07 37934590
  26    2500.00    2600.00  4.327971581190558E-04  4.382377260439248E-07 36229000
  27    2600.00    2700.00  4.025995559386548E-04  4.316412590157134E-07 34613829
  28    2700.00    2800.00  3.726303131660407E-04  4.257663290875915E-07 33078951
  29    2800.00    2900.00  3.449086730642652E-04  4.161088353891088E-07 31617770
  30    2900.00    3000.00  3.172238449545452E-04  4.017773433304207E-07 30232891
  31    3000.00    3100.00  2.932879612590712E-04  3.942128054777861E-07 28917218
  32    3100.00    3200.00  2.695675551178135E-04  3.842008552141118E-07 27665263
  33    3200.00    3300.00  2.470544906038435E-04  3.674804639161502E-07 26472513
  34    3300.00    3400.00  2.260285042558825E-04  3.537824825912666E-07 25350450
  35    3400.00    3500.00  2.064184474628107E-04  3.418438011469361E-07 24273143
  36    3500.00    3600.00  1.883106204769593E-04  3.201944073272764E-07 23247858
  37    3600.00    3700.00  1.723724719353674E-04  3.107612490674941E-07 22286424
  38    3700.00    3800.00  1.558018246924498E-04  2.921607034831688E-07 21360002
  39    3800.00    3900.00  1.420463338492162E-04  2.872096420377586E-07 20482206
  40    3900.00    4000.00  1.286023697866374E-04  2.659115036800343E-07 19648897
  41    4000.00    4100.00  1.159890509729382E-04  2.512222887931462E-07 18849027
  42    4100.00    4200.00  1.045880102062662E-04  2.323902818743232E-07 18080264
  43    4200.00    4300.00  9.464014381667731E-05  2.252854776257857E-07 17364883
  44    4300.00    4400.00  8.498000633422967E-05  2.059094413936027E-07 16668300
  45    4400.00    4500.00  7.606437816249318E-05  1.915803472295067E-07 16003474
  46    4500.00    4600.00  6.852248394571013E-05  1.816206297108304E-07 15382223
  47    4600.00    4700.00  6.120932287566753E-05  1.681865578817136E-07 14773034
  48    4700.00    4800.00  5.458764817896201E-05  1.554791882347355E-07 14195958
  49    4800.00    4900.00  4.874699783398537E-05  1.428809455060130E-07 13645763
  50    4900.00    5000.00  4.368625448368573E-05  1.344368474550334E-07 13119242
  51    5000.00    5100.00  3.861751134506139E-05  1.212355124022439E-07 12613884
  52    5100.00    5200.00  3.425800717854276E-05  1.122924527056026E-07 12125175
  53    5200.00    5300.00  3.042006095611113E-05  1.036153069673180E-07 11668729
  54    5300.00    5400.00  2.666681150638543E-05  9.350169172834353E-08 11221251
  55    5400.00    5500.00  2.337070779782820E-05  8.242387886130510E-08 10791305
  56    5500.00    5600.00  2.075808858882514E-05  7.772478203891181E-08 10383049
  57    5600.00    5700.00  1.843618025699807E-05  7.168519784729693E-08 9989815
  58    5700.00    5800.00  1.597430897229571E-05  6.327773073855665E-08 9610533
  59    5800.00    5900.00  1.406966218964802E-05  5.824078359150011E-08 9253401
  60    5900.00    6000.00  1.225556705781800E-05  5.462561503853424E-08 8898758
  61    6000.00    6100.00  1.058333737923949E-05  4.658000840893791E-08 8563962
  62    6100.00    6200.00  9.170816763946807E-06  4.090727611187149E-08 8242191
  63    6200.00    6300.00  8.028459076892381E-06  3.748376762778459E-08 7932975
  64    6300.00    6400.00  6.884456867267098E-06  3.265902752153198E-08 7639252
  65    6400.00    6500.00  6.029924630611716E-06  3.065313765037691E-08 7345928
  66    6500.00    6600.00  5.164929464897366E-06  2.619696202735250E-08 7068910
  67    6600.00    6700.00  4.418309170572119E-06  2.262599790346443E-08 6802401
  68    6700.00    6800.00  3.781977098071895E-06  2.030016668467594E-08 6545658
  69    6800.00    6900.00  3.208724570640002E-06  1.744070937260719E-08 6299188
  70    6900.00    7000.00  2.771408266512092E-06  1.880118837497742E-08 6062907
  71    7000.00    7100.00  2.323036553089866E-06  1.313519854276243E-08 5829814
  72    7100.00    7200.00  1.999361941700681E-06  1.244404875589209E-08 5610522
  73    7200.00    7300.00  1.677462790432388E-06  1.021741539533217E-08 5394633
  74    7300.00    7400.00  1.402822377968191E-06  8.649259034488136E-09 5191176
  75    7400.00    7500.00  1.206200716764302E-06  7.699954336087786E-09 4996050
  76    7500.00    7600.00  9.909721305459179E-07  6.392013931613443E-09 4795647
  77    7600.00    7700.00  8.338959547031590E-07  5.493869576953098E-09 4614362
  78    7700.00    7800.00  7.008591631821901E-07  4.950966163716203E-09 4438387
  79    7800.00    7900.00  5.801922147757895E-07  4.564723770420051E-09 4262368
  80    7900.00    8000.00  4.815754075082355E-07  3.480230941168681E-09 4094232
  81    8000.00    8100.00  3.958325986625707E-07  2.839655262631369E-09 3936874
  82    8100.00    8200.00  3.274787320535344E-07  2.610490612010456E-09 3779322
  83    8200.00    8300.00  2.697823722465300E-07  2.298827662536192E-09 3625696
  84    8300.00    8400.00  2.190211043125674E-07  1.732720795339520E-09 3481661
  85    8400.00    8500.00  1.772821277784195E-07  1.558658516388408E-09 3343245
  86    8500.00    8600.00  1.428909701626532E-07  1.201216597622344E-09 3207389
  87    8600.00    8700.00  1.156320740538190E-07  9.767915861319909E-10 3076477
  88    8700.00    8800.00  9.179330211886603E-08  7.912325149142344E-10 2945265
  89    8800.00    8900.00  7.330859997507321E-08  6.171219030894959E-10 2823822
  90    8900.00    9000.00  5.784802812481121E-08  5.259326436634804E-10 2704395
  91    9000.00    9100.00  4.546248178245708E-08  4.190579821952124E-10 2589404
  92    9100.00    9200.00  3.613250823962646E-08  3.291896098505015E-10 2476595
  93    9200.00    9300.00  2.864212873728725E-08  2.864614039893998E-10 2366016
  94    9300.00    9400.00  2.194610714115264E-08  2.125900292962340E-10 2265421
  95    9400.00    9500.00  1.654107749193823E-08  1.578024677272525E-10 2164604
  96    9500.00    9600.00  1.274759462309914E-08  1.261421545218966E-10 2063097
  97    9600.00    9700.00  9.678777214010976E-09  1.034137801382548E-10 1969651
  98    9700.00    9800.00  7.259086154045540E-09  7.361227657757373E-11 1873543
  99    9800.00    9900.00  5.502220013468783E-09  5.767870148737376E-11 1788844
 100    9900.00   10000.00  4.039819954366335E-09  5.751660981893151E-11 1700474
 101   10000.00   10100.00  2.938208857459798E-09  3.298789826686859E-11 1615835
 102   10100.00   10200.00  2.093154719890089E-09  2.302928328644572E-11 1535621
 103   10200.00   10300.00  1.468241054691640E-09  1.584042597500838E-11 1458055
 104   10300.00   10400.00  1.060415050750179E-09  1.325922170291480E-11 1379221
 105   10400.00   10500.00  7.266947805952589E-10  8.220580379514760E-12 1303954
 106   10500.00   10600.00  5.067886267096562E-10  7.576828885651949E-12 1233009
 107   10600.00   10700.00  3.405415316415170E-10  4.713757732576435E-12 1163934
 108   10700.00   10800.00  2.231210276484731E-10  3.197899136674394E-12 1095374
 109   10800.00   10900.00  1.409196456463013E-10  2.033194357848342E-12 1029580
 110   10900.00   11000.00  9.133611750646123E-11  1.363219488130815E-12 965756
 111   11000.00   11100.00  5.690790527628553E-11  8.696072816514146E-13 904552
 112   11100.00   11200.00  3.525948549565681E-11  6.618813804973786E-13 845661
 113   11200.00   11300.00  2.103127099677109E-11  4.353124926676958E-13 788019
 114   11300.00   11400.00  1.168169537528101E-11  2.903544717031302E-13 728548
 115   11400.00   11500.00  6.829307549590101E-12  1.661453278607417E-13 675578
 116   11500.00   11600.00  3.698926169024480E-12  1.048692294562946E-13 621841
 117   11600.00   11700.00  1.767884855854316E-12  6.049722643685727E-14 571245
 118   11700.00   11800.00  8.811654537995400E-13  4.004350559978406E-14 519530
 119   11800.00   11900.00  4.077160199557213E-13  2.752836184854776E-14 471007
 120   11900.00   12000.00  1.701767318511630E-13  1.351092720922545E-14 422854
 121   12000.00   12100.00  5.907503012908449E-14  9.002760311235526E-15 376634
 122   12100.00   12200.00  1.467799012969362E-14  4.041559889083932E-15 332551
 123   12200.00   12300.00  5.072925829527121E-15  2.824788863490208E-15 290144
 124   12300.00   12400.00  1.657104546951935E-15  1.784820740167255E-15 247005
 125   12400.00   12500.00  5.401050434439641E-16  8.069560287157372E-16 205204
 126   12500.00   12600.00 -4.947325105178331E-16  2.776494819926808E-16 166035
 127   12600.00   12700.00 -2.413893189128872E-17  9.762071631287563E-17 127220
 128   12700.00   12800.00 -2.917834268223882E-18  3.237796021785495E-17 89807
 129   12800.00   12900.00  8.881040329439672E-19  5.032424167107493E-18 52700
 130   12900.00   13000.00 -4.989882782832058E-19  5.191675055227054E-19 17404
# Underflow:                 0.0000000000000000E+00  0.0000000000000000E+00 0
# Overflow:                  0.0000000000000000E+00  0.0000000000000000E+00 0
#-------------------------------------------------------------------------------------
# Sum:                       1.0468648594316685E+00  3.4526307547509802E-04 107479000
#=====================================================================================
# Number of generated events: 3357351632
