# title = Invariant Mass visible System
# xlabel = $M_{\text{e}^+\mu^+\text{j}_1\text{j}_2}\,$[GeV]
# ylabel = $\frac{\text{d}\sigma}{\text{d}M_{\text{e}^+\mu^+\text{j}_1\text{j}_2}}\,\left[\frac{\text{fb}}{\text{GeV}}\right]$
# xmin=  0.000E+00
# xmax=  1.600E+03
# ymin=  1.000E-06
# ymax=  1.000E-02
# kmin= -2.000E+01
# kmax=  1.000E+01
# logscale = true
# Renormalization and factorization scale scaled by: 1.0000000000
# Renormalization scaled by: 1.0000000000
#
#
#=====================================================================================
# No.       Left      Right                   Value                   Error Hits
#-------------------------------------------------------------------------------------
   1       0.00      20.00  0.000000000000000E+00  0.000000000000000E+00 0
   2      20.00      40.00  0.000000000000000E+00  0.000000000000000E+00 0
   3      40.00      60.00  0.000000000000000E+00  0.000000000000000E+00 0
   4      60.00      80.00  0.000000000000000E+00  0.000000000000000E+00 0
   5      80.00     100.00  0.000000000000000E+00  0.000000000000000E+00 0
   6     100.00     120.00  0.000000000000000E+00  0.000000000000000E+00 0
   7     120.00     140.00  0.000000000000000E+00  0.000000000000000E+00 0
   8     140.00     160.00  0.000000000000000E+00  0.000000000000000E+00 0
   9     160.00     180.00  0.000000000000000E+00  0.000000000000000E+00 0
  10     180.00     200.00  0.000000000000000E+00  0.000000000000000E+00 0
  11     200.00     220.00  0.000000000000000E+00  0.000000000000000E+00 0
  12     220.00     240.00  0.000000000000000E+00  0.000000000000000E+00 0
  13     240.00     260.00  0.000000000000000E+00  0.000000000000000E+00 0
  14     260.00     280.00  0.000000000000000E+00  0.000000000000000E+00 0
  15     280.00     300.00  0.000000000000000E+00  0.000000000000000E+00 0
  16     300.00     320.00  0.000000000000000E+00  0.000000000000000E+00 0
  17     320.00     340.00  0.000000000000000E+00  0.000000000000000E+00 0
  18     340.00     360.00  0.000000000000000E+00  0.000000000000000E+00 0
  19     360.00     380.00  0.000000000000000E+00  0.000000000000000E+00 0
  20     380.00     400.00  0.000000000000000E+00  0.000000000000000E+00 0
  21     400.00     420.00  0.000000000000000E+00  0.000000000000000E+00 0
  22     420.00     440.00  0.000000000000000E+00  0.000000000000000E+00 0
  23     440.00     460.00  0.000000000000000E+00  0.000000000000000E+00 0
  24     460.00     480.00  0.000000000000000E+00  0.000000000000000E+00 0
  25     480.00     500.00  0.000000000000000E+00  0.000000000000000E+00 0
  26     500.00     520.00  0.000000000000000E+00  0.000000000000000E+00 0
  27     520.00     540.00  4.733793063124741E-09  1.104805924548240E-09 82
  28     540.00     560.00  2.740033952206498E-06  2.916491225374278E-08 65326
  29     560.00     580.00  2.593751605599930E-05  9.246861470884977E-08 925477
  30     580.00     600.00  7.833730776406985E-05  1.592985754686428E-07 3047668
  31     600.00     620.00  1.512211837741464E-04  2.288436177735694E-07 5075820
  32     620.00     640.00  2.308467894433480E-04  2.891818627954893E-07 6783244
  33     640.00     660.00  3.092271269040349E-04  3.417684738850412E-07 8217839
  34     660.00     680.00  3.837324986628849E-04  3.922879300332409E-07 9413072
  35     680.00     700.00  4.503105937946785E-04  4.361022857289092E-07 10425363
  36     700.00     720.00  5.099142799469431E-04  4.753847852317346E-07 11269432
  37     720.00     740.00  5.611416734519390E-04  5.098663678536612E-07 11967867
  38     740.00     760.00  6.081537692045897E-04  5.431911568349844E-07 12562329
  39     760.00     780.00  6.482212019071812E-04  5.703331964705530E-07 13043389
  40     780.00     800.00  6.846629552844986E-04  6.001416806471129E-07 13455313
  41     800.00     820.00  7.146235813749726E-04  6.217180817633129E-07 13790650
  42     820.00     840.00  7.428009492361371E-04  6.504895070807973E-07 14056652
  43     840.00     860.00  7.644948866356058E-04  6.701252549703270E-07 14263798
  44     860.00     880.00  7.865013244959157E-04  6.918629913365748E-07 14436892
  45     880.00     900.00  8.037582597862949E-04  7.189132190747781E-07 14561770
  46     900.00     920.00  8.187051202208436E-04  7.298779064274573E-07 14659365
  47     920.00     940.00  8.298519960699964E-04  7.469895527487302E-07 14710518
  48     940.00     960.00  8.406034272298733E-04  7.696092612885614E-07 14744543
  49     960.00     980.00  8.509929921112061E-04  7.820762216174510E-07 14754475
  50     980.00    1000.00  8.573410154394141E-04  7.954994557115384E-07 14747387
  51    1000.00    1020.00  8.631827869371271E-04  8.136506638418908E-07 14720468
  52    1020.00    1040.00  8.675751778093377E-04  8.249287746927596E-07 14684289
  53    1040.00    1060.00  8.692149334956636E-04  8.394831713339351E-07 14622365
  54    1060.00    1080.00  8.699098574298707E-04  8.578296868595285E-07 14560119
  55    1080.00    1100.00  8.717383036176424E-04  8.633571086835320E-07 14477246
  56    1100.00    1120.00  8.721113732572845E-04  8.728905764949807E-07 14400231
  57    1120.00    1140.00  8.698566581250111E-04  8.857350826497677E-07 14298149
  58    1140.00    1160.00  8.690147024749611E-04  8.995576426932191E-07 14202523
  59    1160.00    1180.00  8.662164950920770E-04  9.148118742076348E-07 14095318
  60    1180.00    1200.00  8.638875526257648E-04  9.192119639598825E-07 13989239
  61    1200.00    1220.00  8.605475542021297E-04  9.302617188085798E-07 13881092
  62    1220.00    1240.00  8.541475250651438E-04  9.352174811872183E-07 13757431
  63    1240.00    1260.00  8.484879801018701E-04  9.450463166414994E-07 13640204
  64    1260.00    1280.00  8.451154657063811E-04  9.624670942682949E-07 13519535
  65    1280.00    1300.00  8.374546904553257E-04  9.612311274398866E-07 13391547
  66    1300.00    1320.00  8.326394800541774E-04  9.733558075362893E-07 13266878
  67    1320.00    1340.00  8.251538906516264E-04  9.770872140628720E-07 13134826
  68    1340.00    1360.00  8.187188272306880E-04  9.847201303073915E-07 13012228
  69    1360.00    1380.00  8.097773473809227E-04  9.818310881494191E-07 12886060
  70    1380.00    1400.00  8.052739557861478E-04  9.952734210932366E-07 12749877
  71    1400.00    1420.00  7.967070500310907E-04  1.004475650151737E-06 12615538
  72    1420.00    1440.00  7.867817259623020E-04  9.996482608483260E-07 12490365
  73    1440.00    1460.00  7.773381643727053E-04  1.008556640949103E-06 12352787
  74    1460.00    1480.00  7.714384405263433E-04  1.015535551670163E-06 12227794
  75    1480.00    1500.00  7.638004890280635E-04  1.029449733896194E-06 12094612
  76    1500.00    1520.00  7.535742832715071E-04  1.013286744272327E-06 11963477
  77    1520.00    1540.00  7.436080213056828E-04  1.013059353615267E-06 11832180
  78    1540.00    1560.00  7.379536115568485E-04  1.028272395154944E-06 11710305
  79    1560.00    1580.00  7.269395995624763E-04  1.019580146509154E-06 11580834
  80    1580.00    1600.00  7.194921913961126E-04  1.041741209208336E-06 11453947
  81    1600.00    1620.00  7.110206331638801E-04  1.034540777719345E-06 11327465
  82    1620.00    1640.00  7.000457987239018E-04  1.035954490557749E-06 11202942
  83    1640.00    1660.00  6.920064771725178E-04  1.034687567184468E-06 11077817
  84    1660.00    1680.00  6.812034765870006E-04  1.030807590646586E-06 10957201
  85    1680.00    1700.00  6.750968468672276E-04  1.044624670483788E-06 10831957
  86    1700.00    1720.00  6.650351753069696E-04  1.055843822925956E-06 10713344
  87    1720.00    1740.00  6.539272383388429E-04  1.036686071338323E-06 10593175
  88    1740.00    1760.00  6.464023121871815E-04  1.041507471679915E-06 10479969
  89    1760.00    1780.00  6.399961790265422E-04  1.050037715392960E-06 10362255
  90    1780.00    1800.00  6.279129866600993E-04  1.040324845751496E-06 10243294
  91    1800.00    1820.00  6.198712305175131E-04  1.048234407022443E-06 10131778
  92    1820.00    1840.00  6.099040549895732E-04  1.035796383271723E-06 10015164
  93    1840.00    1860.00  6.024678067654113E-04  1.039991887423186E-06 9905822
  94    1860.00    1880.00  5.923049830508484E-04  1.048917201785694E-06 9787749
  95    1880.00    1900.00  5.835005207512670E-04  1.036658589009013E-06 9679740
  96    1900.00    1920.00  5.759347094098999E-04  1.037600426805277E-06 9571921
  97    1920.00    1940.00  5.671386351138944E-04  1.043700650189325E-06 9466873
  98    1940.00    1960.00  5.565654465914672E-04  1.032494950533191E-06 9363136
  99    1960.00    1980.00  5.492071659940111E-04  1.037801573327073E-06 9258387
 100    1980.00    2000.00  5.404171271948431E-04  1.028835673643224E-06 9148664
 101    2000.00    2020.00  5.341828336835226E-04  1.048577058808713E-06 9046568
 102    2020.00    2040.00  5.217454880190495E-04  1.017169794202246E-06 8950660
 103    2040.00    2060.00  5.146054650524525E-04  1.023286418438022E-06 8848316
 104    2060.00    2080.00  5.045242899771082E-04  1.000974903872971E-06 8753383
 105    2080.00    2100.00  4.994972257544890E-04  1.015128879659577E-06 8658733
 106    2100.00    2120.00  4.917555187511607E-04  1.046853144158676E-06 8556051
 107    2120.00    2140.00  4.831259844792602E-04  1.009373230061721E-06 8463763
 108    2140.00    2160.00  4.741604957299088E-04  1.005227850432537E-06 8367945
 109    2160.00    2180.00  4.682510374726627E-04  1.009485158497347E-06 8277391
 110    2180.00    2200.00  4.599499830705788E-04  9.955482531672205E-07 8187466
 111    2200.00    2220.00  4.520784735034100E-04  1.006168991005593E-06 8096707
 112    2220.00    2240.00  4.441792277236201E-04  9.983932117254194E-07 8004805
 113    2240.00    2260.00  4.361355975389253E-04  9.820577127097581E-07 7919747
 114    2260.00    2280.00  4.299188642026100E-04  9.868938874867807E-07 7832618
 115    2280.00    2300.00  4.224650361317115E-04  9.792430658706765E-07 7744160
 116    2300.00    2320.00  4.143586032567427E-04  9.642674856835019E-07 7658675
 117    2320.00    2340.00  4.054691719769816E-04  9.456871537946712E-07 7577915
 118    2340.00    2360.00  4.013192376192118E-04  9.668614677636651E-07 7495432
 119    2360.00    2380.00  3.926861346642789E-04  9.549513410878548E-07 7413336
 120    2380.00    2400.00  3.873214254433239E-04  9.430891914514211E-07 7329251
 121    2400.00    2420.00  3.789844047469441E-04  9.341384168344671E-07 7250232
 122    2420.00    2440.00  3.721314258558269E-04  9.572829448587941E-07 7170831
 123    2440.00    2460.00  3.661587920875470E-04  9.324610162728908E-07 7097600
 124    2460.00    2480.00  3.604788698201395E-04  9.328126631203034E-07 7019985
 125    2480.00    2500.00  3.535927813004187E-04  9.102375111995237E-07 6947874
 126    2500.00    2520.00  3.470024456139856E-04  9.065921535472122E-07 6869726
 127    2520.00    2540.00  3.401351730869592E-04  8.872769856824416E-07 6797907
 128    2540.00    2560.00  3.361874639956966E-04  9.007777404753728E-07 6724526
 129    2560.00    2580.00  3.284863241119195E-04  8.929993672155131E-07 6650699
 130    2580.00    2600.00  3.237643075247506E-04  8.834120339627903E-07 6581608
 131    2600.00    2620.00  3.163549843212774E-04  8.784709256627621E-07 6514934
 132    2620.00    2640.00  3.105706060170054E-04  8.774872668292095E-07 6439835
 133    2640.00    2660.00  3.058405782855047E-04  8.876185772193277E-07 6372846
 134    2660.00    2680.00  3.008541601480470E-04  8.768786995659985E-07 6306320
 135    2680.00    2700.00  2.954274635219412E-04  8.510718297673507E-07 6246699
 136    2700.00    2720.00  2.891263284642235E-04  8.709003497378202E-07 6175126
 137    2720.00    2740.00  2.836577220370622E-04  8.732953383350841E-07 6115104
 138    2740.00    2760.00  2.789629864929574E-04  8.536933143134593E-07 6046580
 139    2760.00    2780.00  2.728788317682706E-04  8.276757150167507E-07 5985329
 140    2780.00    2800.00  2.678357911133718E-04  8.523663733366472E-07 5922391
 141    2800.00    2820.00  2.642942426711802E-04  8.469599987331479E-07 5863934
 142    2820.00    2840.00  2.587731752232958E-04  8.316038089816024E-07 5800604
 143    2840.00    2860.00  2.539644985203869E-04  8.041022662903362E-07 5739178
 144    2860.00    2880.00  2.477245443901202E-04  7.756473798226938E-07 5681087
 145    2880.00    2900.00  2.439298992767391E-04  7.926358870482809E-07 5621252
 146    2900.00    2920.00  2.395624273207024E-04  8.013699426741608E-07 5565145
 147    2920.00    2940.00  2.350066085351734E-04  8.417940059613581E-07 5501770
 148    2940.00    2960.00  2.302072905059547E-04  7.643168878474449E-07 5452279
 149    2960.00    2980.00  2.243603650933340E-04  7.481222423110538E-07 5397427
 150    2980.00    3000.00  2.208831692572451E-04  7.518202675797694E-07 5342739
 151    3000.00    3020.00  2.166816190978238E-04  7.489230106841942E-07 5283499
 152    3020.00    3040.00  2.126527143552448E-04  7.463599870815786E-07 5231486
 153    3040.00    3060.00  2.074502219464988E-04  7.203327011627818E-07 5180957
 154    3060.00    3080.00  2.047961641459201E-04  7.343246970728044E-07 5123469
 155    3080.00    3100.00  2.003478697979782E-04  7.114288675498048E-07 5076292
 156    3100.00    3120.00  1.957215207516773E-04  6.966674556455631E-07 5027183
 157    3120.00    3140.00  1.924181788244703E-04  7.160056518660946E-07 4971676
 158    3140.00    3160.00  1.866858655623913E-04  6.720236429308044E-07 4921682
 159    3160.00    3180.00  1.841536490541041E-04  6.955980711503685E-07 4875983
 160    3180.00    3200.00  1.814342498943944E-04  6.816130279426380E-07 4824441
 161    3200.00    3220.00  1.775945465488574E-04  6.878125648567311E-07 4776559
 162    3220.00    3240.00  1.721836925272680E-04  6.534303262664865E-07 4727832
 163    3240.00    3260.00  1.688706155003196E-04  6.451700333359735E-07 4685273
 164    3260.00    3280.00  1.656386889968365E-04  6.381198583956213E-07 4636599
 165    3280.00    3300.00  1.626520200740053E-04  6.389542559566758E-07 4589535
 166    3300.00    3320.00  1.598454469782267E-04  6.371784623657756E-07 4544658
 167    3320.00    3340.00  1.569515058652833E-04  6.332431776513013E-07 4499253
 168    3340.00    3360.00  1.541429311389470E-04  6.299273632236976E-07 4454146
 169    3360.00    3380.00  1.503943777694976E-04  6.033390888404977E-07 4410764
 170    3380.00    3400.00  1.473730416127410E-04  6.151691151568240E-07 4366445
 171    3400.00    3420.00  1.445176388170941E-04  5.967857400577744E-07 4327282
 172    3420.00    3440.00  1.405610572872988E-04  6.029270206448437E-07 4281041
 173    3440.00    3460.00  1.380583393484181E-04  5.833332228841820E-07 4236712
 174    3460.00    3480.00  1.348065445184032E-04  5.761074350794674E-07 4197610
 175    3480.00    3500.00  1.325966071547403E-04  5.676229660864856E-07 4157211
 176    3500.00    3520.00  1.287526955023704E-04  5.629714170985537E-07 4115801
 177    3520.00    3540.00  1.261784332365314E-04  5.608378866327233E-07 4077816
 178    3540.00    3560.00  1.237469590013773E-04  5.438647832163235E-07 4036272
 179    3560.00    3580.00  1.228705451482614E-04  5.595067167388504E-07 3995490
 180    3580.00    3600.00  1.182317094269685E-04  5.265708517702977E-07 3957712
 181    3600.00    3620.00  1.178252950826932E-04  5.498335571658509E-07 3923404
 182    3620.00    3640.00  1.136692799554189E-04  5.203256259941072E-07 3882790
 183    3640.00    3660.00  1.108134969265266E-04  5.102900304085706E-07 3844560
 184    3660.00    3680.00  1.089376723856369E-04  5.054514107138354E-07 3808652
 185    3680.00    3700.00  1.063371804361466E-04  4.988096999925637E-07 3772067
 186    3700.00    3720.00  1.043224827567761E-04  4.977242120871971E-07 3735800
 187    3720.00    3740.00  1.024259436170001E-04  4.827670980310483E-07 3698010
 188    3740.00    3760.00  9.988228276397242E-05  4.819981361054327E-07 3665238
 189    3760.00    3780.00  9.830509547695675E-05  4.996569235601755E-07 3631393
 190    3780.00    3800.00  9.591495608369380E-05  4.813677306754118E-07 3598145
 191    3800.00    3820.00  9.374978088752260E-05  4.666596546598915E-07 3560352
 192    3820.00    3840.00  9.176211821232393E-05  4.590877198132341E-07 3526850
 193    3840.00    3860.00  8.888025720660118E-05  4.446950681378887E-07 3491740
 194    3860.00    3880.00  8.696302294746997E-05  4.347399254167255E-07 3459801
 195    3880.00    3900.00  8.536383719647605E-05  4.354222934651301E-07 3425925
 196    3900.00    3920.00  8.328390660045914E-05  4.256117509420823E-07 3397166
 197    3920.00    3940.00  8.138937265396819E-05  4.166427515142528E-07 3362939
 198    3940.00    3960.00  7.965130840177466E-05  4.214473980256742E-07 3331851
 199    3960.00    3980.00  7.814307555059623E-05  4.141276752453005E-07 3300241
 200    3980.00    4000.00  7.621793623956877E-05  4.070129799641308E-07 3266937
 201    4000.00    4020.00  7.498452112387817E-05  4.086890447839041E-07 3234194
 202    4020.00    4040.00  7.295251762419477E-05  3.972188432119850E-07 3203997
 203    4040.00    4060.00  7.132266958282874E-05  3.940881186616708E-07 3177505
 204    4060.00    4080.00  6.922400275684502E-05  3.827176141863718E-07 3148003
 205    4080.00    4100.00  6.820544210333678E-05  3.774599235946261E-07 3119482
 206    4100.00    4120.00  6.660449832207535E-05  3.845443442872459E-07 3088216
 207    4120.00    4140.00  6.481175240489560E-05  3.676655770996560E-07 3060596
 208    4140.00    4160.00  6.389287210404599E-05  3.681118009339767E-07 3030842
 209    4160.00    4180.00  6.167686620894945E-05  3.587699219710045E-07 3006625
 210    4180.00    4200.00  6.090447635400732E-05  3.665224520568912E-07 2974583
 211    4200.00    4220.00  5.837850116100570E-05  3.327779652189702E-07 2946509
 212    4220.00    4240.00  5.753020865881837E-05  3.375487414950804E-07 2921623
 213    4240.00    4260.00  5.655310352959809E-05  3.450472006224983E-07 2896000
 214    4260.00    4280.00  5.470560536751475E-05  3.233836870745398E-07 2868895
 215    4280.00    4300.00  5.361932614233840E-05  3.175692610134839E-07 2842647
 216    4300.00    4320.00  5.196836900850601E-05  3.241328058800434E-07 2815988
 217    4320.00    4340.00  5.115443291245251E-05  3.183708713090116E-07 2787531
 218    4340.00    4360.00  4.994870513267974E-05  3.078935481689316E-07 2762942
 219    4360.00    4380.00  4.859457553023074E-05  2.978386514531655E-07 2738020
 220    4380.00    4400.00  4.779542348761971E-05  3.050379784764709E-07 2711888
 221    4400.00    4420.00  4.647210635649199E-05  3.006428184215646E-07 2686941
 222    4420.00    4440.00  4.528176734073016E-05  2.851177565954460E-07 2662886
 223    4440.00    4460.00  4.451371305742770E-05  2.817208361000345E-07 2636675
 224    4460.00    4480.00  4.335263470947142E-05  2.821173004878942E-07 2614377
 225    4480.00    4500.00  4.196630796383230E-05  2.702054002635075E-07 2588631
 226    4500.00    4520.00  4.136021055098467E-05  2.677663820682888E-07 2565400
 227    4520.00    4540.00  3.986368320848309E-05  2.639633420514790E-07 2542335
 228    4540.00    4560.00  3.969109217326239E-05  2.670538464299541E-07 2519096
 229    4560.00    4580.00  3.815286411414251E-05  2.527922961313735E-07 2496574
 230    4580.00    4600.00  3.692339660679660E-05  2.444741232853630E-07 2474391
 231    4600.00    4620.00  3.660004055807043E-05  2.497050029756547E-07 2451633
 232    4620.00    4640.00  3.571193255287014E-05  2.449118224264055E-07 2428537
 233    4640.00    4660.00  3.420425295823215E-05  2.300289230580986E-07 2404929
 234    4660.00    4680.00  3.395160989269188E-05  2.350200378288812E-07 2386229
 235    4680.00    4700.00  3.312692920940142E-05  2.309271804512840E-07 2366685
 236    4700.00    4720.00  3.249355779792202E-05  2.246313486574997E-07 2341175
 237    4720.00    4740.00  3.163999180055735E-05  2.308973929713523E-07 2321746
 238    4740.00    4760.00  3.054509139394326E-05  2.148407361518398E-07 2302706
 239    4760.00    4780.00  2.965275684498070E-05  2.102137734886888E-07 2277380
 240    4780.00    4800.00  2.920408245373033E-05  2.118177216210922E-07 2257476
 241    4800.00    4820.00  2.818137283539851E-05  2.040575051176678E-07 2235703
 242    4820.00    4840.00  2.733775211485999E-05  2.033689787308649E-07 2217305
 243    4840.00    4860.00  2.721214954647653E-05  2.093722181885457E-07 2195265
 244    4860.00    4880.00  2.574759177298061E-05  1.902828415355619E-07 2178510
 245    4880.00    4900.00  2.557915622413794E-05  1.851224421449472E-07 2158567
 246    4900.00    4920.00  2.503922379588729E-05  1.911944945603440E-07 2137442
 247    4920.00    4940.00  2.422458478357252E-05  1.815864557215106E-07 2118585
 248    4940.00    4960.00  2.392524341273912E-05  2.005312065729751E-07 2101242
 249    4960.00    4980.00  2.299341005725302E-05  1.771404990166083E-07 2080563
 250    4980.00    5000.00  2.249551549295502E-05  1.753666757243197E-07 2062129
 251    5000.00    5020.00  2.206936128626649E-05  1.794860182082823E-07 2045350
 252    5020.00    5040.00  2.108145860881072E-05  1.705021998488282E-07 2026193
 253    5040.00    5060.00  2.086335516050335E-05  1.637953188077925E-07 2007215
 254    5060.00    5080.00  2.018019767191046E-05  1.660157087855259E-07 1987812
 255    5080.00    5100.00  1.967266052585964E-05  1.565318750981835E-07 1972288
 256    5100.00    5120.00  1.898571852725011E-05  1.529185697023064E-07 1951509
 257    5120.00    5140.00  1.877179182725365E-05  1.521850113901769E-07 1935371
 258    5140.00    5160.00  1.816116985386964E-05  1.455084862990175E-07 1919331
 259    5160.00    5180.00  1.775832306099301E-05  1.481415100375271E-07 1901502
 260    5180.00    5200.00  1.712514695005900E-05  1.407141442035886E-07 1884959
 261    5200.00    5220.00  1.678514620625151E-05  1.426984699039770E-07 1867384
 262    5220.00    5240.00  1.625306422924687E-05  1.373569546019666E-07 1849256
 263    5240.00    5260.00  1.565707516351480E-05  1.315931158899687E-07 1832638
 264    5260.00    5280.00  1.536794346679186E-05  1.289150059452096E-07 1817301
 265    5280.00    5300.00  1.489563490888371E-05  1.328290383970076E-07 1800753
 266    5300.00    5320.00  1.471782143999340E-05  1.310392951801105E-07 1785310
 267    5320.00    5340.00  1.427560385166271E-05  1.223895558158519E-07 1768608
 268    5340.00    5360.00  1.380616530589986E-05  1.198441731510494E-07 1752530
 269    5360.00    5380.00  1.334561642390638E-05  1.152942375132729E-07 1738273
 270    5380.00    5400.00  1.296420009723171E-05  1.178268569895711E-07 1723224
 271    5400.00    5420.00  1.251575703552521E-05  1.072303299554458E-07 1706163
 272    5420.00    5440.00  1.242563045002369E-05  1.123948983403517E-07 1693374
 273    5440.00    5460.00  1.215023296767175E-05  1.112321660770580E-07 1675623
 274    5460.00    5480.00  1.170810030280763E-05  1.083814287144187E-07 1662227
 275    5480.00    5500.00  1.138290291544108E-05  1.053230191043105E-07 1647927
 276    5500.00    5520.00  1.114266042687578E-05  1.006343043464410E-07 1631490
 277    5520.00    5540.00  1.073687113735375E-05  1.005461221932982E-07 1616703
 278    5540.00    5560.00  1.051093152550046E-05  9.565975128228221E-08 1602949
 279    5560.00    5580.00  1.020572926098673E-05  9.985686990898804E-08 1588038
 280    5580.00    5600.00  9.794225872890082E-06  9.193529036368047E-08 1574041
 281    5600.00    5620.00  9.592523798993201E-06  9.246208681623270E-08 1558771
 282    5620.00    5640.00  9.343134341333148E-06  8.654713071184651E-08 1546444
 283    5640.00    5660.00  9.065977601923298E-06  8.855931456266102E-08 1533568
 284    5660.00    5680.00  8.920032078877094E-06  8.652949006446494E-08 1517180
 285    5680.00    5700.00  8.699953060462397E-06  8.785424512773714E-08 1504705
 286    5700.00    5720.00  8.335533548925091E-06  8.153846656573568E-08 1491226
 287    5720.00    5740.00  8.156436712414862E-06  8.420447652471837E-08 1477904
 288    5740.00    5760.00  7.913376027806830E-06  8.025106262299841E-08 1465437
 289    5760.00    5780.00  7.570816988522425E-06  7.535798214335689E-08 1452605
 290    5780.00    5800.00  7.361601383411601E-06  7.243958784318677E-08 1439484
 291    5800.00    5820.00  7.187050818873720E-06  7.413304344783085E-08 1426056
 292    5820.00    5840.00  7.029915213234900E-06  7.052515093523848E-08 1414351
 293    5840.00    5860.00  6.831702683315762E-06  7.356184482716845E-08 1401135
 294    5860.00    5880.00  6.525261465563872E-06  6.646250410280389E-08 1389289
 295    5880.00    5900.00  6.426367823306310E-06  6.527891985375583E-08 1375895
 296    5900.00    5920.00  6.066114102515360E-06  6.104099671740699E-08 1361570
 297    5920.00    5940.00  6.060539154611338E-06  6.376414390687093E-08 1351574
 298    5940.00    5960.00  5.788266502403293E-06  6.280054836568704E-08 1339266
 299    5960.00    5980.00  5.719404115383134E-06  6.263600597846067E-08 1323968
 300    5980.00    6000.00  5.527820492140324E-06  5.988000613634519E-08 1313896
 301    6000.00    6020.00  5.252636165865082E-06  5.730006435781082E-08 1301407
 302    6020.00    6040.00  5.105787780756098E-06  5.293284474766178E-08 1289657
 303    6040.00    6060.00  4.923415508749513E-06  5.448906656137165E-08 1280025
 304    6060.00    6080.00  4.873019970633510E-06  5.383218779560977E-08 1268098
 305    6080.00    6100.00  4.647116373305651E-06  5.113455294825409E-08 1257626
 306    6100.00    6120.00  4.597597850182479E-06  4.940198241615623E-08 1244821
 307    6120.00    6140.00  4.435913525921054E-06  4.877067305987293E-08 1231896
 308    6140.00    6160.00  4.226439783047640E-06  4.472984495344691E-08 1223509
 309    6160.00    6180.00  4.201855345873374E-06  4.763107797578297E-08 1212760
 310    6180.00    6200.00  3.963932973629021E-06  4.363473739837405E-08 1202191
 311    6200.00    6220.00  3.895410038621940E-06  4.716017695212950E-08 1191136
 312    6220.00    6240.00  3.823821716673230E-06  4.223571486962455E-08 1178746
 313    6240.00    6260.00  3.710757004806302E-06  4.242463283595445E-08 1168631
 314    6260.00    6280.00  3.581344828485593E-06  4.178178210833631E-08 1156523
 315    6280.00    6300.00  3.464733531363730E-06  3.933539169385832E-08 1147378
 316    6300.00    6320.00  3.383179473574660E-06  3.896515766979333E-08 1136923
 317    6320.00    6340.00  3.252036807890565E-06  3.792278482619132E-08 1125247
 318    6340.00    6360.00  3.170127886637829E-06  3.747009841614542E-08 1115959
 319    6360.00    6380.00  3.035505162016012E-06  3.599082372276973E-08 1107127
 320    6380.00    6400.00  2.913691425642970E-06  3.525405116508278E-08 1097784
 321    6400.00    6420.00  2.846156774302869E-06  3.305054167390469E-08 1087311
 322    6420.00    6440.00  2.683341999903681E-06  3.073142558871798E-08 1076722
 323    6440.00    6460.00  2.703431243371509E-06  3.320285193374137E-08 1067625
 324    6460.00    6480.00  2.574978803978292E-06  3.066172234675956E-08 1059120
 325    6480.00    6500.00  2.440618498224219E-06  3.003364855545613E-08 1046397
 326    6500.00    6520.00  2.380760458537618E-06  2.925807054753108E-08 1037375
 327    6520.00    6540.00  2.330073699190487E-06  3.003955028821849E-08 1028127
 328    6540.00    6560.00  2.268904716219546E-06  2.904044879113357E-08 1018135
 329    6560.00    6580.00  2.207954071614333E-06  2.871033373324462E-08 1009466
 330    6580.00    6600.00  2.081870830681588E-06  2.520046373159564E-08 1001146
 331    6600.00    6620.00  2.046188311545595E-06  2.541826674674349E-08 991852
 332    6620.00    6640.00  2.018323164048961E-06  2.688381641455732E-08 981999
 333    6640.00    6660.00  1.940345966092045E-06  2.450606508236130E-08 974685
 334    6660.00    6680.00  1.851289944283471E-06  2.377073956776598E-08 965016
 335    6680.00    6700.00  1.713335790172047E-06  2.099449727644183E-08 955587
 336    6700.00    6720.00  1.734676173300586E-06  2.224826595418247E-08 950055
 337    6720.00    6740.00  1.686103745897544E-06  2.171689907715078E-08 937944
 338    6740.00    6760.00  1.660063734739303E-06  2.243671791052697E-08 929973
 339    6760.00    6780.00  1.587239900186418E-06  2.179111636253108E-08 922272
 340    6780.00    6800.00  1.525185551940428E-06  2.123980890439890E-08 912059
 341    6800.00    6820.00  1.472712203325595E-06  1.991513412936795E-08 904784
 342    6820.00    6840.00  1.411702886649098E-06  1.871050976010101E-08 896005
 343    6840.00    6860.00  1.369881423307659E-06  1.936084993502819E-08 887707
 344    6860.00    6880.00  1.356898555350688E-06  1.871256183475541E-08 879970
 345    6880.00    6900.00  1.251478579067060E-06  1.659850566501139E-08 872739
 346    6900.00    6920.00  1.212857926210265E-06  1.553934494812513E-08 865280
 347    6920.00    6940.00  1.179783782392915E-06  1.575775155024277E-08 855504
 348    6940.00    6960.00  1.158946262628950E-06  1.602312804873260E-08 847585
 349    6960.00    6980.00  1.139019573477309E-06  1.678510502209480E-08 841100
 350    6980.00    7000.00  1.077976351233433E-06  1.536726999443154E-08 832231
 351    7000.00    7020.00  1.020247208801418E-06  1.542297436961331E-08 824095
 352    7020.00    7040.00  1.006118029160422E-06  1.495799255758395E-08 817549
 353    7040.00    7060.00  9.580044294600810E-07  1.293893908614998E-08 808326
 354    7060.00    7080.00  9.568789716949299E-07  1.467581449287575E-08 800751
 355    7080.00    7100.00  8.985812758625091E-07  1.249673394428004E-08 794005
 356    7100.00    7120.00  8.598507111778031E-07  1.225116401748517E-08 786284
 357    7120.00    7140.00  8.233011233352787E-07  1.183569986851486E-08 779257
 358    7140.00    7160.00  7.969463706974954E-07  1.153252375457457E-08 771947
 359    7160.00    7180.00  7.647850558133206E-07  1.106640280756778E-08 765266
 360    7180.00    7200.00  7.518341149124117E-07  1.171023862080965E-08 759073
 361    7200.00    7220.00  7.206361070880952E-07  1.068869671961163E-08 751355
 362    7220.00    7240.00  6.914858054410476E-07  1.001876912324518E-08 743249
 363    7240.00    7260.00  6.742959228308174E-07  1.037641775355783E-08 735719
 364    7260.00    7280.00  6.424630091791168E-07  9.971345616917799E-09 729428
 365    7280.00    7300.00  6.122599248750368E-07  9.088987677858539E-09 722055
 366    7300.00    7320.00  5.987055964138084E-07  9.238963036536264E-09 715731
 367    7320.00    7340.00  5.697906073835275E-07  8.322436727941549E-09 709822
 368    7340.00    7360.00  5.629593959285413E-07  9.067534352788127E-09 702175
 369    7360.00    7380.00  5.557833383264085E-07  8.738644810145818E-09 696161
 370    7380.00    7400.00  5.286777484252895E-07  8.839985457855942E-09 687553
 371    7400.00    7420.00  5.129765031926785E-07  8.303183122135976E-09 682895
 372    7420.00    7440.00  4.796076695185218E-07  7.742255036073809E-09 674366
 373    7440.00    7460.00  4.712817556100303E-07  7.441901670138456E-09 669255
 374    7460.00    7480.00  4.525663717433781E-07  8.008062592534319E-09 664042
 375    7480.00    7500.00  4.315859979248929E-07  6.712786256609641E-09 656574
 376    7500.00    7520.00  4.077511858683306E-07  6.013709834781291E-09 650534
 377    7520.00    7540.00  4.055741325114117E-07  6.663473869008257E-09 643405
 378    7540.00    7560.00  3.951500609692107E-07  7.687775998734355E-09 636608
 379    7560.00    7580.00  3.841501483562891E-07  6.488678295296223E-09 630735
 380    7580.00    7600.00  3.507601897073100E-07  5.822198273273807E-09 624312
 381    7600.00    7620.00  3.413377338732035E-07  5.497791156356724E-09 618516
 382    7620.00    7640.00  3.338080035872638E-07  6.343609832211288E-09 612915
 383    7640.00    7660.00  3.207681910226255E-07  5.714051490878633E-09 606809
 384    7660.00    7680.00  3.107725759978873E-07  5.450625339888461E-09 601040
 385    7680.00    7700.00  2.863722247476996E-07  4.738963938262714E-09 594655
 386    7700.00    7720.00  2.771549831330022E-07  4.404452461864445E-09 589386
 387    7720.00    7740.00  2.745087637416586E-07  5.274514668176037E-09 581916
 388    7740.00    7760.00  2.593664892626054E-07  4.339265198799635E-09 577476
 389    7760.00    7780.00  2.562864456952454E-07  4.602020781924872E-09 571825
 390    7780.00    7800.00  2.381144799921709E-07  3.812379036188458E-09 567114
 391    7800.00    7820.00  2.341046303895386E-07  4.170076860299523E-09 561419
 392    7820.00    7840.00  2.254742439995115E-07  4.103904431089619E-09 556659
 393    7840.00    7860.00  2.137424986445913E-07  3.843404799082275E-09 549043
 394    7860.00    7880.00  2.080857614723134E-07  3.811515843718183E-09 544276
 395    7880.00    7900.00  1.922741786349800E-07  3.408993803282233E-09 538782
 396    7900.00    7920.00  1.871023239141649E-07  3.297611729076573E-09 535094
 397    7920.00    7940.00  1.738707173930062E-07  2.845427146870680E-09 528746
 398    7940.00    7960.00  1.733598948119972E-07  3.086421784858070E-09 522577
 399    7960.00    7980.00  1.637164686818186E-07  2.878557490924748E-09 517437
 400    7980.00    8000.00  1.575704951879410E-07  2.753423683731861E-09 510609
 401    8000.00    8020.00  1.444056659699567E-07  2.564069998008610E-09 506260
 402    8020.00    8040.00  1.494130547080492E-07  2.618463093394110E-09 501455
 403    8040.00    8060.00  1.382157926043682E-07  2.511089572348742E-09 496814
 404    8060.00    8080.00  1.342879637313043E-07  2.387120015315568E-09 492637
 405    8080.00    8100.00  1.272523260639968E-07  2.438711078407654E-09 487358
 406    8100.00    8120.00  1.276164456250537E-07  2.360732938684477E-09 480989
 407    8120.00    8140.00  1.168499518822417E-07  1.993422418506937E-09 476901
 408    8140.00    8160.00  1.155834167359979E-07  2.257948184994574E-09 472371
 409    8160.00    8180.00  1.076592289702688E-07  2.096766286751860E-09 466686
 410    8180.00    8200.00  1.074777821159623E-07  2.194801493646340E-09 462787
 411    8200.00    8220.00  9.918946684164018E-08  1.774083641841750E-09 458498
 412    8220.00    8240.00  9.705285384388950E-08  1.834720744956100E-09 452010
 413    8240.00    8260.00  9.013688147323467E-08  1.850468467210981E-09 447834
 414    8260.00    8280.00  8.660594805138137E-08  1.662170338756048E-09 443578
 415    8280.00    8300.00  8.073853054059908E-08  1.510148279958834E-09 439167
 416    8300.00    8320.00  7.766939187114826E-08  1.422365654331537E-09 434260
 417    8320.00    8340.00  7.270683835191743E-08  1.450687343554997E-09 428987
 418    8340.00    8360.00  7.214824213697187E-08  1.367987091514847E-09 426002
 419    8360.00    8380.00  7.002527029255977E-08  1.348117645406867E-09 419431
 420    8380.00    8400.00  6.611060200251811E-08  1.216189695558829E-09 416988
 421    8400.00    8420.00  6.540360209989976E-08  1.315225867059501E-09 411641
 422    8420.00    8440.00  6.146096919165668E-08  1.257823394389772E-09 406856
 423    8440.00    8460.00  5.985885209671986E-08  1.197063143430121E-09 402248
 424    8460.00    8480.00  5.591219669006898E-08  1.048497334165749E-09 399636
 425    8480.00    8500.00  5.372856579806588E-08  1.119558380777295E-09 393185
 426    8500.00    8520.00  5.228609826476649E-08  1.001443363137899E-09 390727
 427    8520.00    8540.00  4.810242094922778E-08  9.895127349257631E-10 385778
 428    8540.00    8560.00  4.588910440164467E-08  9.926704400913641E-10 382198
 429    8560.00    8580.00  4.295965714425135E-08  8.424008818307263E-10 378617
 430    8580.00    8600.00  4.194250644031814E-08  8.328779025069096E-10 371911
 431    8600.00    8620.00  3.969902461867691E-08  7.968169605640161E-10 369103
 432    8620.00    8640.00  3.851767702015520E-08  7.869579344238226E-10 365017
 433    8640.00    8660.00  3.735495485055918E-08  7.619251405543301E-10 361547
 434    8660.00    8680.00  3.535193541845147E-08  7.522030563404123E-10 357352
 435    8680.00    8700.00  3.356648540585466E-08  7.212961678038677E-10 354006
 436    8700.00    8720.00  3.149048072810511E-08  6.538299682119417E-10 349891
 437    8720.00    8740.00  3.150030053801303E-08  6.708484382727667E-10 345383
 438    8740.00    8760.00  2.939832253938303E-08  6.558537587421733E-10 342033
 439    8760.00    8780.00  2.711847411218470E-08  5.833441070681038E-10 336420
 440    8780.00    8800.00  2.591186727186361E-08  5.340361322064446E-10 334241
 441    8800.00    8820.00  2.512005874306441E-08  5.306430105386401E-10 329824
 442    8820.00    8840.00  2.328023218814606E-08  5.093562770891810E-10 326447
 443    8840.00    8860.00  2.226764954656905E-08  5.509102164301679E-10 323196
 444    8860.00    8880.00  2.134345346092335E-08  4.919847758885822E-10 318909
 445    8880.00    8900.00  1.981657301120612E-08  4.129272527394682E-10 315920
 446    8900.00    8920.00  1.884274599989803E-08  4.201446711764262E-10 311370
 447    8920.00    8940.00  1.907079198195431E-08  4.795813461959850E-10 308901
 448    8940.00    8960.00  1.730901395485530E-08  3.853116975082793E-10 304222
 449    8960.00    8980.00  1.669326197247519E-08  3.467802571315712E-10 301891
 450    8980.00    9000.00  1.587803180803779E-08  3.416833086707257E-10 298038
 451    9000.00    9020.00  1.576585874726110E-08  3.920685820224868E-10 294174
 452    9020.00    9040.00  1.411955306867031E-08  3.393134220100571E-10 289881
 453    9040.00    9060.00  1.329402718198064E-08  2.834923153366065E-10 286384
 454    9060.00    9080.00  1.271201705732568E-08  2.703791091986216E-10 284582
 455    9080.00    9100.00  1.175497316227486E-08  2.727471370129501E-10 281074
 456    9100.00    9120.00  1.156628369477649E-08  2.587296089038271E-10 277163
 457    9120.00    9140.00  1.079084478877605E-08  2.450225448257914E-10 273913
 458    9140.00    9160.00  1.027277000885119E-08  2.423227660000722E-10 271602
 459    9160.00    9180.00  9.953249850851286E-09  2.460726992384471E-10 267356
 460    9180.00    9200.00  9.204779401698276E-09  2.191305186843975E-10 264702
 461    9200.00    9220.00  8.796189092955740E-09  2.178471651818193E-10 261348
 462    9220.00    9240.00  8.249021349731925E-09  2.222704009790475E-10 257345
 463    9240.00    9260.00  8.101692661216553E-09  1.870302218453601E-10 255231
 464    9260.00    9280.00  7.709643661008554E-09  1.970313495943218E-10 251888
 465    9280.00    9300.00  6.893899366541966E-09  1.603486608901032E-10 248574
 466    9300.00    9320.00  6.473182628454927E-09  1.483388804132957E-10 246619
 467    9320.00    9340.00  6.501440716063913E-09  1.555189711471795E-10 242462
 468    9340.00    9360.00  6.074834203200701E-09  1.489182949163259E-10 240178
 469    9360.00    9380.00  5.369481459003870E-09  1.201627173608306E-10 236151
 470    9380.00    9400.00  5.178487408002644E-09  1.227103109116987E-10 233578
 471    9400.00    9420.00  5.044143694876489E-09  1.222187353918640E-10 230776
 472    9420.00    9440.00  4.563398076458907E-09  1.036365714186358E-10 228074
 473    9440.00    9460.00  4.409110883710598E-09  1.169918848093419E-10 224321
 474    9460.00    9480.00  4.225281237239962E-09  1.006815124413775E-10 221915
 475    9480.00    9500.00  4.024521402610213E-09  1.013559808893062E-10 218212
 476    9500.00    9520.00  3.652096887026734E-09  8.188722592947792E-11 216631
 477    9520.00    9540.00  3.535533234195582E-09  9.564069553450011E-11 213607
 478    9540.00    9560.00  3.296207147382782E-09  8.383539744519555E-11 211173
 479    9560.00    9580.00  3.084200513056287E-09  7.855615973505473E-11 208188
 480    9580.00    9600.00  2.868670203873453E-09  6.703744950590157E-11 204950
 481    9600.00    9620.00  2.817272122352305E-09  7.830889521146336E-11 201738
 482    9620.00    9640.00  2.443265555116202E-09  5.851504628681112E-11 199203
 483    9640.00    9660.00  2.318585251834901E-09  5.249047802793082E-11 197250
 484    9660.00    9680.00  2.316200372053997E-09  6.031841403011727E-11 194362
 485    9680.00    9700.00  2.183287406337212E-09  6.406918761971984E-11 191441
 486    9700.00    9720.00  1.970600578078903E-09  5.600208058024888E-11 188791
 487    9720.00    9740.00  1.895605250342485E-09  5.392047782916667E-11 187364
 488    9740.00    9760.00  1.776724413864389E-09  4.262279100887869E-11 183440
 489    9760.00    9780.00  1.644013968413680E-09  3.734131056509482E-11 182037
 490    9780.00    9800.00  1.663737193629124E-09  4.920587634481412E-11 179022
 491    9800.00    9820.00  1.377800176648180E-09  3.416971852622603E-11 176664
 492    9820.00    9840.00  1.298445028141164E-09  2.978551442583652E-11 173858
 493    9840.00    9860.00  1.287798130215574E-09  4.357276151965214E-11 171587
 494    9860.00    9880.00  1.184998496592889E-09  3.109770912424203E-11 169031
 495    9880.00    9900.00  1.078747993997078E-09  2.877187930089369E-11 167040
 496    9900.00    9920.00  1.038668012996083E-09  2.733469854080490E-11 164331
 497    9920.00    9940.00  9.944506345878989E-10  3.557045367892525E-11 161373
 498    9940.00    9960.00  9.149873225631639E-10  2.335636291645975E-11 159119
 499    9960.00    9980.00  8.104068574261966E-10  2.263865583977465E-11 156885
 500    9980.00   10000.00  7.458762349538633E-10  2.218870608326001E-11 155178
 501   10000.00   10020.00  7.450164292908037E-10  2.202777957868360E-11 152099
 502   10020.00   10040.00  7.104033131567069E-10  2.007065151051325E-11 149854
 503   10040.00   10060.00  6.690897835219161E-10  1.934930701994371E-11 148847
 504   10060.00   10080.00  5.840235534600297E-10  1.631947371607872E-11 145374
 505   10080.00   10100.00  5.571717352753622E-10  1.692051370015016E-11 144092
 506   10100.00   10120.00  5.196835990816318E-10  1.468231453305830E-11 141775
 507   10120.00   10140.00  4.699607019167913E-10  1.301741532019342E-11 138670
 508   10140.00   10160.00  4.087228934735539E-10  1.063262953377468E-11 137187
 509   10160.00   10180.00  4.166174138811274E-10  1.201095343281202E-11 135527
 510   10180.00   10200.00  3.921344467906366E-10  1.170027277966805E-11 133179
 511   10200.00   10220.00  3.531071914768544E-10  1.081731208511046E-11 131436
 512   10220.00   10240.00  3.299025165899700E-10  1.027366740144782E-11 128936
 513   10240.00   10260.00  3.124060804876497E-10  9.262342641104772E-12 127083
 514   10260.00   10280.00  2.929123006440420E-10  9.218344736490088E-12 125382
 515   10280.00   10300.00  2.569599335356454E-10  7.940705140740693E-12 123020
 516   10300.00   10320.00  2.414241394608123E-10  8.087436225529675E-12 120617
 517   10320.00   10340.00  2.214402782281196E-10  6.346377558224140E-12 119012
 518   10340.00   10360.00  2.099080452828265E-10  1.009484990067704E-11 117178
 519   10360.00   10380.00  1.861532283306850E-10  5.509439550108966E-12 115310
 520   10380.00   10400.00  1.736947382996787E-10  5.578940419812243E-12 113204
 521   10400.00   10420.00  1.693912165882599E-10  5.861091021132863E-12 111147
 522   10420.00   10440.00  1.441613870983253E-10  4.656473722003508E-12 109705
 523   10440.00   10460.00  1.317528220757968E-10  4.247202189964994E-12 107739
 524   10460.00   10480.00  1.260904829305598E-10  4.326065089911354E-12 105228
 525   10480.00   10500.00  1.226133044115785E-10  4.370337184633703E-12 104156
 526   10500.00   10520.00  1.107292797958618E-10  3.696874893344052E-12 101938
 527   10520.00   10540.00  9.892483219734679E-11  3.479337928205851E-12 100334
 528   10540.00   10560.00  9.142191097404402E-11  3.188756941611932E-12 98743
 529   10560.00   10580.00  7.980946561056945E-11  2.685423036149973E-12 96701
 530   10580.00   10600.00  7.337681814326099E-11  2.299478893325618E-12 95417
 531   10600.00   10620.00  6.544055553333567E-11  2.241407501371238E-12 93517
 532   10620.00   10640.00  6.545096589678422E-11  2.486953914050774E-12 91166
 533   10640.00   10660.00  5.702724954427924E-11  2.351323944818684E-12 89970
 534   10660.00   10680.00  5.161980159608855E-11  1.944984737168726E-12 87921
 535   10680.00   10700.00  4.696229016925314E-11  1.680287678269954E-12 86971
 536   10700.00   10720.00  4.323083652264684E-11  1.688414597773462E-12 84683
 537   10720.00   10740.00  4.085955403989273E-11  1.440059593520151E-12 83121
 538   10740.00   10760.00  3.599333380305753E-11  1.489405230953769E-12 81641
 539   10760.00   10780.00  3.124748490312696E-11  1.150934717435713E-12 80321
 540   10780.00   10800.00  2.908984178991058E-11  1.177905065581214E-12 78799
 541   10800.00   10820.00  2.629105409680544E-11  1.126109262227601E-12 77309
 542   10820.00   10840.00  2.535375215070777E-11  9.795347985402184E-13 75747
 543   10840.00   10860.00  2.236311632022779E-11  9.960865262332211E-13 74771
 544   10860.00   10880.00  2.006489185437883E-11  1.067883329646996E-12 72537
 545   10880.00   10900.00  1.956776953179753E-11  8.904912466299665E-13 71218
 546   10900.00   10920.00  1.725406708749211E-11  7.702514134624623E-13 70001
 547   10920.00   10940.00  1.458207089256647E-11  7.343437527984479E-13 68196
 548   10940.00   10960.00  1.285517725443067E-11  5.833332337623307E-13 67034
 549   10960.00   10980.00  1.126921535815277E-11  5.954627609558682E-13 65055
 550   10980.00   11000.00  9.728496988335826E-12  4.607894822022827E-13 64069
 551   11000.00   11020.00  9.836586667658450E-12  4.697804155635827E-13 62554
 552   11020.00   11040.00  9.447376969765371E-12  5.297805609705231E-13 61323
 553   11040.00   11060.00  8.089139087467148E-12  4.167043648373587E-13 60064
 554   11060.00   11080.00  7.384562235650219E-12  4.225689250000310E-13 58601
 555   11080.00   11100.00  6.177603414327333E-12  3.548488685003744E-13 57212
 556   11100.00   11120.00  5.396724549917580E-12  3.359159033901054E-13 55911
 557   11120.00   11140.00  5.349936891151237E-12  3.209194639824833E-13 54746
 558   11140.00   11160.00  4.480053982938169E-12  2.962712398831198E-13 53406
 559   11160.00   11180.00  4.025345531499410E-12  2.513365675642508E-13 52371
 560   11180.00   11200.00  3.432544713721623E-12  2.239020718573445E-13 51025
 561   11200.00   11220.00  3.009549571897351E-12  2.757026428465172E-13 49468
 562   11220.00   11240.00  2.885508121054623E-12  1.838047229382222E-13 48674
 563   11240.00   11260.00  2.745417846233396E-12  2.146486203693367E-13 47716
 564   11260.00   11280.00  2.057247678796657E-12  1.509017504338015E-13 46280
 565   11280.00   11300.00  2.397925348418308E-12  3.935053630713307E-13 44839
 566   11300.00   11320.00  1.276919007585486E-12  1.522799386546805E-13 44009
 567   11320.00   11340.00  1.677652259041224E-12  1.494660467190575E-13 42718
 568   11340.00   11360.00  1.505449107439014E-12  1.296967320199172E-13 41595
 569   11360.00   11380.00  1.215558178731650E-12  9.558800077008943E-14 40583
 570   11380.00   11400.00  9.377591132284276E-13  1.003046366008982E-13 39721
 571   11400.00   11420.00  1.046043675131248E-12  7.971789052390642E-14 38589
 572   11420.00   11440.00  8.331926723581520E-13  8.304541943903802E-14 37262
 573   11440.00   11460.00  7.333810395049894E-13  8.676877587347715E-14 36780
 574   11460.00   11480.00  4.524051031316646E-13  6.584830535986981E-14 35619
 575   11480.00   11500.00  4.973899960383052E-13  6.292981735783049E-14 34370
 576   11500.00   11520.00  5.612949638929196E-13  8.478686365610432E-14 33263
 577   11520.00   11540.00  3.247743161204048E-13  3.969373972542713E-14 32375
 578   11540.00   11560.00  3.734321306010968E-13  4.294465289089414E-14 31524
 579   11560.00   11580.00  2.785718829995196E-13  4.519862849288979E-14 30443
 580   11580.00   11600.00  3.158692270943399E-13  4.722145747582566E-14 29358
 581   11600.00   11620.00  2.150294424761701E-13  2.844373400868296E-14 28764
 582   11620.00   11640.00  1.701438866271644E-13  3.339494907282700E-14 27970
 583   11640.00   11660.00  1.344091407253446E-13  2.300755435836454E-14 26732
 584   11660.00   11680.00  1.156852631537771E-13  2.118814332064414E-14 25954
 585   11680.00   11700.00  1.351128506573608E-13  2.827088575280336E-14 25223
 586   11700.00   11720.00  7.086522938790005E-14  2.371079442868027E-14 24507
 587   11720.00   11740.00  7.696309263824596E-14  1.751894615126189E-14 23386
 588   11740.00   11760.00  5.299067764489514E-14  1.521783855048595E-14 22504
 589   11760.00   11780.00  5.951949235703095E-14  1.377326840675831E-14 21709
 590   11780.00   11800.00  1.250708178877754E-14  1.050963823440448E-14 21037
 591   11800.00   11820.00  3.870411165137000E-14  2.063274923292131E-14 20550
 592   11820.00   11840.00  3.056425468499514E-14  1.335257905985540E-14 19567
 593   11840.00   11860.00  2.606278580692928E-14  8.570993129551455E-15 18643
 594   11860.00   11880.00  3.684150857496552E-14  1.538436275702879E-14 18051
 595   11880.00   11900.00  1.591796920681498E-15  6.404734545247730E-15 17229
 596   11900.00   11920.00 -6.119069965740219E-16  6.887526292560931E-15 16660
 597   11920.00   11940.00  1.040352657295640E-14  5.448741337177025E-15 15903
 598   11940.00   11960.00  1.271873896053374E-14  6.702432288586835E-15 15400
 599   11960.00   11980.00  2.119123431191893E-15  5.225305380932760E-15 14804
 600   11980.00   12000.00  7.162366984022632E-15  3.919970275358651E-15 14063
 601   12000.00   12020.00  6.391540947878846E-15  4.117254159281182E-15 13377
 602   12020.00   12040.00  2.013442322571072E-15  3.390127064055863E-15 12860
 603   12040.00   12060.00  1.505363435244156E-15  3.124313086442959E-15 12183
 604   12060.00   12080.00 -1.600194215420234E-17  3.181955332211355E-15 11564
 605   12080.00   12100.00 -2.279849368109055E-15  1.791811875423674E-15 11221
 606   12100.00   12120.00 -1.615174545958070E-15  1.727577841781727E-15 10404
 607   12120.00   12140.00  5.179174114451480E-15  3.288973929461209E-15 9952
 608   12140.00   12160.00 -2.353749824649351E-16  1.599326751576554E-15 9502
 609   12160.00   12180.00  2.591786548562510E-15  1.220764784985287E-15 8914
 610   12180.00   12200.00 -7.890705136285053E-16  1.157061553029354E-15 8643
 611   12200.00   12220.00 -9.715285285906532E-17  8.511258381387916E-16 7836
 612   12220.00   12240.00 -5.599590644193091E-17  6.748310985372266E-16 7404
 613   12240.00   12260.00  1.543259837677655E-15  1.145854878566268E-15 7050
 614   12260.00   12280.00  1.089286301295189E-15  7.720979802749956E-16 6621
 615   12280.00   12300.00  1.653881726305167E-16  9.430607543317721E-16 6376
 616   12300.00   12320.00 -8.328636121054232E-16  4.259363499419366E-16 5901
 617   12320.00   12340.00  7.006574097230392E-16  3.782482330683268E-16 5393
 618   12340.00   12360.00  1.417233722547896E-16  2.827979204796369E-16 5055
 619   12360.00   12380.00 -7.553962735457013E-16  2.946112130375855E-16 4661
 620   12380.00   12400.00 -1.004983459989798E-16  2.207383356769740E-16 4427
 621   12400.00   12420.00  1.085228504401632E-16  1.405699382345413E-16 3923
 622   12420.00   12440.00  8.500450565684900E-17  1.231571101967505E-16 3722
 623   12440.00   12460.00  2.552493750035660E-16  1.677151888874626E-16 3297
 624   12460.00   12480.00 -5.706242071618334E-17  1.079008953042821E-16 3113
 625   12480.00   12500.00 -9.038058935037452E-17  5.423878106807254E-17 2891
 626   12500.00   12520.00 -4.401389096371721E-17  1.364057857067170E-16 2566
 627   12520.00   12540.00 -8.835374193783959E-17  4.046337165285041E-17 2227
 628   12540.00   12560.00  3.680430759995042E-17  3.184235849929466E-17 2024
 629   12560.00   12580.00 -1.487849597231615E-17  2.292218176680895E-17 1856
 630   12580.00   12600.00 -1.510249986581744E-17  2.191942544180803E-17 1573
 631   12600.00   12620.00 -1.099130501767591E-17  1.533970479788329E-17 1461
 632   12620.00   12640.00  1.032673849678722E-17  1.146376776996704E-17 1203
 633   12640.00   12660.00 -1.270592076664241E-17  1.007466527764110E-17 1029
 634   12660.00   12680.00  4.741934075673141E-18  5.848944215091835E-18 892
 635   12680.00   12700.00  1.614912203795946E-18  3.455100948480025E-18 770
 636   12700.00   12720.00 -6.060078766910508E-18  7.443985228996144E-18 656
 637   12720.00   12740.00 -1.894269834998840E-18  1.779054581997462E-18 505
 638   12740.00   12760.00  6.557365440661160E-19  1.112102384231587E-18 377
 639   12760.00   12780.00 -7.173816493179198E-19  9.802745025232028E-19 310
 640   12780.00   12800.00 -7.207302184841265E-19  3.644863422036008E-19 246
 641   12800.00   12820.00  1.515595144538612E-19  3.548912960681543E-19 173
 642   12820.00   12840.00 -2.387842173651257E-19  1.913836612749568E-19 102
 643   12840.00   12860.00  8.918293531882325E-20  8.115426389810367E-20 82
 644   12860.00   12880.00 -1.711313606037174E-20  2.427225027825773E-20 38
 645   12880.00   12900.00  3.853344011872002E-20  4.163770141181642E-20 17
 646   12900.00   12920.00  4.617267811458644E-23  3.494500156644873E-23 6
 647   12920.00   12940.00  0.000000000000000E+00  0.000000000000000E+00 0
 648   12940.00   12960.00  0.000000000000000E+00  0.000000000000000E+00 0
 649   12960.00   12980.00  0.000000000000000E+00  0.000000000000000E+00 0
 650   12980.00   13000.00  0.000000000000000E+00  0.000000000000000E+00 0
# Underflow:                 0.0000000000000000E+00  0.0000000000000000E+00 0
# Overflow:                  0.0000000000000000E+00  0.0000000000000000E+00 0
#-------------------------------------------------------------------------------------
# Sum:                       1.0468648594316541E+00  3.4529202199286703E-04 107479000
#=====================================================================================
# Number of generated events: 3357351632
