# title = Transverse Momentum Positron
# xlabel = $p_{\text{T},\text{e}^+}\,$[GeV]
# ylabel = $\frac{\text{d}\sigma}{\text{d}p_{\text{T},\text{e}^+}}\,\left[\frac{\text{fb}}{\text{GeV}}\right]$
# xmin=  0.000E+00
# xmax=  8.000E+02
# ymin=  1.000E-06
# ymax=  1.000E-02
# kmin= -5.000E+01
# kmax=  1.000E+01
# logscale = true
# Renormalization and factorization scale scaled by: 1.0000000000
# Renormalization scaled by: 1.0000000000
#
#
#=====================================================================================
# No.       Left      Right                   Value                   Error Hits
#-------------------------------------------------------------------------------------
   1       0.00      20.00  0.000000000000000E+00  0.000000000000000E+00 0
   2      20.00      40.00  2.388269662226725E-02  6.387606341828912E-06 406943470
   3      40.00      60.00  1.737433662960503E-02  5.206373039502709E-06 306544382
   4      60.00      80.00  1.123793694720934E-02  4.166042159545125E-06 199660905
   5      80.00     100.00  7.309117448752371E-03  3.341170752741324E-06 141924378
   6     100.00     120.00  4.890719919128286E-03  2.726734422428765E-06 106236599
   7     120.00     140.00  3.359081752440900E-03  2.210395995911045E-06 82427845
   8     140.00     160.00  2.364204207836562E-03  1.805687328757134E-06 65664940
   9     160.00     180.00  1.701418948468945E-03  1.496916072503299E-06 53438006
  10     180.00     200.00  1.244923042185336E-03  1.234311008311456E-06 44207840
  11     200.00     220.00  9.246315496415880E-04  1.039016939190929E-06 37091330
  12     220.00     240.00  6.975612763879104E-04  8.692637915566249E-07 31489710
  13     240.00     260.00  5.302372156866013E-04  7.302432369396348E-07 27003721
  14     260.00     280.00  4.075301707509052E-04  6.129530125680117E-07 23346022
  15     280.00     300.00  3.168034027751340E-04  5.250054498493912E-07 20346913
  16     300.00     320.00  2.473342991836670E-04  4.489152567504373E-07 17848568
  17     320.00     340.00  1.947663402625336E-04  3.809061653283332E-07 15750909
  18     340.00     360.00  1.539707042241580E-04  3.228570921201263E-07 13963094
  19     360.00     380.00  1.231648913525901E-04  2.837911378819641E-07 12445815
  20     380.00     400.00  9.844645022987159E-05  2.366444955501984E-07 11140441
  21     400.00     420.00  7.932465734156000E-05  2.359016420589399E-07 10010503
  22     420.00     440.00  6.418409303335005E-05  1.822968752762854E-07 9023886
  23     440.00     460.00  5.184000638545914E-05  1.541575408754811E-07 8162749
  24     460.00     480.00  4.293364265117248E-05  1.596692497682101E-07 7409506
  25     480.00     500.00  3.471190025568869E-05  1.253962840840230E-07 6740203
  26     500.00     520.00  2.860172578880913E-05  1.082158609117765E-07 6144338
  27     520.00     540.00  2.381649897779836E-05  9.491966273734481E-08 5623860
  28     540.00     560.00  1.950833231854662E-05  7.960519161701892E-08 5146923
  29     560.00     580.00  1.625472445535967E-05  6.902110600578760E-08 4725688
  30     580.00     600.00  1.351968101534300E-05  6.242500751670581E-08 4350688
  31     600.00     620.00  1.127160523704545E-05  5.279186011021602E-08 4005989
  32     620.00     640.00  9.345823941975108E-06  4.883677291123127E-08 3700111
  33     640.00     660.00  7.990519373903250E-06  4.617999441250435E-08 3418496
  34     660.00     680.00  6.668661912335268E-06  3.721365560724671E-08 3166409
  35     680.00     700.00  5.686548612534774E-06  3.430311366782315E-08 2937637
  36     700.00     720.00  4.772956406932968E-06  3.050273392526947E-08 2725328
  37     720.00     740.00  4.073683985599294E-06  4.159277391355606E-08 2533608
  38     740.00     760.00  3.402167463625131E-06  2.266812671575280E-08 2359804
  39     760.00     780.00  2.885128476177674E-06  1.961304275726361E-08 2197039
  40     780.00     800.00  2.482496198768837E-06  1.754465332667467E-08 2049293
  41     800.00     820.00  2.086039006611491E-06  1.553876017047029E-08 1912589
  42     820.00     840.00  1.815162929826259E-06  1.583971912867444E-08 1788297
  43     840.00     860.00  1.532979959676906E-06  2.403226183891125E-08 1674408
  44     860.00     880.00  1.312885645337901E-06  1.130233605267035E-08 1569279
  45     880.00     900.00  1.137597606371607E-06  1.014648812279498E-08 1468524
  46     900.00     920.00  9.761173533382287E-07  9.329430397485024E-09 1378446
  47     920.00     940.00  8.402208214110157E-07  9.330027834443591E-09 1295268
  48     940.00     960.00  7.100613618574056E-07  7.092893959614677E-09 1217548
  49     960.00     980.00  6.429639616532988E-07  8.126235973770315E-09 1146275
  50     980.00    1000.00  5.386294420163816E-07  6.231328853046995E-09 1076903
  51    1000.00    1020.00  4.663790760451623E-07  5.153766699421174E-09 1015429
  52    1020.00    1040.00  4.073226538105097E-07  4.781485311347929E-09 956263
  53    1040.00    1060.00  3.478616490283113E-07  4.903653354804969E-09 901747
  54    1060.00    1080.00  2.990855861752256E-07  3.568840602797715E-09 851663
  55    1080.00    1100.00  2.635096904228354E-07  3.635570505086256E-09 804332
  56    1100.00    1120.00  2.317735400904313E-07  4.577626396040004E-09 758717
  57    1120.00    1140.00  1.938044806974024E-07  2.795988745067623E-09 718275
  58    1140.00    1160.00  1.732273069979478E-07  2.686484361257263E-09 678917
  59    1160.00    1180.00  1.517252203269913E-07  2.626256749791744E-09 642868
  60    1180.00    1200.00  1.339005296949168E-07  2.064740211646490E-09 609404
  61    1200.00    1220.00  1.153609625769064E-07  2.166560580438313E-09 576389
  62    1220.00    1240.00  1.014227795060630E-07  1.930219359185677E-09 548966
  63    1240.00    1260.00  8.820458238370389E-08  1.393458559537902E-09 519177
  64    1260.00    1280.00  7.541649770603924E-08  1.278171745903385E-09 492498
  65    1280.00    1300.00  6.751233580938805E-08  1.525705081146708E-09 468246
  66    1300.00    1320.00  6.022534499556579E-08  2.773085045944317E-09 443564
  67    1320.00    1340.00  5.006598374086916E-08  9.547587136785513E-10 422543
  68    1340.00    1360.00  4.556408014273122E-08  1.027761013850469E-09 400102
  69    1360.00    1380.00  4.142732265140146E-08  9.143675826198681E-10 380695
  70    1380.00    1400.00  3.578802188360972E-08  2.086719945356459E-09 361357
  71    1400.00    1420.00  3.093844607902058E-08  8.609004550238719E-10 343669
  72    1420.00    1440.00  2.606402123604159E-08  8.009914767571914E-10 326382
  73    1440.00    1460.00  2.351018457836830E-08  5.388025403035092E-10 310889
  74    1460.00    1480.00  2.047672512991490E-08  5.203023454546001E-10 296885
  75    1480.00    1500.00  1.818835395574878E-08  4.062931112610470E-10 282304
  76    1500.00    1520.00  1.581746118355168E-08  3.606712742098440E-10 268709
  77    1520.00    1540.00  1.411730823981949E-08  5.189177187395221E-10 256204
  78    1540.00    1560.00  1.219522707302421E-08  3.268768395995438E-10 244384
  79    1560.00    1580.00  1.043037835083278E-08  2.602151341337462E-10 233148
  80    1580.00    1600.00  9.631984796639835E-09  2.672484991901249E-10 222525
  81    1600.00    1620.00  8.203428774695288E-09  2.754350097450658E-10 212096
  82    1620.00    1640.00  7.383733512884546E-09  2.215219723162159E-10 203587
  83    1640.00    1660.00  6.752014384670687E-09  2.175799835435694E-10 192844
  84    1660.00    1680.00  5.615004384313382E-09  1.711088558930187E-10 183806
  85    1680.00    1700.00  5.101885730537702E-09  1.809909737031891E-10 175498
  86    1700.00    1720.00  4.705042273210875E-09  3.710998605318746E-10 168358
  87    1720.00    1740.00  3.895964889520104E-09  1.300744957855211E-10 160061
  88    1740.00    1760.00  3.383629276693340E-09  1.087335574394120E-10 153845
  89    1760.00    1780.00  3.018806270395494E-09  1.062459594799556E-10 146715
  90    1780.00    1800.00  2.922815989954801E-09  1.258781444979890E-10 140564
  91    1800.00    1820.00  2.533239272727528E-09  9.514544586153132E-11 133744
  92    1820.00    1840.00  2.123587816279430E-09  7.524275727468353E-11 128458
  93    1840.00    1860.00  1.952860592032860E-09  1.039563640593861E-10 122135
  94    1860.00    1880.00  1.637282137354900E-09  7.333750216650194E-11 117170
  95    1880.00    1900.00  1.539107382147040E-09  6.998909633221064E-11 111290
  96    1900.00    1920.00  1.332555660384527E-09  6.828613444286322E-11 106668
  97    1920.00    1940.00  1.067660804837525E-09  4.285439110003239E-11 102861
  98    1940.00    1960.00  9.963030994280806E-10  5.134707396936480E-11 98628
  99    1960.00    1980.00  8.241233295964498E-10  3.509946086823222E-11 93778
 100    1980.00    2000.00  8.130078954906610E-10  4.987987983191746E-11 89750
 101    2000.00    2020.00  6.778842673756293E-10  3.036260573264225E-11 85420
 102    2020.00    2040.00  6.237635138435033E-10  2.938738850939709E-11 81708
 103    2040.00    2060.00  6.348036177832429E-10  3.853833850996397E-11 78524
 104    2060.00    2080.00  4.751288191431218E-10  2.338308015037309E-11 75401
 105    2080.00    2100.00  4.673585488110229E-10  2.581992968093334E-11 72045
 106    2100.00    2120.00  3.775836316668099E-10  2.122233819055816E-11 69023
 107    2120.00    2140.00  3.751407490954289E-10  2.500966252301998E-11 66904
 108    2140.00    2160.00  2.724579679723476E-10  1.537170984351260E-11 63320
 109    2160.00    2180.00  2.950523054115045E-10  2.482619134453257E-11 61167
 110    2180.00    2200.00  2.704738261621711E-10  1.804397398838578E-11 58312
 111    2200.00    2220.00  2.174369550452522E-10  1.225357406747648E-11 55751
 112    2220.00    2240.00  1.806010852455799E-10  1.298323373234370E-11 53589
 113    2240.00    2260.00  1.663228303311306E-10  1.183200817695085E-11 51312
 114    2260.00    2280.00  1.449673744921783E-10  9.142840716088326E-12 49109
 115    2280.00    2300.00  1.353596830956359E-10  1.071845503365907E-11 46685
 116    2300.00    2320.00  1.138785398349008E-10  8.882125171448612E-12 44854
 117    2320.00    2340.00  1.067357701041682E-10  7.063831585459542E-12 43050
 118    2340.00    2360.00  9.405904614923963E-11  6.394397355040170E-12 41608
 119    2360.00    2380.00  8.886405718930428E-11  5.535449073575418E-12 39612
 120    2380.00    2400.00  8.009858072448303E-11  6.357848378418829E-12 38248
 121    2400.00    2420.00  8.436759876761548E-11  1.549127173495670E-11 36629
 122    2420.00    2440.00  6.238068976462379E-11  4.843035128204202E-12 34825
 123    2440.00    2460.00  5.499634104282974E-11  5.245893741937812E-12 33657
 124    2460.00    2480.00  5.310225906641007E-11  4.000075878062240E-12 31980
 125    2480.00    2500.00  4.046340275091762E-11  3.015392279704260E-12 30909
 126    2500.00    2520.00  3.430245062020164E-11  2.964421593583491E-12 29608
 127    2520.00    2540.00  3.294355816455679E-11  3.331827595916420E-12 28645
 128    2540.00    2560.00  2.985697598852866E-11  2.458292549560277E-12 27289
 129    2560.00    2580.00  2.495763905833813E-11  2.487753846901847E-12 26270
 130    2580.00    2600.00  2.329425405188783E-11  2.061792595960177E-12 24873
 131    2600.00    2620.00  1.896702312987079E-11  1.739226508319850E-12 24240
 132    2620.00    2640.00  1.881213964254992E-11  2.119235992385117E-12 23127
 133    2640.00    2660.00  1.378954763247388E-11  1.283758727108229E-12 22044
 134    2660.00    2680.00  1.338306461395467E-11  1.237041110247488E-12 21249
 135    2680.00    2700.00  1.360082603949962E-11  1.435666102153533E-12 20198
 136    2700.00    2720.00  1.208299135863194E-11  1.229701056959889E-12 19561
 137    2720.00    2740.00  8.086809437472941E-12  8.545518697772924E-13 18669
 138    2740.00    2760.00  8.942541915071307E-12  8.913223836811117E-13 17756
 139    2760.00    2780.00  8.433736346994284E-12  1.265255461942399E-12 17379
 140    2780.00    2800.00  7.539266843194794E-12  7.566379078087999E-13 16710
 141    2800.00    2820.00  6.878828394550900E-12  9.765188255397583E-13 15802
 142    2820.00    2840.00  5.953979165620106E-12  6.949753175076654E-13 15189
 143    2840.00    2860.00  4.861070612287161E-12  5.549378734759871E-13 14596
 144    2860.00    2880.00  5.649070502289870E-12  8.909858686159941E-13 13854
 145    2880.00    2900.00  3.589701799757858E-12  3.864278919033832E-13 13432
 146    2900.00    2920.00  3.929563030427247E-12  4.412370602153798E-13 12703
 147    2920.00    2940.00  3.299352507034726E-12  3.775933517837053E-13 12320
 148    2940.00    2960.00  2.371243727979113E-12  2.658584452589295E-13 11749
 149    2960.00    2980.00  2.499827069838835E-12  3.759531120650410E-13 11464
 150    2980.00    3000.00  2.509247754398015E-12  3.607124934598970E-13 10829
 151    3000.00    3020.00  2.121097906820298E-12  3.140769899389761E-13 10298
 152    3020.00    3040.00  1.838358893409711E-12  2.155988730306276E-13 10000
 153    3040.00    3060.00  2.303223874955315E-12  3.618761290528146E-13 9505
 154    3060.00    3080.00  1.601786669194303E-12  2.432408895187284E-13 9253
 155    3080.00    3100.00  1.214475695539132E-12  1.953679870504208E-13 8770
 156    3100.00    3120.00  1.184296430111023E-12  1.924196137379174E-13 8469
 157    3120.00    3140.00  9.771926850902980E-13  1.692808457472211E-13 8005
 158    3140.00    3160.00  7.485653581581337E-13  1.194350606999774E-13 7544
 159    3160.00    3180.00  5.822271829221827E-13  1.061430255547208E-13 7527
 160    3180.00    3200.00  7.522678932893588E-13  1.150019348695988E-13 7033
 161    3200.00    3220.00  7.389722000404757E-13  1.739618288414096E-13 6755
 162    3220.00    3240.00  3.278071387028637E-13  7.268606893617243E-14 6522
 163    3240.00    3260.00  5.951087134977881E-13  8.561214863711370E-14 6302
 164    3260.00    3280.00  5.498412591610276E-13  9.462376305910725E-14 5848
 165    3280.00    3300.00  3.789253103093797E-13  5.708611787678730E-14 5767
 166    3300.00    3320.00  3.515958641210148E-13  5.588165483047795E-14 5461
 167    3320.00    3340.00  3.034009593798553E-13  5.350218144588727E-14 5156
 168    3340.00    3360.00  2.524366822437944E-13  5.841466570520482E-14 4942
 169    3360.00    3380.00  2.326898116294276E-13  4.846844635613098E-14 4734
 170    3380.00    3400.00  1.995955963014575E-13  7.729002364975935E-14 4585
 171    3400.00    3420.00  2.188152652806982E-13  6.022324724424674E-14 4367
 172    3420.00    3440.00  1.382010859571318E-12  1.185582836783243E-12 4280
 173    3440.00    3460.00  1.352285124012843E-13  2.237421457272114E-14 4080
 174    3460.00    3480.00  1.650125610914258E-13  3.024402890853176E-14 3763
 175    3480.00    3500.00  2.111428479203864E-13  5.217913577027388E-14 3719
 176    3500.00    3520.00  1.261632107483582E-13  3.709137437631505E-14 3532
 177    3520.00    3540.00  1.069697046938904E-13  2.280464831895959E-14 3356
 178    3540.00    3560.00  4.978176602037594E-14  1.176099475206289E-14 3227
 179    3560.00    3580.00  1.087492392849745E-13  4.921662023286916E-14 3072
 180    3580.00    3600.00  5.580035586977502E-14  1.574441242237857E-14 2949
 181    3600.00    3620.00  7.012649359743705E-14  2.375318853754591E-14 2914
 182    3620.00    3640.00  3.987117289690735E-14  1.250263448633678E-14 2798
 183    3640.00    3660.00  5.878194986993126E-14  1.770970854978634E-14 2577
 184    3660.00    3680.00  5.395344236323551E-14  9.866138054074469E-15 2603
 185    3680.00    3700.00  3.457709211666210E-14  1.377594679448388E-14 2403
 186    3700.00    3720.00  3.110131329824007E-14  7.663326507303875E-15 2262
 187    3720.00    3740.00  4.020724974215620E-14  1.208971340039296E-14 2189
 188    3740.00    3760.00  3.558250987976824E-14  9.797532853913841E-15 2096
 189    3760.00    3780.00  3.965546619461361E-14  8.518442768675879E-15 2086
 190    3780.00    3800.00  2.384705472167224E-14  5.967876168798537E-15 1939
 191    3800.00    3820.00  2.083346526849103E-14  6.997202480280549E-15 1786
 192    3820.00    3840.00  1.920322254262236E-14  5.454421947248429E-15 1698
 193    3840.00    3860.00  1.109334379246270E-14  2.376396101227433E-15 1679
 194    3860.00    3880.00  1.591599140648917E-14  7.405457220995007E-15 1546
 195    3880.00    3900.00  9.143363048346437E-15  4.098417587048039E-15 1473
 196    3900.00    3920.00  1.106837399054747E-14  2.677896432748094E-15 1371
 197    3920.00    3940.00  8.920370672876257E-15  3.296445777937356E-15 1387
 198    3940.00    3960.00  1.923869130314591E-14  1.171097439014135E-14 1316
 199    3960.00    3980.00  7.967097322539459E-15  2.010452634922513E-15 1195
 200    3980.00    4000.00  6.431402636238072E-15  2.036674397658244E-15 1191
 201    4000.00    4020.00  6.833019025005884E-15  2.261100557058612E-15 1074
 202    4020.00    4040.00  3.220326867334811E-15  1.418639822895584E-15 1107
 203    4040.00    4060.00  6.296588756795879E-15  2.215355570598985E-15 1021
 204    4060.00    4080.00  3.733204020366345E-15  9.507913440188440E-16 1009
 205    4080.00    4100.00  2.548640429539865E-15  2.511338534254302E-15 891
 206    4100.00    4120.00  6.731678723721677E-15  2.304107611261150E-15 840
 207    4120.00    4140.00  6.188382820088136E-15  2.926802884814938E-15 875
 208    4140.00    4160.00  3.433340604972638E-15  1.749949483181600E-15 835
 209    4160.00    4180.00  1.443244715790350E-15  7.078075277309808E-16 748
 210    4180.00    4200.00  5.272000830120093E-15  2.324141168843967E-15 734
 211    4200.00    4220.00  1.058863374473785E-15  4.865989574159552E-16 693
 212    4220.00    4240.00  3.089431528434299E-15  1.138495447073419E-15 641
 213    4240.00    4260.00  1.742318119711442E-15  5.824390898322662E-16 594
 214    4260.00    4280.00  2.909959834290126E-15  1.378527117260974E-15 608
 215    4280.00    4300.00  5.564354623504142E-16  3.010080523717200E-16 603
 216    4300.00    4320.00  6.030586546565947E-16  2.234944304808024E-16 503
 217    4320.00    4340.00  1.505903289618347E-15  6.833433993188596E-16 466
 218    4340.00    4360.00  8.195892218854876E-16  4.473946490982610E-16 512
 219    4360.00    4380.00  3.995593767664307E-16  1.712031056844067E-16 448
 220    4380.00    4400.00  6.888551575176888E-16  3.208615010456285E-16 403
 221    4400.00    4420.00  2.183628646731144E-16  1.888830291198150E-16 373
 222    4420.00    4440.00  3.946169831870409E-18  3.125128507453135E-16 390
 223    4440.00    4460.00  8.698593375577578E-16  4.823033197174981E-16 357
 224    4460.00    4480.00  2.089582112185626E-16  2.218231703327600E-16 331
 225    4480.00    4500.00 -1.509409153774365E-16  4.849284641596660E-16 336
 226    4500.00    4520.00  5.804994210976534E-16  5.095376465263156E-16 273
 227    4520.00    4540.00  1.222174771643100E-16  4.473346418256539E-17 253
 228    4540.00    4560.00  1.840957634281051E-15  1.197920898926756E-15 247
 229    4560.00    4580.00  5.683441168850789E-16  3.756808978935306E-16 218
 230    4580.00    4600.00  3.986895481007459E-16  3.913297773972617E-16 230
 231    4600.00    4620.00  3.095773394031044E-16  1.639514387086311E-16 203
 232    4620.00    4640.00  2.287335996827468E-16  9.667254626788336E-17 210
 233    4640.00    4660.00  7.129321883012814E-17  5.337217671560375E-17 182
 234    4660.00    4680.00  1.279065598635432E-16  8.381076844661880E-17 210
 235    4680.00    4700.00 -4.148879467397748E-17  4.702459382904168E-17 155
 236    4700.00    4720.00 -3.991800936932543E-17  4.978992425044040E-17 151
 237    4720.00    4740.00  5.423223355738190E-17  2.916766016106244E-17 149
 238    4740.00    4760.00  8.239873254344947E-18  2.822744692765157E-17 139
 239    4760.00    4780.00 -7.647969379728091E-18  3.072718957756900E-17 133
 240    4780.00    4800.00  9.381860816342143E-18  8.173268199216142E-18 111
 241    4800.00    4820.00  1.678420754300490E-17  4.928608376988863E-17 138
 242    4820.00    4840.00  1.064044179929033E-16  7.966062157475716E-17 116
 243    4840.00    4860.00 -8.815305728051800E-17  1.244326890844802E-16 109
 244    4860.00    4880.00  1.165463751120339E-17  1.167596764914860E-17 111
 245    4880.00    4900.00  4.518320609293433E-18  8.864409046906544E-18 81
 246    4900.00    4920.00 -4.956512474182900E-18  8.459946097096827E-18 97
 247    4920.00    4940.00  5.443618372583859E-17  3.609565514054566E-17 86
 248    4940.00    4960.00 -2.921958183703348E-18  4.099765546779473E-18 73
 249    4960.00    4980.00  3.026521115616853E-18  6.632281442265495E-18 64
 250    4980.00    5000.00  1.772719034087695E-18  1.200145753957435E-18 49
 251    5000.00    5020.00  1.531071093476170E-18  1.894578607327753E-18 43
 252    5020.00    5040.00  1.099477898875650E-17  5.520623736023008E-18 48
 253    5040.00    5060.00  2.051535341390210E-17  1.900146828681357E-17 49
 254    5060.00    5080.00  2.059449751027317E-17  1.441612196700220E-17 56
 255    5080.00    5100.00  3.188227756807219E-18  3.414408184188096E-18 40
 256    5100.00    5120.00  1.131083976423031E-17  6.051529093434690E-18 49
 257    5120.00    5140.00 -1.495175492263977E-18  1.337089452368933E-18 36
 258    5140.00    5160.00 -7.016917471797264E-18  5.360557520966437E-18 51
 259    5160.00    5180.00  3.076902602298818E-19  7.955684077641744E-19 28
 260    5180.00    5200.00  9.835217869928862E-19  2.151853157320365E-18 35
 261    5200.00    5220.00 -3.218283723382740E-19  2.590101657741421E-19 30
 262    5220.00    5240.00 -4.597513770519287E-18  3.605636633615760E-18 24
 263    5240.00    5260.00 -4.816304702423508E-20  6.229340945559945E-19 18
 264    5260.00    5280.00  1.431323230628106E-20  2.102586131315260E-20 26
 265    5280.00    5300.00 -4.069149588957095E-19  5.173464724144073E-19 17
 266    5300.00    5320.00 -3.558023721480375E-20  2.984830029485723E-20 17
 267    5320.00    5340.00 -4.634334914870482E-19  5.139545914209065E-19 16
 268    5340.00    5360.00 -6.312164938063766E-20  4.744608845397585E-20 7
 269    5360.00    5380.00  2.763682213044786E-20  1.904035710398570E-20 13
 270    5380.00    5400.00 -8.368316761313866E-20  8.604538261819733E-20 12
 271    5400.00    5420.00 -9.993766081042224E-20  1.002721404090817E-19 10
 272    5420.00    5440.00  2.566872165448323E-20  2.583073290023308E-20 5
 273    5440.00    5460.00  5.154503094634421E-20  4.911393927311780E-20 8
 274    5460.00    5480.00 -6.579493575810494E-20  6.790731675012550E-20 8
 275    5480.00    5500.00  5.687444702271158E-21  5.695312918934940E-21 6
 276    5500.00    5520.00  9.025983148299516E-18  8.687178394545955E-18 7
 277    5520.00    5540.00 -2.178535336588108E-20  2.178551097264563E-20 3
 278    5540.00    5560.00 -8.652503403837984E-21  8.535900199885566E-21 8
 279    5560.00    5580.00 -7.886147776215768E-20  7.825388101272351E-20 7
 280    5580.00    5600.00  3.825996277505575E-20  3.826051128565484E-20 4
 281    5600.00    5620.00 -1.335640724775202E-19  1.318167917021811E-19 5
 282    5620.00    5640.00 -1.385300166754247E-20  1.382891481844283E-20 5
 283    5640.00    5660.00  0.000000000000000E+00  0.000000000000000E+00 0
 284    5660.00    5680.00 -3.286952943683095E-26  3.286952943470461E-26 1
 285    5680.00    5700.00  3.280209560793639E-23  3.437654718324882E-23 2
 286    5700.00    5720.00  0.000000000000000E+00  0.000000000000000E+00 0
 287    5720.00    5740.00  1.176072258065148E-20  1.176072257614020E-20 1
 288    5740.00    5760.00  1.309830824229229E-26  1.309830824144495E-26 1
 289    5760.00    5780.00  9.029877488400962E-22  9.029877484937203E-22 1
 290    5780.00    5800.00 -7.562630305970574E-25  6.678333817291780E-25 2
 291    5800.00    5820.00 -5.233131008564767E-25  5.233131006583883E-25 1
 292    5820.00    5840.00  4.411034207690184E-21  4.411034206942553E-21 1
 293    5840.00    5860.00  0.000000000000000E+00  0.000000000000000E+00 0
 294    5860.00    5880.00  0.000000000000000E+00  0.000000000000000E+00 0
 295    5880.00    5900.00  0.000000000000000E+00  0.000000000000000E+00 0
 296    5900.00    5920.00  0.000000000000000E+00  0.000000000000000E+00 0
 297    5920.00    5940.00  0.000000000000000E+00  0.000000000000000E+00 0
 298    5940.00    5960.00  0.000000000000000E+00  0.000000000000000E+00 0
 299    5960.00    5980.00  0.000000000000000E+00  0.000000000000000E+00 0
 300    5980.00    6000.00  0.000000000000000E+00  0.000000000000000E+00 0
 301    6000.00    6020.00  1.594094518750055E-26  1.594094518646932E-26 1
 302    6020.00    6040.00  0.000000000000000E+00  0.000000000000000E+00 0
 303    6040.00    6060.00  0.000000000000000E+00  0.000000000000000E+00 0
 304    6060.00    6080.00  0.000000000000000E+00  0.000000000000000E+00 0
 305    6080.00    6100.00  0.000000000000000E+00  0.000000000000000E+00 0
 306    6100.00    6120.00  0.000000000000000E+00  0.000000000000000E+00 0
 307    6120.00    6140.00  0.000000000000000E+00  0.000000000000000E+00 0
 308    6140.00    6160.00  0.000000000000000E+00  0.000000000000000E+00 0
 309    6160.00    6180.00  0.000000000000000E+00  0.000000000000000E+00 0
 310    6180.00    6200.00  0.000000000000000E+00  0.000000000000000E+00 0
 311    6200.00    6220.00  0.000000000000000E+00  0.000000000000000E+00 0
 312    6220.00    6240.00  0.000000000000000E+00  0.000000000000000E+00 0
 313    6240.00    6260.00  0.000000000000000E+00  0.000000000000000E+00 0
 314    6260.00    6280.00  0.000000000000000E+00  0.000000000000000E+00 0
 315    6280.00    6300.00  0.000000000000000E+00  0.000000000000000E+00 0
 316    6300.00    6320.00  0.000000000000000E+00  0.000000000000000E+00 0
 317    6320.00    6340.00  0.000000000000000E+00  0.000000000000000E+00 0
 318    6340.00    6360.00  0.000000000000000E+00  0.000000000000000E+00 0
 319    6360.00    6380.00  0.000000000000000E+00  0.000000000000000E+00 0
 320    6380.00    6400.00  0.000000000000000E+00  0.000000000000000E+00 0
 321    6400.00    6420.00  0.000000000000000E+00  0.000000000000000E+00 0
 322    6420.00    6440.00  0.000000000000000E+00  0.000000000000000E+00 0
 323    6440.00    6460.00  0.000000000000000E+00  0.000000000000000E+00 0
 324    6460.00    6480.00  0.000000000000000E+00  0.000000000000000E+00 0
 325    6480.00    6500.00  0.000000000000000E+00  0.000000000000000E+00 0
 326    6500.00    6520.00  0.000000000000000E+00  0.000000000000000E+00 0
 327    6520.00    6540.00  0.000000000000000E+00  0.000000000000000E+00 0
 328    6540.00    6560.00  0.000000000000000E+00  0.000000000000000E+00 0
 329    6560.00    6580.00  0.000000000000000E+00  0.000000000000000E+00 0
 330    6580.00    6600.00  0.000000000000000E+00  0.000000000000000E+00 0
 331    6600.00    6620.00  0.000000000000000E+00  0.000000000000000E+00 0
 332    6620.00    6640.00  0.000000000000000E+00  0.000000000000000E+00 0
 333    6640.00    6660.00  0.000000000000000E+00  0.000000000000000E+00 0
 334    6660.00    6680.00  0.000000000000000E+00  0.000000000000000E+00 0
 335    6680.00    6700.00  0.000000000000000E+00  0.000000000000000E+00 0
 336    6700.00    6720.00  0.000000000000000E+00  0.000000000000000E+00 0
 337    6720.00    6740.00  0.000000000000000E+00  0.000000000000000E+00 0
 338    6740.00    6760.00  0.000000000000000E+00  0.000000000000000E+00 0
 339    6760.00    6780.00  0.000000000000000E+00  0.000000000000000E+00 0
 340    6780.00    6800.00  0.000000000000000E+00  0.000000000000000E+00 0
 341    6800.00    6820.00  0.000000000000000E+00  0.000000000000000E+00 0
 342    6820.00    6840.00  0.000000000000000E+00  0.000000000000000E+00 0
 343    6840.00    6860.00  0.000000000000000E+00  0.000000000000000E+00 0
 344    6860.00    6880.00  0.000000000000000E+00  0.000000000000000E+00 0
 345    6880.00    6900.00  0.000000000000000E+00  0.000000000000000E+00 0
 346    6900.00    6920.00  0.000000000000000E+00  0.000000000000000E+00 0
 347    6920.00    6940.00  0.000000000000000E+00  0.000000000000000E+00 0
 348    6940.00    6960.00  0.000000000000000E+00  0.000000000000000E+00 0
 349    6960.00    6980.00  0.000000000000000E+00  0.000000000000000E+00 0
 350    6980.00    7000.00  0.000000000000000E+00  0.000000000000000E+00 0
 351    7000.00    7020.00  0.000000000000000E+00  0.000000000000000E+00 0
 352    7020.00    7040.00  0.000000000000000E+00  0.000000000000000E+00 0
 353    7040.00    7060.00  0.000000000000000E+00  0.000000000000000E+00 0
 354    7060.00    7080.00  0.000000000000000E+00  0.000000000000000E+00 0
 355    7080.00    7100.00  0.000000000000000E+00  0.000000000000000E+00 0
 356    7100.00    7120.00  0.000000000000000E+00  0.000000000000000E+00 0
 357    7120.00    7140.00  0.000000000000000E+00  0.000000000000000E+00 0
 358    7140.00    7160.00  0.000000000000000E+00  0.000000000000000E+00 0
 359    7160.00    7180.00  0.000000000000000E+00  0.000000000000000E+00 0
 360    7180.00    7200.00  0.000000000000000E+00  0.000000000000000E+00 0
 361    7200.00    7220.00  0.000000000000000E+00  0.000000000000000E+00 0
 362    7220.00    7240.00  0.000000000000000E+00  0.000000000000000E+00 0
 363    7240.00    7260.00  0.000000000000000E+00  0.000000000000000E+00 0
 364    7260.00    7280.00  0.000000000000000E+00  0.000000000000000E+00 0
 365    7280.00    7300.00  0.000000000000000E+00  0.000000000000000E+00 0
 366    7300.00    7320.00  0.000000000000000E+00  0.000000000000000E+00 0
 367    7320.00    7340.00  0.000000000000000E+00  0.000000000000000E+00 0
 368    7340.00    7360.00  0.000000000000000E+00  0.000000000000000E+00 0
 369    7360.00    7380.00  0.000000000000000E+00  0.000000000000000E+00 0
 370    7380.00    7400.00  0.000000000000000E+00  0.000000000000000E+00 0
 371    7400.00    7420.00  0.000000000000000E+00  0.000000000000000E+00 0
 372    7420.00    7440.00  0.000000000000000E+00  0.000000000000000E+00 0
 373    7440.00    7460.00  0.000000000000000E+00  0.000000000000000E+00 0
 374    7460.00    7480.00  0.000000000000000E+00  0.000000000000000E+00 0
 375    7480.00    7500.00  0.000000000000000E+00  0.000000000000000E+00 0
 376    7500.00    7520.00  0.000000000000000E+00  0.000000000000000E+00 0
 377    7520.00    7540.00  0.000000000000000E+00  0.000000000000000E+00 0
 378    7540.00    7560.00  0.000000000000000E+00  0.000000000000000E+00 0
 379    7560.00    7580.00  0.000000000000000E+00  0.000000000000000E+00 0
 380    7580.00    7600.00  0.000000000000000E+00  0.000000000000000E+00 0
 381    7600.00    7620.00  0.000000000000000E+00  0.000000000000000E+00 0
 382    7620.00    7640.00  0.000000000000000E+00  0.000000000000000E+00 0
 383    7640.00    7660.00  0.000000000000000E+00  0.000000000000000E+00 0
 384    7660.00    7680.00  0.000000000000000E+00  0.000000000000000E+00 0
 385    7680.00    7700.00  0.000000000000000E+00  0.000000000000000E+00 0
 386    7700.00    7720.00  0.000000000000000E+00  0.000000000000000E+00 0
 387    7720.00    7740.00  0.000000000000000E+00  0.000000000000000E+00 0
 388    7740.00    7760.00  0.000000000000000E+00  0.000000000000000E+00 0
 389    7760.00    7780.00  0.000000000000000E+00  0.000000000000000E+00 0
 390    7780.00    7800.00  0.000000000000000E+00  0.000000000000000E+00 0
 391    7800.00    7820.00  0.000000000000000E+00  0.000000000000000E+00 0
 392    7820.00    7840.00  0.000000000000000E+00  0.000000000000000E+00 0
 393    7840.00    7860.00  0.000000000000000E+00  0.000000000000000E+00 0
 394    7860.00    7880.00  0.000000000000000E+00  0.000000000000000E+00 0
 395    7880.00    7900.00  0.000000000000000E+00  0.000000000000000E+00 0
 396    7900.00    7920.00  0.000000000000000E+00  0.000000000000000E+00 0
 397    7920.00    7940.00  0.000000000000000E+00  0.000000000000000E+00 0
 398    7940.00    7960.00  0.000000000000000E+00  0.000000000000000E+00 0
 399    7960.00    7980.00  0.000000000000000E+00  0.000000000000000E+00 0
 400    7980.00    8000.00  0.000000000000000E+00  0.000000000000000E+00 0
 401    8000.00    8020.00  0.000000000000000E+00  0.000000000000000E+00 0
 402    8020.00    8040.00  0.000000000000000E+00  0.000000000000000E+00 0
 403    8040.00    8060.00  0.000000000000000E+00  0.000000000000000E+00 0
 404    8060.00    8080.00  0.000000000000000E+00  0.000000000000000E+00 0
 405    8080.00    8100.00  0.000000000000000E+00  0.000000000000000E+00 0
 406    8100.00    8120.00  0.000000000000000E+00  0.000000000000000E+00 0
 407    8120.00    8140.00  0.000000000000000E+00  0.000000000000000E+00 0
 408    8140.00    8160.00  0.000000000000000E+00  0.000000000000000E+00 0
 409    8160.00    8180.00  0.000000000000000E+00  0.000000000000000E+00 0
 410    8180.00    8200.00  0.000000000000000E+00  0.000000000000000E+00 0
 411    8200.00    8220.00  0.000000000000000E+00  0.000000000000000E+00 0
 412    8220.00    8240.00  0.000000000000000E+00  0.000000000000000E+00 0
 413    8240.00    8260.00  0.000000000000000E+00  0.000000000000000E+00 0
 414    8260.00    8280.00  0.000000000000000E+00  0.000000000000000E+00 0
 415    8280.00    8300.00  0.000000000000000E+00  0.000000000000000E+00 0
 416    8300.00    8320.00  0.000000000000000E+00  0.000000000000000E+00 0
 417    8320.00    8340.00  0.000000000000000E+00  0.000000000000000E+00 0
 418    8340.00    8360.00  0.000000000000000E+00  0.000000000000000E+00 0
 419    8360.00    8380.00  0.000000000000000E+00  0.000000000000000E+00 0
 420    8380.00    8400.00  0.000000000000000E+00  0.000000000000000E+00 0
 421    8400.00    8420.00  0.000000000000000E+00  0.000000000000000E+00 0
 422    8420.00    8440.00  0.000000000000000E+00  0.000000000000000E+00 0
 423    8440.00    8460.00  0.000000000000000E+00  0.000000000000000E+00 0
 424    8460.00    8480.00  0.000000000000000E+00  0.000000000000000E+00 0
 425    8480.00    8500.00  0.000000000000000E+00  0.000000000000000E+00 0
 426    8500.00    8520.00  0.000000000000000E+00  0.000000000000000E+00 0
 427    8520.00    8540.00  0.000000000000000E+00  0.000000000000000E+00 0
 428    8540.00    8560.00  0.000000000000000E+00  0.000000000000000E+00 0
 429    8560.00    8580.00  0.000000000000000E+00  0.000000000000000E+00 0
 430    8580.00    8600.00  0.000000000000000E+00  0.000000000000000E+00 0
 431    8600.00    8620.00  0.000000000000000E+00  0.000000000000000E+00 0
 432    8620.00    8640.00  0.000000000000000E+00  0.000000000000000E+00 0
 433    8640.00    8660.00  0.000000000000000E+00  0.000000000000000E+00 0
 434    8660.00    8680.00  0.000000000000000E+00  0.000000000000000E+00 0
 435    8680.00    8700.00  0.000000000000000E+00  0.000000000000000E+00 0
 436    8700.00    8720.00  0.000000000000000E+00  0.000000000000000E+00 0
 437    8720.00    8740.00  0.000000000000000E+00  0.000000000000000E+00 0
 438    8740.00    8760.00  0.000000000000000E+00  0.000000000000000E+00 0
 439    8760.00    8780.00  0.000000000000000E+00  0.000000000000000E+00 0
 440    8780.00    8800.00  0.000000000000000E+00  0.000000000000000E+00 0
 441    8800.00    8820.00  0.000000000000000E+00  0.000000000000000E+00 0
 442    8820.00    8840.00  0.000000000000000E+00  0.000000000000000E+00 0
 443    8840.00    8860.00  0.000000000000000E+00  0.000000000000000E+00 0
 444    8860.00    8880.00  0.000000000000000E+00  0.000000000000000E+00 0
 445    8880.00    8900.00  0.000000000000000E+00  0.000000000000000E+00 0
 446    8900.00    8920.00  0.000000000000000E+00  0.000000000000000E+00 0
 447    8920.00    8940.00  0.000000000000000E+00  0.000000000000000E+00 0
 448    8940.00    8960.00  0.000000000000000E+00  0.000000000000000E+00 0
 449    8960.00    8980.00  0.000000000000000E+00  0.000000000000000E+00 0
 450    8980.00    9000.00  0.000000000000000E+00  0.000000000000000E+00 0
 451    9000.00    9020.00  0.000000000000000E+00  0.000000000000000E+00 0
 452    9020.00    9040.00  0.000000000000000E+00  0.000000000000000E+00 0
 453    9040.00    9060.00  0.000000000000000E+00  0.000000000000000E+00 0
 454    9060.00    9080.00  0.000000000000000E+00  0.000000000000000E+00 0
 455    9080.00    9100.00  0.000000000000000E+00  0.000000000000000E+00 0
 456    9100.00    9120.00  0.000000000000000E+00  0.000000000000000E+00 0
 457    9120.00    9140.00  0.000000000000000E+00  0.000000000000000E+00 0
 458    9140.00    9160.00  0.000000000000000E+00  0.000000000000000E+00 0
 459    9160.00    9180.00  0.000000000000000E+00  0.000000000000000E+00 0
 460    9180.00    9200.00  0.000000000000000E+00  0.000000000000000E+00 0
 461    9200.00    9220.00  0.000000000000000E+00  0.000000000000000E+00 0
 462    9220.00    9240.00  0.000000000000000E+00  0.000000000000000E+00 0
 463    9240.00    9260.00  0.000000000000000E+00  0.000000000000000E+00 0
 464    9260.00    9280.00  0.000000000000000E+00  0.000000000000000E+00 0
 465    9280.00    9300.00  0.000000000000000E+00  0.000000000000000E+00 0
 466    9300.00    9320.00  0.000000000000000E+00  0.000000000000000E+00 0
 467    9320.00    9340.00  0.000000000000000E+00  0.000000000000000E+00 0
 468    9340.00    9360.00  0.000000000000000E+00  0.000000000000000E+00 0
 469    9360.00    9380.00  0.000000000000000E+00  0.000000000000000E+00 0
 470    9380.00    9400.00  0.000000000000000E+00  0.000000000000000E+00 0
 471    9400.00    9420.00  0.000000000000000E+00  0.000000000000000E+00 0
 472    9420.00    9440.00  0.000000000000000E+00  0.000000000000000E+00 0
 473    9440.00    9460.00  0.000000000000000E+00  0.000000000000000E+00 0
 474    9460.00    9480.00  0.000000000000000E+00  0.000000000000000E+00 0
 475    9480.00    9500.00  0.000000000000000E+00  0.000000000000000E+00 0
 476    9500.00    9520.00  0.000000000000000E+00  0.000000000000000E+00 0
 477    9520.00    9540.00  0.000000000000000E+00  0.000000000000000E+00 0
 478    9540.00    9560.00  0.000000000000000E+00  0.000000000000000E+00 0
 479    9560.00    9580.00  0.000000000000000E+00  0.000000000000000E+00 0
 480    9580.00    9600.00  0.000000000000000E+00  0.000000000000000E+00 0
 481    9600.00    9620.00  0.000000000000000E+00  0.000000000000000E+00 0
 482    9620.00    9640.00  0.000000000000000E+00  0.000000000000000E+00 0
 483    9640.00    9660.00  0.000000000000000E+00  0.000000000000000E+00 0
 484    9660.00    9680.00  0.000000000000000E+00  0.000000000000000E+00 0
 485    9680.00    9700.00  0.000000000000000E+00  0.000000000000000E+00 0
 486    9700.00    9720.00  0.000000000000000E+00  0.000000000000000E+00 0
 487    9720.00    9740.00  0.000000000000000E+00  0.000000000000000E+00 0
 488    9740.00    9760.00  0.000000000000000E+00  0.000000000000000E+00 0
 489    9760.00    9780.00  0.000000000000000E+00  0.000000000000000E+00 0
 490    9780.00    9800.00  0.000000000000000E+00  0.000000000000000E+00 0
 491    9800.00    9820.00  0.000000000000000E+00  0.000000000000000E+00 0
 492    9820.00    9840.00  0.000000000000000E+00  0.000000000000000E+00 0
 493    9840.00    9860.00  0.000000000000000E+00  0.000000000000000E+00 0
 494    9860.00    9880.00  0.000000000000000E+00  0.000000000000000E+00 0
 495    9880.00    9900.00  0.000000000000000E+00  0.000000000000000E+00 0
 496    9900.00    9920.00  0.000000000000000E+00  0.000000000000000E+00 0
 497    9920.00    9940.00  0.000000000000000E+00  0.000000000000000E+00 0
 498    9940.00    9960.00  0.000000000000000E+00  0.000000000000000E+00 0
 499    9960.00    9980.00  0.000000000000000E+00  0.000000000000000E+00 0
 500    9980.00   10000.00  0.000000000000000E+00  0.000000000000000E+00 0
 501   10000.00   10020.00  0.000000000000000E+00  0.000000000000000E+00 0
 502   10020.00   10040.00  0.000000000000000E+00  0.000000000000000E+00 0
 503   10040.00   10060.00  0.000000000000000E+00  0.000000000000000E+00 0
 504   10060.00   10080.00  0.000000000000000E+00  0.000000000000000E+00 0
 505   10080.00   10100.00  0.000000000000000E+00  0.000000000000000E+00 0
 506   10100.00   10120.00  0.000000000000000E+00  0.000000000000000E+00 0
 507   10120.00   10140.00  0.000000000000000E+00  0.000000000000000E+00 0
 508   10140.00   10160.00  0.000000000000000E+00  0.000000000000000E+00 0
 509   10160.00   10180.00  0.000000000000000E+00  0.000000000000000E+00 0
 510   10180.00   10200.00  0.000000000000000E+00  0.000000000000000E+00 0
 511   10200.00   10220.00  0.000000000000000E+00  0.000000000000000E+00 0
 512   10220.00   10240.00  0.000000000000000E+00  0.000000000000000E+00 0
 513   10240.00   10260.00  0.000000000000000E+00  0.000000000000000E+00 0
 514   10260.00   10280.00  0.000000000000000E+00  0.000000000000000E+00 0
 515   10280.00   10300.00  0.000000000000000E+00  0.000000000000000E+00 0
 516   10300.00   10320.00  0.000000000000000E+00  0.000000000000000E+00 0
 517   10320.00   10340.00  0.000000000000000E+00  0.000000000000000E+00 0
 518   10340.00   10360.00  0.000000000000000E+00  0.000000000000000E+00 0
 519   10360.00   10380.00  0.000000000000000E+00  0.000000000000000E+00 0
 520   10380.00   10400.00  0.000000000000000E+00  0.000000000000000E+00 0
 521   10400.00   10420.00  0.000000000000000E+00  0.000000000000000E+00 0
 522   10420.00   10440.00  0.000000000000000E+00  0.000000000000000E+00 0
 523   10440.00   10460.00  0.000000000000000E+00  0.000000000000000E+00 0
 524   10460.00   10480.00  0.000000000000000E+00  0.000000000000000E+00 0
 525   10480.00   10500.00  0.000000000000000E+00  0.000000000000000E+00 0
 526   10500.00   10520.00  0.000000000000000E+00  0.000000000000000E+00 0
 527   10520.00   10540.00  0.000000000000000E+00  0.000000000000000E+00 0
 528   10540.00   10560.00  0.000000000000000E+00  0.000000000000000E+00 0
 529   10560.00   10580.00  0.000000000000000E+00  0.000000000000000E+00 0
 530   10580.00   10600.00  0.000000000000000E+00  0.000000000000000E+00 0
 531   10600.00   10620.00  0.000000000000000E+00  0.000000000000000E+00 0
 532   10620.00   10640.00  0.000000000000000E+00  0.000000000000000E+00 0
 533   10640.00   10660.00  0.000000000000000E+00  0.000000000000000E+00 0
 534   10660.00   10680.00  0.000000000000000E+00  0.000000000000000E+00 0
 535   10680.00   10700.00  0.000000000000000E+00  0.000000000000000E+00 0
 536   10700.00   10720.00  0.000000000000000E+00  0.000000000000000E+00 0
 537   10720.00   10740.00  0.000000000000000E+00  0.000000000000000E+00 0
 538   10740.00   10760.00  0.000000000000000E+00  0.000000000000000E+00 0
 539   10760.00   10780.00  0.000000000000000E+00  0.000000000000000E+00 0
 540   10780.00   10800.00  0.000000000000000E+00  0.000000000000000E+00 0
 541   10800.00   10820.00  0.000000000000000E+00  0.000000000000000E+00 0
 542   10820.00   10840.00  0.000000000000000E+00  0.000000000000000E+00 0
 543   10840.00   10860.00  0.000000000000000E+00  0.000000000000000E+00 0
 544   10860.00   10880.00  0.000000000000000E+00  0.000000000000000E+00 0
 545   10880.00   10900.00  0.000000000000000E+00  0.000000000000000E+00 0
 546   10900.00   10920.00  0.000000000000000E+00  0.000000000000000E+00 0
 547   10920.00   10940.00  0.000000000000000E+00  0.000000000000000E+00 0
 548   10940.00   10960.00  0.000000000000000E+00  0.000000000000000E+00 0
 549   10960.00   10980.00  0.000000000000000E+00  0.000000000000000E+00 0
 550   10980.00   11000.00  0.000000000000000E+00  0.000000000000000E+00 0
 551   11000.00   11020.00  0.000000000000000E+00  0.000000000000000E+00 0
 552   11020.00   11040.00  0.000000000000000E+00  0.000000000000000E+00 0
 553   11040.00   11060.00  0.000000000000000E+00  0.000000000000000E+00 0
 554   11060.00   11080.00  0.000000000000000E+00  0.000000000000000E+00 0
 555   11080.00   11100.00  0.000000000000000E+00  0.000000000000000E+00 0
 556   11100.00   11120.00  0.000000000000000E+00  0.000000000000000E+00 0
 557   11120.00   11140.00  0.000000000000000E+00  0.000000000000000E+00 0
 558   11140.00   11160.00  0.000000000000000E+00  0.000000000000000E+00 0
 559   11160.00   11180.00  0.000000000000000E+00  0.000000000000000E+00 0
 560   11180.00   11200.00  0.000000000000000E+00  0.000000000000000E+00 0
 561   11200.00   11220.00  0.000000000000000E+00  0.000000000000000E+00 0
 562   11220.00   11240.00  0.000000000000000E+00  0.000000000000000E+00 0
 563   11240.00   11260.00  0.000000000000000E+00  0.000000000000000E+00 0
 564   11260.00   11280.00  0.000000000000000E+00  0.000000000000000E+00 0
 565   11280.00   11300.00  0.000000000000000E+00  0.000000000000000E+00 0
 566   11300.00   11320.00  0.000000000000000E+00  0.000000000000000E+00 0
 567   11320.00   11340.00  0.000000000000000E+00  0.000000000000000E+00 0
 568   11340.00   11360.00  0.000000000000000E+00  0.000000000000000E+00 0
 569   11360.00   11380.00  0.000000000000000E+00  0.000000000000000E+00 0
 570   11380.00   11400.00  0.000000000000000E+00  0.000000000000000E+00 0
 571   11400.00   11420.00  0.000000000000000E+00  0.000000000000000E+00 0
 572   11420.00   11440.00  0.000000000000000E+00  0.000000000000000E+00 0
 573   11440.00   11460.00  0.000000000000000E+00  0.000000000000000E+00 0
 574   11460.00   11480.00  0.000000000000000E+00  0.000000000000000E+00 0
 575   11480.00   11500.00  0.000000000000000E+00  0.000000000000000E+00 0
 576   11500.00   11520.00  0.000000000000000E+00  0.000000000000000E+00 0
 577   11520.00   11540.00  0.000000000000000E+00  0.000000000000000E+00 0
 578   11540.00   11560.00  0.000000000000000E+00  0.000000000000000E+00 0
 579   11560.00   11580.00  0.000000000000000E+00  0.000000000000000E+00 0
 580   11580.00   11600.00  0.000000000000000E+00  0.000000000000000E+00 0
 581   11600.00   11620.00  0.000000000000000E+00  0.000000000000000E+00 0
 582   11620.00   11640.00  0.000000000000000E+00  0.000000000000000E+00 0
 583   11640.00   11660.00  0.000000000000000E+00  0.000000000000000E+00 0
 584   11660.00   11680.00  0.000000000000000E+00  0.000000000000000E+00 0
 585   11680.00   11700.00  0.000000000000000E+00  0.000000000000000E+00 0
 586   11700.00   11720.00  0.000000000000000E+00  0.000000000000000E+00 0
 587   11720.00   11740.00  0.000000000000000E+00  0.000000000000000E+00 0
 588   11740.00   11760.00  0.000000000000000E+00  0.000000000000000E+00 0
 589   11760.00   11780.00  0.000000000000000E+00  0.000000000000000E+00 0
 590   11780.00   11800.00  0.000000000000000E+00  0.000000000000000E+00 0
 591   11800.00   11820.00  0.000000000000000E+00  0.000000000000000E+00 0
 592   11820.00   11840.00  0.000000000000000E+00  0.000000000000000E+00 0
 593   11840.00   11860.00  0.000000000000000E+00  0.000000000000000E+00 0
 594   11860.00   11880.00  0.000000000000000E+00  0.000000000000000E+00 0
 595   11880.00   11900.00  0.000000000000000E+00  0.000000000000000E+00 0
 596   11900.00   11920.00  0.000000000000000E+00  0.000000000000000E+00 0
 597   11920.00   11940.00  0.000000000000000E+00  0.000000000000000E+00 0
 598   11940.00   11960.00  0.000000000000000E+00  0.000000000000000E+00 0
 599   11960.00   11980.00  0.000000000000000E+00  0.000000000000000E+00 0
 600   11980.00   12000.00  0.000000000000000E+00  0.000000000000000E+00 0
 601   12000.00   12020.00  0.000000000000000E+00  0.000000000000000E+00 0
 602   12020.00   12040.00  0.000000000000000E+00  0.000000000000000E+00 0
 603   12040.00   12060.00  0.000000000000000E+00  0.000000000000000E+00 0
 604   12060.00   12080.00  0.000000000000000E+00  0.000000000000000E+00 0
 605   12080.00   12100.00  0.000000000000000E+00  0.000000000000000E+00 0
 606   12100.00   12120.00  0.000000000000000E+00  0.000000000000000E+00 0
 607   12120.00   12140.00  0.000000000000000E+00  0.000000000000000E+00 0
 608   12140.00   12160.00  0.000000000000000E+00  0.000000000000000E+00 0
 609   12160.00   12180.00  0.000000000000000E+00  0.000000000000000E+00 0
 610   12180.00   12200.00  0.000000000000000E+00  0.000000000000000E+00 0
 611   12200.00   12220.00  0.000000000000000E+00  0.000000000000000E+00 0
 612   12220.00   12240.00  0.000000000000000E+00  0.000000000000000E+00 0
 613   12240.00   12260.00  0.000000000000000E+00  0.000000000000000E+00 0
 614   12260.00   12280.00  0.000000000000000E+00  0.000000000000000E+00 0
 615   12280.00   12300.00  0.000000000000000E+00  0.000000000000000E+00 0
 616   12300.00   12320.00  0.000000000000000E+00  0.000000000000000E+00 0
 617   12320.00   12340.00  0.000000000000000E+00  0.000000000000000E+00 0
 618   12340.00   12360.00  0.000000000000000E+00  0.000000000000000E+00 0
 619   12360.00   12380.00  0.000000000000000E+00  0.000000000000000E+00 0
 620   12380.00   12400.00  0.000000000000000E+00  0.000000000000000E+00 0
 621   12400.00   12420.00  0.000000000000000E+00  0.000000000000000E+00 0
 622   12420.00   12440.00  0.000000000000000E+00  0.000000000000000E+00 0
 623   12440.00   12460.00  0.000000000000000E+00  0.000000000000000E+00 0
 624   12460.00   12480.00  0.000000000000000E+00  0.000000000000000E+00 0
 625   12480.00   12500.00  0.000000000000000E+00  0.000000000000000E+00 0
 626   12500.00   12520.00  0.000000000000000E+00  0.000000000000000E+00 0
 627   12520.00   12540.00  0.000000000000000E+00  0.000000000000000E+00 0
 628   12540.00   12560.00  0.000000000000000E+00  0.000000000000000E+00 0
 629   12560.00   12580.00  0.000000000000000E+00  0.000000000000000E+00 0
 630   12580.00   12600.00  0.000000000000000E+00  0.000000000000000E+00 0
 631   12600.00   12620.00  0.000000000000000E+00  0.000000000000000E+00 0
 632   12620.00   12640.00  0.000000000000000E+00  0.000000000000000E+00 0
 633   12640.00   12660.00  0.000000000000000E+00  0.000000000000000E+00 0
 634   12660.00   12680.00  0.000000000000000E+00  0.000000000000000E+00 0
 635   12680.00   12700.00  0.000000000000000E+00  0.000000000000000E+00 0
 636   12700.00   12720.00  0.000000000000000E+00  0.000000000000000E+00 0
 637   12720.00   12740.00  0.000000000000000E+00  0.000000000000000E+00 0
 638   12740.00   12760.00  0.000000000000000E+00  0.000000000000000E+00 0
 639   12760.00   12780.00  0.000000000000000E+00  0.000000000000000E+00 0
 640   12780.00   12800.00  0.000000000000000E+00  0.000000000000000E+00 0
 641   12800.00   12820.00  0.000000000000000E+00  0.000000000000000E+00 0
 642   12820.00   12840.00  0.000000000000000E+00  0.000000000000000E+00 0
 643   12840.00   12860.00  0.000000000000000E+00  0.000000000000000E+00 0
 644   12860.00   12880.00  0.000000000000000E+00  0.000000000000000E+00 0
 645   12880.00   12900.00  0.000000000000000E+00  0.000000000000000E+00 0
 646   12900.00   12920.00  0.000000000000000E+00  0.000000000000000E+00 0
 647   12920.00   12940.00  0.000000000000000E+00  0.000000000000000E+00 0
 648   12940.00   12960.00  0.000000000000000E+00  0.000000000000000E+00 0
 649   12960.00   12980.00  0.000000000000000E+00  0.000000000000000E+00 0
 650   12980.00   13000.00  0.000000000000000E+00  0.000000000000000E+00 0
# Underflow:                 0.0000000000000000E+00  0.0000000000000000E+00 0
# Overflow:                  0.0000000000000000E+00  0.0000000000000000E+00 0
#-------------------------------------------------------------------------------------
# Sum:                       1.0468648594316929E+00  3.4506621255605175E-04 107479000
#=====================================================================================
# Number of generated events: 3357351632
