# title = Transverse Momentum anti--Muon-Positron
# xlabel = $p_{\text{T},\mu^+\text{e}^+}\,$[GeV]
# ylabel = $\frac{\text{d}\sigma}{\text{d}p_{\text{T},\mu^+\text{e}^+}}\,\left[\frac{\text{fb}}{\text{GeV}}\right]$
# xmin=  0.000E+00
# xmax=  8.000E+02
# ymin=  1.000E-06
# ymax=  1.000E-02
# kmin= -5.000E+01
# kmax=  1.000E+01
# logscale = true
# Renormalization and factorization scale scaled by: 1.0000000000
# Renormalization scaled by: 1.0000000000
#
#
#=====================================================================================
# No.       Left      Right                   Value                   Error Hits
#-------------------------------------------------------------------------------------
   1       0.00      20.00  3.412819338693772E-03  2.569412215982012E-06 45520138
   2      20.00      40.00  8.360443060668792E-03  3.992692000074849E-06 112682877
   3      40.00      60.00  1.215897341665763E-02  4.737175125349165E-06 174316607
   4      60.00      80.00  1.268768723960392E-02  4.651281420645158E-06 192981516
   5      80.00     100.00  1.056975780686598E-02  4.089458524568720E-06 163212698
   6     100.00     120.00  7.968068267544983E-03  3.437107750226813E-06 133795150
   7     120.00     140.00  5.777523880501206E-03  2.823773882922888E-06 110838361
   8     140.00     160.00  4.159378196601611E-03  2.282118060663453E-06 92866025
   9     160.00     180.00  3.012483708367855E-03  1.867628881542323E-06 78619254
  10     180.00     200.00  2.209104840423070E-03  1.566122831456984E-06 67185902
  11     200.00     220.00  1.638564054908997E-03  1.250382464724575E-06 57861277
  12     220.00     240.00  1.231083332409353E-03  1.049456167411498E-06 50181601
  13     240.00     260.00  9.332742624531350E-04  8.664282174764850E-07 43770824
  14     260.00     280.00  7.142452591827921E-04  7.416849415398925E-07 38396722
  15     280.00     300.00  5.498211528181202E-04  6.137912249027493E-07 33855896
  16     300.00     320.00  4.264006503769065E-04  5.267405261031101E-07 29982818
  17     320.00     340.00  3.339406342629087E-04  4.436526853547680E-07 26688195
  18     340.00     360.00  2.619849902911380E-04  3.728351310335754E-07 23840515
  19     360.00     380.00  2.073580557181454E-04  3.164023618452927E-07 21380003
  20     380.00     400.00  1.657531286567242E-04  3.010232713457231E-07 19242288
  21     400.00     420.00  1.323845226003648E-04  2.324087918076718E-07 17369921
  22     420.00     440.00  1.062731025224517E-04  2.035108967456308E-07 15734214
  23     440.00     460.00  8.571962837718751E-05  1.792928372360116E-07 14280583
  24     460.00     480.00  6.965237754393201E-05  1.499934550670196E-07 12996887
  25     480.00     500.00  5.675726130543095E-05  1.336770501876391E-07 11856560
  26     500.00     520.00  4.627361171939198E-05  1.119774144659012E-07 10850890
  27     520.00     540.00  3.806339436435873E-05  1.034226595920305E-07 9932165
  28     540.00     560.00  3.153069594590671E-05  8.983083141554379E-08 9124911
  29     560.00     580.00  2.584934822815087E-05  7.790483082144101E-08 8391647
  30     580.00     600.00  2.155795997571888E-05  7.597679541678643E-08 7728601
  31     600.00     620.00  1.783556835306077E-05  5.759420217536662E-08 7128348
  32     620.00     640.00  1.502073964755341E-05  5.377360201704936E-08 6594323
  33     640.00     660.00  1.249110148401738E-05  4.794834293648001E-08 6100577
  34     660.00     680.00  1.047071932339257E-05  4.138162170874510E-08 5657708
  35     680.00     700.00  8.762657884571569E-06  3.779718639742846E-08 5242022
  36     700.00     720.00  7.430482507407218E-06  4.325455512108185E-08 4870924
  37     720.00     740.00  6.219542489709631E-06  2.676316640903160E-08 4532960
  38     740.00     760.00  5.275850646761709E-06  2.477970731631962E-08 4220528
  39     760.00     780.00  4.444233631908310E-06  2.136696617543947E-08 3937251
  40     780.00     800.00  3.786835415749050E-06  2.062682077338735E-08 3671883
  41     800.00     820.00  3.198991320138658E-06  1.636411406353174E-08 3429878
  42     820.00     840.00  2.765108287624655E-06  2.483658793837041E-08 3206778
  43     840.00     860.00  2.367879299079944E-06  1.588644561142423E-08 3001744
  44     860.00     880.00  2.009770685047911E-06  1.182484142573130E-08 2810823
  45     880.00     900.00  1.718644184436655E-06  1.071403828009426E-08 2634140
  46     900.00     920.00  1.454504462263576E-06  9.890744028557782E-09 2468227
  47     920.00     940.00  1.264689057850656E-06  8.533535048011868E-09 2321540
  48     940.00     960.00  1.083127890361847E-06  7.823177078924393E-09 2178526
  49     960.00     980.00  9.329694393869826E-07  7.172150746076421E-09 2047498
  50     980.00    1000.00  8.002620617293732E-07  5.823192718058974E-09 1925458
  51    1000.00    1020.00  6.988813875889156E-07  6.091812445799888E-09 1813135
  52    1020.00    1040.00  5.942170624363393E-07  4.780233205889603E-09 1706023
  53    1040.00    1060.00  5.137653834580651E-07  4.233953369305544E-09 1609670
  54    1060.00    1080.00  4.470278803637438E-07  4.360357278688865E-09 1519091
  55    1080.00    1100.00  3.875367354618778E-07  3.671070582585273E-09 1432120
  56    1100.00    1120.00  3.351350408166389E-07  3.210098019661761E-09 1353256
  57    1120.00    1140.00  2.911813560038925E-07  4.155446880777548E-09 1276059
  58    1140.00    1160.00  2.544486951900311E-07  3.057229425621578E-09 1204963
  59    1160.00    1180.00  2.244786165493047E-07  3.106476140996384E-09 1139502
  60    1180.00    1200.00  1.956193643435986E-07  3.364118707722797E-09 1080479
  61    1200.00    1220.00  1.678620382516144E-07  1.951140966897980E-09 1021708
  62    1220.00    1240.00  1.455746037265161E-07  2.818310003489738E-09 967548
  63    1240.00    1260.00  1.270918911646073E-07  1.620017726358322E-09 917439
  64    1260.00    1280.00  1.158347963209689E-07  1.938215902801338E-09 867740
  65    1280.00    1300.00  9.614451915602820E-08  1.197690741634210E-09 822709
  66    1300.00    1320.00  8.245225471853780E-08  1.006895637081011E-09 779644
  67    1320.00    1340.00  7.558833740927220E-08  1.374625901060274E-09 739196
  68    1340.00    1360.00  6.637227427697208E-08  2.258633507941493E-09 702133
  69    1360.00    1380.00  5.912948213322333E-08  8.825340804662602E-10 666331
  70    1380.00    1400.00  5.193249098289369E-08  1.372129694829056E-09 634000
  71    1400.00    1420.00  4.469919833723438E-08  7.611304068891430E-10 600803
  72    1420.00    1440.00  3.784387730650312E-08  5.943702601159422E-10 571183
  73    1440.00    1460.00  3.260320640947278E-08  5.473792238501212E-10 542778
  74    1460.00    1480.00  2.988817381623741E-08  5.288405324850580E-10 515432
  75    1480.00    1500.00  2.564785339584309E-08  6.507944796652674E-10 489887
  76    1500.00    1520.00  2.251181528946391E-08  5.925130212801595E-10 467605
  77    1520.00    1540.00  2.002195018807113E-08  4.527076855693372E-10 445070
  78    1540.00    1560.00  1.692047269496522E-08  2.963796104778869E-10 423308
  79    1560.00    1580.00  1.547044701301207E-08  4.418387480241744E-10 402976
  80    1580.00    1600.00  1.401683999975227E-08  2.986583910139529E-10 384014
  81    1600.00    1620.00  1.228134931066351E-08  2.780764978572596E-10 364739
  82    1620.00    1640.00  1.041255887041236E-08  2.153579468833161E-10 347575
  83    1640.00    1660.00  9.187037916091626E-09  2.014926610178763E-10 330970
  84    1660.00    1680.00  8.294687609488278E-09  2.071577420429240E-10 315262
  85    1680.00    1700.00  7.185553460467709E-09  1.631867307463422E-10 301555
  86    1700.00    1720.00  6.451389314281426E-09  1.485997945482618E-10 286912
  87    1720.00    1740.00  5.533346382155367E-09  1.314938680139643E-10 273802
  88    1740.00    1760.00  4.989827445997573E-09  1.257290402188718E-10 260837
  89    1760.00    1780.00  4.370406641585476E-09  1.140899074101011E-10 249330
  90    1780.00    1800.00  3.892359887202696E-09  1.357260702976015E-10 237431
  91    1800.00    1820.00  3.309808088527031E-09  9.419901692282715E-11 225935
  92    1820.00    1840.00  2.954896837093200E-09  8.655522004539923E-11 216485
  93    1840.00    1860.00  2.491230869571437E-09  6.532622544474135E-11 205928
  94    1860.00    1880.00  2.338018435053025E-09  6.376918391751674E-11 196932
  95    1880.00    1900.00  2.096197242847956E-09  7.316514195164378E-11 187854
  96    1900.00    1920.00  1.826286472167492E-09  5.278634679911580E-11 179894
  97    1920.00    1940.00  1.536097605636666E-09  5.539915560339715E-11 171355
  98    1940.00    1960.00  1.535263435141811E-09  5.279894576285044E-11 164135
  99    1960.00    1980.00  1.299637888349875E-09  5.476290767889861E-11 156341
 100    1980.00    2000.00  1.098069055076801E-09  3.490655699065817E-11 149960
 101    2000.00    2020.00  9.534407112396745E-10  3.244584965443144E-11 142750
 102    2020.00    2040.00  8.486428591968949E-10  3.041907143756921E-11 137087
 103    2040.00    2060.00  7.724997162556155E-10  3.130733784176838E-11 130832
 104    2060.00    2080.00  6.645193372128874E-10  2.610843049319385E-11 124445
 105    2080.00    2100.00  6.104437687924941E-10  2.382935815559960E-11 119597
 106    2100.00    2120.00  5.595488970843438E-10  2.458445583353965E-11 114254
 107    2120.00    2140.00  4.710362727921334E-10  1.876310604623075E-11 108984
 108    2140.00    2160.00  4.073306314532646E-10  1.866875973225555E-11 103881
 109    2160.00    2180.00  3.726078187104585E-10  1.671118890789418E-11 100112
 110    2180.00    2200.00  3.503685774115569E-10  1.394395488865103E-11 95571
 111    2200.00    2220.00  2.931327269098152E-10  1.198620690846152E-11 91268
 112    2220.00    2240.00  2.677615922319907E-10  1.169459098954065E-11 87287
 113    2240.00    2260.00  2.323121431417901E-10  1.121842276070082E-11 83356
 114    2260.00    2280.00  2.025376262201875E-10  1.004800442100240E-11 79975
 115    2280.00    2300.00  1.937240624285496E-10  1.202046475412320E-11 76235
 116    2300.00    2320.00  1.609783523894974E-10  8.584919486867525E-12 72890
 117    2320.00    2340.00  1.403844527688903E-10  6.855612218778539E-12 69577
 118    2340.00    2360.00  1.343853166475197E-10  5.869610292771312E-12 66426
 119    2360.00    2380.00  1.232437042400833E-10  7.060991240354558E-12 63858
 120    2380.00    2400.00  1.030975546027373E-10  5.561711177058495E-12 61283
 121    2400.00    2420.00  8.635935450659327E-11  4.118202388557326E-12 58387
 122    2420.00    2440.00  7.841209143972518E-11  4.013393721241328E-12 56228
 123    2440.00    2460.00  6.911179578803352E-11  3.798253650874818E-12 53703
 124    2460.00    2480.00  6.316985208065991E-11  3.973605507387172E-12 50992
 125    2480.00    2500.00  5.586921860657554E-11  3.120849267250880E-12 48433
 126    2500.00    2520.00  5.197228828100826E-11  4.465215967666888E-12 47166
 127    2520.00    2540.00  5.324857298686553E-11  5.652035391323417E-12 45338
 128    2540.00    2560.00  3.720678656796171E-11  2.564103140007859E-12 43102
 129    2560.00    2580.00  3.161083878317445E-11  1.892241555498782E-12 41509
 130    2580.00    2600.00  3.070233363238088E-11  1.878914592684216E-12 39522
 131    2600.00    2620.00  2.643525089923629E-11  2.171847397960884E-12 37814
 132    2620.00    2640.00  2.285529014798298E-11  1.622521857392042E-12 36043
 133    2640.00    2660.00  2.123738447844507E-11  2.116305427604598E-12 34973
 134    2660.00    2680.00  1.507848165919407E-11  1.189537767714753E-12 33343
 135    2680.00    2700.00  1.734859924490176E-11  1.079959562168564E-12 31593
 136    2700.00    2720.00  1.586109816120427E-11  1.553159233038101E-12 30241
 137    2720.00    2740.00  1.445565761648359E-11  1.028043050750878E-12 29381
 138    2740.00    2760.00  1.171767133819197E-11  9.584196975769756E-13 28110
 139    2760.00    2780.00  1.058500403297836E-11  8.759858415378289E-13 26449
 140    2780.00    2800.00  1.034877346970222E-11  1.056827677750131E-12 25446
 141    2800.00    2820.00  8.680305716259855E-12  6.683097725228100E-13 24146
 142    2820.00    2840.00  7.696275683588861E-12  5.924039296558434E-13 23508
 143    2840.00    2860.00  6.312669128362579E-12  4.877341543298491E-13 22574
 144    2860.00    2880.00  5.552819059341630E-12  4.633087933398719E-13 21543
 145    2880.00    2900.00  6.077504546658906E-12  5.435001129403739E-13 20562
 146    2900.00    2920.00  5.022418885802145E-12  4.408155460435487E-13 19620
 147    2920.00    2940.00  4.554895577817136E-12  4.116265197096948E-13 18766
 148    2940.00    2960.00  3.344968369360286E-12  2.968485144482514E-13 17897
 149    2960.00    2980.00  2.891411143552333E-12  4.040592350230781E-13 17063
 150    2980.00    3000.00  2.609689409535829E-12  5.918926376417895E-13 16313
 151    3000.00    3020.00  2.961695864355830E-12  3.033436707424067E-13 15694
 152    3020.00    3040.00  2.485622592015629E-12  3.513538223527396E-13 15071
 153    3040.00    3060.00  2.006418594002405E-12  1.821273879058171E-13 14302
 154    3060.00    3080.00  1.892929776772152E-12  2.207295819139697E-13 13908
 155    3080.00    3100.00  1.684190248501076E-12  1.656295502047642E-13 13257
 156    3100.00    3120.00  1.338265358764119E-12  1.547266609032823E-13 12745
 157    3120.00    3140.00  1.248150445934112E-12  1.831799791444079E-13 12064
 158    3140.00    3160.00  1.194373829916962E-12  1.520822618196191E-13 11668
 159    3160.00    3180.00  1.373077396011139E-12  1.754224121230261E-13 11046
 160    3180.00    3200.00  9.277869052582986E-13  1.252545719795793E-13 10526
 161    3200.00    3220.00  1.903706854711874E-12  1.188897508075315E-12 10172
 162    3220.00    3240.00  8.579451071906029E-13  1.707679340419420E-13 9770
 163    3240.00    3260.00  8.540380565918380E-13  1.538818366711188E-13 9374
 164    3260.00    3280.00  5.670132295611430E-13  6.030218378460146E-14 8826
 165    3280.00    3300.00  5.029898367432086E-13  6.322473758268405E-14 8436
 166    3300.00    3320.00  5.175996289662433E-13  6.858641865752553E-14 8085
 167    3320.00    3340.00  4.003874758863610E-13  4.935220168206489E-14 7870
 168    3340.00    3360.00  3.771204165113131E-13  5.657744118341256E-14 7368
 169    3360.00    3380.00  3.179902587080396E-13  6.094605476315109E-14 7156
 170    3380.00    3400.00  3.878077235477580E-13  5.720876477681317E-14 6722
 171    3400.00    3420.00  2.994792702910105E-13  4.498997799472625E-14 6430
 172    3420.00    3440.00  2.629390930522762E-13  3.199683051848557E-14 6260
 173    3440.00    3460.00  2.078989081541308E-13  2.816394724263203E-14 5821
 174    3460.00    3480.00  1.380451901315805E-13  2.534194938577623E-14 5655
 175    3480.00    3500.00  2.175734814538975E-13  5.262383469983843E-14 5352
 176    3500.00    3520.00  1.480562239250493E-13  2.030584722339036E-14 5150
 177    3520.00    3540.00  8.136956890076609E-14  1.557855929573184E-14 4928
 178    3540.00    3560.00  8.700795414200947E-14  2.268141763071752E-14 4661
 179    3560.00    3580.00  1.136199040878032E-13  2.875769627175659E-14 4526
 180    3580.00    3600.00  8.494827626310410E-14  1.829591858818020E-14 4125
 181    3600.00    3620.00  8.018514828693558E-14  1.285061747173938E-14 4129
 182    3620.00    3640.00  8.676562538707883E-14  1.687285174883061E-14 3858
 183    3640.00    3660.00  6.017580675725838E-14  1.869713613544925E-14 3732
 184    3660.00    3680.00  7.225127315769913E-14  1.832924010099414E-14 3562
 185    3680.00    3700.00  6.898865136465194E-14  2.142707205596735E-14 3383
 186    3700.00    3720.00  4.784391044846109E-14  9.092534077465759E-15 3244
 187    3720.00    3740.00  6.820685854762091E-14  1.609487122849767E-14 3062
 188    3740.00    3760.00  4.077181469148577E-14  1.673976118926836E-14 3054
 189    3760.00    3780.00  2.826521605709531E-14  5.603104142308639E-15 2859
 190    3780.00    3800.00  4.148281065276749E-14  9.022708266343608E-15 2676
 191    3800.00    3820.00  3.336527850588017E-14  6.535292631421773E-15 2562
 192    3820.00    3840.00  2.950786766571062E-14  9.275192588872183E-15 2392
 193    3840.00    3860.00  2.339491770222041E-14  5.900694563918973E-15 2338
 194    3860.00    3880.00  1.726006868001440E-14  4.283344554307027E-15 2173
 195    3880.00    3900.00  1.513586845554852E-14  3.696583589411413E-15 2070
 196    3900.00    3920.00  1.446806025118427E-14  3.379865939977950E-15 2006
 197    3920.00    3940.00  1.853460846881817E-14  3.716948300016701E-15 1867
 198    3940.00    3960.00  1.543717198735604E-14  5.092439653172168E-15 1755
 199    3960.00    3980.00  8.667541666006423E-15  1.655970953931536E-15 1793
 200    3980.00    4000.00  6.396634853966469E-15  2.184589585684005E-15 1583
 201    4000.00    4020.00  6.290165793027654E-15  1.420665543472536E-15 1594
 202    4020.00    4040.00  5.315432102993838E-15  1.133864582753755E-15 1378
 203    4040.00    4060.00  6.839122335401123E-15  1.742590830251591E-15 1380
 204    4060.00    4080.00  5.202298285626161E-15  1.779707485915785E-15 1303
 205    4080.00    4100.00  7.342885997098818E-15  2.512901678242451E-15 1311
 206    4100.00    4120.00  6.720262527657565E-15  5.208201875305801E-15 1170
 207    4120.00    4140.00  8.886657576405247E-15  2.350929659082181E-15 1169
 208    4140.00    4160.00  6.981073834590974E-15  3.089668421518809E-15 1088
 209    4160.00    4180.00  3.850933495283556E-15  1.835203219779982E-15 1070
 210    4180.00    4200.00  2.577794865682789E-15  7.931557833769172E-16 998
 211    4200.00    4220.00  2.495616834674915E-15  7.242174027297427E-16 939
 212    4220.00    4240.00  1.342751907107888E-15  4.752233604554280E-16 899
 213    4240.00    4260.00  3.281183746592856E-15  1.152222582694096E-15 801
 214    4260.00    4280.00  1.140704744355121E-15  5.222481016425272E-16 779
 215    4280.00    4300.00  1.457734829533413E-15  5.088628367622924E-16 786
 216    4300.00    4320.00  1.569299089937774E-15  6.706033896217263E-16 673
 217    4320.00    4340.00  1.011915228220043E-15  5.319887816255263E-16 672
 218    4340.00    4360.00  2.446654704877356E-15  1.146364659788252E-15 643
 219    4360.00    4380.00  4.948001520765511E-16  1.521079031728947E-16 610
 220    4380.00    4400.00  3.131016390437303E-16  5.285183511552084E-16 602
 221    4400.00    4420.00  7.250435222027302E-16  3.057175687998532E-16 537
 222    4420.00    4440.00  5.872694657117631E-16  2.823318156804423E-16 499
 223    4440.00    4460.00  1.685231278464583E-16  2.985479567615272E-16 496
 224    4460.00    4480.00  9.344328471669437E-16  4.540690422128540E-16 449
 225    4480.00    4500.00  6.260757138980307E-16  2.870275790763779E-16 407
 226    4500.00    4520.00  2.384961447028370E-16  1.332170714887394E-16 432
 227    4520.00    4540.00  9.611671890067043E-16  7.266470151081370E-16 351
 228    4540.00    4560.00  3.457311152919030E-16  2.243019263085670E-16 337
 229    4560.00    4580.00  5.637678409016209E-17  6.490539610628726E-17 324
 230    4580.00    4600.00  1.235542413458585E-16  6.925088585130681E-17 337
 231    4600.00    4620.00  5.832221649457408E-17  6.790277682398473E-17 317
 232    4620.00    4640.00  8.223407190152872E-17  6.980147914428614E-17 252
 233    4640.00    4660.00 -5.845349759741016E-18  6.676500364270853E-17 254
 234    4660.00    4680.00  1.212225746164461E-16  9.161236176842719E-17 255
 235    4680.00    4700.00  1.006786655021350E-16  6.286344014269267E-17 243
 236    4700.00    4720.00  7.256698357587395E-17  5.816827666842626E-17 219
 237    4720.00    4740.00  6.862161701010573E-17  3.132653156702765E-17 198
 238    4740.00    4760.00  4.750067586881865E-18  1.841008182549495E-17 171
 239    4760.00    4780.00  4.371940249375325E-17  3.562563234700025E-17 171
 240    4780.00    4800.00 -1.541222390591881E-18  6.721566291588274E-18 145
 241    4800.00    4820.00  1.783998720339285E-17  1.795194734546932E-17 156
 242    4820.00    4840.00 -1.475733540215123E-16  1.223400721633636E-16 154
 243    4840.00    4860.00  1.702794323494981E-17  9.445587798818524E-18 135
 244    4860.00    4880.00  4.472523692946581E-17  3.365527703195034E-17 136
 245    4880.00    4900.00  7.666185419085804E-17  7.830784089533628E-17 103
 246    4900.00    4920.00  3.883700439294489E-17  3.394556820434119E-17 109
 247    4920.00    4940.00  3.475550573849954E-18  4.182931596724496E-18 105
 248    4940.00    4960.00  1.325466021194615E-17  2.186256985234512E-17 98
 249    4960.00    4980.00  8.113927625398387E-18  6.936039569709209E-18 75
 250    4980.00    5000.00  8.044651721073651E-18  4.863604628362847E-18 77
 251    5000.00    5020.00  3.535193655578067E-18  1.912298814587254E-18 83
 252    5020.00    5040.00  3.789553103014683E-17  3.494281758669888E-17 74
 253    5040.00    5060.00  1.401229341212589E-18  3.649120666239440E-18 68
 254    5060.00    5080.00  1.041839001656126E-17  9.189381882359026E-18 57
 255    5080.00    5100.00 -3.950260276817495E-19  1.168064925606331E-18 46
 256    5100.00    5120.00 -6.385437797847933E-18  5.035946738550439E-18 52
 257    5120.00    5140.00  4.128762561853443E-18  2.471498386450620E-18 51
 258    5140.00    5160.00  3.858192372565889E-18  3.793275183761444E-18 37
 259    5160.00    5180.00  4.950413437513178E-19  1.789066242695684E-18 39
 260    5180.00    5200.00 -3.442743208655027E-18  3.407607823882207E-18 36
 261    5200.00    5220.00  2.734205506636337E-19  2.838317394032886E-19 37
 262    5220.00    5240.00 -6.348490283131788E-19  4.446405710909054E-19 34
 263    5240.00    5260.00  8.566545545045129E-18  8.680965359579621E-18 33
 264    5260.00    5280.00  7.933410037268928E-19  2.038389047184251E-18 16
 265    5280.00    5300.00 -5.230948007294921E-19  4.609967259417383E-19 29
 266    5300.00    5320.00  1.335745450583558E-19  1.657196431570936E-19 19
 267    5320.00    5340.00 -5.488432896723400E-18  5.488151650341740E-18 14
 268    5340.00    5360.00 -4.299569756779372E-19  5.140136884956083E-19 18
 269    5360.00    5380.00  6.588834535682643E-18  4.690343844040852E-18 16
 270    5380.00    5400.00 -5.465930029515628E-20  3.872779796139070E-20 11
 271    5400.00    5420.00  1.665886342918242E-18  1.046362599330589E-18 16
 272    5420.00    5440.00  1.438629050478295E-21  1.161144758872612E-20 12
 273    5440.00    5460.00 -6.802035433813375E-20  6.786514308427315E-20 13
 274    5460.00    5480.00  2.270716644259933E-21  2.529955582586357E-20 9
 275    5480.00    5500.00  2.030440813953869E-22  1.207846710098467E-21 8
 276    5500.00    5520.00 -9.912259399277321E-20  1.005336318024346E-19 3
 277    5520.00    5540.00  3.440187609690701E-19  3.458534833602880E-19 5
 278    5540.00    5560.00  3.669574796844148E-20  3.828501382282039E-20 4
 279    5560.00    5580.00 -7.531413622655762E-20  7.830552524355594E-20 7
 280    5580.00    5600.00 -1.595387354865914E-21  1.774192728746480E-21 6
 281    5600.00    5620.00  4.597378201297067E-25  8.388877503245373E-25 4
 282    5620.00    5640.00 -6.639259037473335E-19  6.325595127325232E-19 6
 283    5640.00    5660.00 -1.762851493496270E-23  1.292271887563533E-23 2
 284    5660.00    5680.00 -3.828007055309026E-26  3.828007054673296E-26 1
 285    5680.00    5700.00  0.000000000000000E+00  0.000000000000000E+00 0
 286    5700.00    5720.00  1.176072810089452E-20  1.176072257614149E-20 2
 287    5720.00    5740.00 -9.525827481594772E-26  9.525827479732983E-26 1
 288    5740.00    5760.00  9.760756122015334E-22  1.006303728085676E-21 4
 289    5760.00    5780.00  0.000000000000000E+00  0.000000000000000E+00 0
 290    5780.00    5800.00  0.000000000000000E+00  0.000000000000000E+00 0
 291    5800.00    5820.00  0.000000000000000E+00  0.000000000000000E+00 0
 292    5820.00    5840.00  0.000000000000000E+00  0.000000000000000E+00 0
 293    5840.00    5860.00  9.003168888250018E-22  9.029916984241757E-22 2
 294    5860.00    5880.00  0.000000000000000E+00  0.000000000000000E+00 0
 295    5880.00    5900.00 -5.736076179823216E-24  5.736076178851003E-24 1
 296    5900.00    5920.00  0.000000000000000E+00  0.000000000000000E+00 0
 297    5920.00    5940.00  0.000000000000000E+00  0.000000000000000E+00 0
 298    5940.00    5960.00 -1.023636946256975E-23  1.023636945869500E-23 1
 299    5960.00    5980.00  0.000000000000000E+00  0.000000000000000E+00 0
 300    5980.00    6000.00  1.594094518750055E-26  1.594094518646932E-26 1
 301    6000.00    6020.00  0.000000000000000E+00  0.000000000000000E+00 0
 302    6020.00    6040.00  0.000000000000000E+00  0.000000000000000E+00 0
 303    6040.00    6060.00  0.000000000000000E+00  0.000000000000000E+00 0
 304    6060.00    6080.00  0.000000000000000E+00  0.000000000000000E+00 0
 305    6080.00    6100.00  0.000000000000000E+00  0.000000000000000E+00 0
 306    6100.00    6120.00  0.000000000000000E+00  0.000000000000000E+00 0
 307    6120.00    6140.00  0.000000000000000E+00  0.000000000000000E+00 0
 308    6140.00    6160.00  0.000000000000000E+00  0.000000000000000E+00 0
 309    6160.00    6180.00  0.000000000000000E+00  0.000000000000000E+00 0
 310    6180.00    6200.00  0.000000000000000E+00  0.000000000000000E+00 0
 311    6200.00    6220.00  0.000000000000000E+00  0.000000000000000E+00 0
 312    6220.00    6240.00  0.000000000000000E+00  0.000000000000000E+00 0
 313    6240.00    6260.00  0.000000000000000E+00  0.000000000000000E+00 0
 314    6260.00    6280.00  0.000000000000000E+00  0.000000000000000E+00 0
 315    6280.00    6300.00  0.000000000000000E+00  0.000000000000000E+00 0
 316    6300.00    6320.00  0.000000000000000E+00  0.000000000000000E+00 0
 317    6320.00    6340.00  0.000000000000000E+00  0.000000000000000E+00 0
 318    6340.00    6360.00  0.000000000000000E+00  0.000000000000000E+00 0
 319    6360.00    6380.00  0.000000000000000E+00  0.000000000000000E+00 0
 320    6380.00    6400.00  0.000000000000000E+00  0.000000000000000E+00 0
 321    6400.00    6420.00  0.000000000000000E+00  0.000000000000000E+00 0
 322    6420.00    6440.00  0.000000000000000E+00  0.000000000000000E+00 0
 323    6440.00    6460.00  0.000000000000000E+00  0.000000000000000E+00 0
 324    6460.00    6480.00  0.000000000000000E+00  0.000000000000000E+00 0
 325    6480.00    6500.00  0.000000000000000E+00  0.000000000000000E+00 0
 326    6500.00    6520.00  0.000000000000000E+00  0.000000000000000E+00 0
 327    6520.00    6540.00  0.000000000000000E+00  0.000000000000000E+00 0
 328    6540.00    6560.00  0.000000000000000E+00  0.000000000000000E+00 0
 329    6560.00    6580.00  0.000000000000000E+00  0.000000000000000E+00 0
 330    6580.00    6600.00  0.000000000000000E+00  0.000000000000000E+00 0
 331    6600.00    6620.00  0.000000000000000E+00  0.000000000000000E+00 0
 332    6620.00    6640.00  0.000000000000000E+00  0.000000000000000E+00 0
 333    6640.00    6660.00  0.000000000000000E+00  0.000000000000000E+00 0
 334    6660.00    6680.00  0.000000000000000E+00  0.000000000000000E+00 0
 335    6680.00    6700.00  0.000000000000000E+00  0.000000000000000E+00 0
 336    6700.00    6720.00  0.000000000000000E+00  0.000000000000000E+00 0
 337    6720.00    6740.00  0.000000000000000E+00  0.000000000000000E+00 0
 338    6740.00    6760.00  0.000000000000000E+00  0.000000000000000E+00 0
 339    6760.00    6780.00  0.000000000000000E+00  0.000000000000000E+00 0
 340    6780.00    6800.00  0.000000000000000E+00  0.000000000000000E+00 0
 341    6800.00    6820.00  0.000000000000000E+00  0.000000000000000E+00 0
 342    6820.00    6840.00  0.000000000000000E+00  0.000000000000000E+00 0
 343    6840.00    6860.00  0.000000000000000E+00  0.000000000000000E+00 0
 344    6860.00    6880.00  0.000000000000000E+00  0.000000000000000E+00 0
 345    6880.00    6900.00  0.000000000000000E+00  0.000000000000000E+00 0
 346    6900.00    6920.00  0.000000000000000E+00  0.000000000000000E+00 0
 347    6920.00    6940.00  0.000000000000000E+00  0.000000000000000E+00 0
 348    6940.00    6960.00  0.000000000000000E+00  0.000000000000000E+00 0
 349    6960.00    6980.00  0.000000000000000E+00  0.000000000000000E+00 0
 350    6980.00    7000.00  0.000000000000000E+00  0.000000000000000E+00 0
 351    7000.00    7020.00  0.000000000000000E+00  0.000000000000000E+00 0
 352    7020.00    7040.00  0.000000000000000E+00  0.000000000000000E+00 0
 353    7040.00    7060.00  0.000000000000000E+00  0.000000000000000E+00 0
 354    7060.00    7080.00  0.000000000000000E+00  0.000000000000000E+00 0
 355    7080.00    7100.00  0.000000000000000E+00  0.000000000000000E+00 0
 356    7100.00    7120.00  0.000000000000000E+00  0.000000000000000E+00 0
 357    7120.00    7140.00  0.000000000000000E+00  0.000000000000000E+00 0
 358    7140.00    7160.00  0.000000000000000E+00  0.000000000000000E+00 0
 359    7160.00    7180.00  0.000000000000000E+00  0.000000000000000E+00 0
 360    7180.00    7200.00  0.000000000000000E+00  0.000000000000000E+00 0
 361    7200.00    7220.00  0.000000000000000E+00  0.000000000000000E+00 0
 362    7220.00    7240.00  0.000000000000000E+00  0.000000000000000E+00 0
 363    7240.00    7260.00  0.000000000000000E+00  0.000000000000000E+00 0
 364    7260.00    7280.00  0.000000000000000E+00  0.000000000000000E+00 0
 365    7280.00    7300.00  0.000000000000000E+00  0.000000000000000E+00 0
 366    7300.00    7320.00  0.000000000000000E+00  0.000000000000000E+00 0
 367    7320.00    7340.00  0.000000000000000E+00  0.000000000000000E+00 0
 368    7340.00    7360.00  0.000000000000000E+00  0.000000000000000E+00 0
 369    7360.00    7380.00  0.000000000000000E+00  0.000000000000000E+00 0
 370    7380.00    7400.00  0.000000000000000E+00  0.000000000000000E+00 0
 371    7400.00    7420.00  0.000000000000000E+00  0.000000000000000E+00 0
 372    7420.00    7440.00  0.000000000000000E+00  0.000000000000000E+00 0
 373    7440.00    7460.00  0.000000000000000E+00  0.000000000000000E+00 0
 374    7460.00    7480.00  0.000000000000000E+00  0.000000000000000E+00 0
 375    7480.00    7500.00  0.000000000000000E+00  0.000000000000000E+00 0
 376    7500.00    7520.00  0.000000000000000E+00  0.000000000000000E+00 0
 377    7520.00    7540.00  0.000000000000000E+00  0.000000000000000E+00 0
 378    7540.00    7560.00  0.000000000000000E+00  0.000000000000000E+00 0
 379    7560.00    7580.00  0.000000000000000E+00  0.000000000000000E+00 0
 380    7580.00    7600.00  0.000000000000000E+00  0.000000000000000E+00 0
 381    7600.00    7620.00  0.000000000000000E+00  0.000000000000000E+00 0
 382    7620.00    7640.00  0.000000000000000E+00  0.000000000000000E+00 0
 383    7640.00    7660.00  0.000000000000000E+00  0.000000000000000E+00 0
 384    7660.00    7680.00  0.000000000000000E+00  0.000000000000000E+00 0
 385    7680.00    7700.00  0.000000000000000E+00  0.000000000000000E+00 0
 386    7700.00    7720.00  0.000000000000000E+00  0.000000000000000E+00 0
 387    7720.00    7740.00  0.000000000000000E+00  0.000000000000000E+00 0
 388    7740.00    7760.00  0.000000000000000E+00  0.000000000000000E+00 0
 389    7760.00    7780.00  0.000000000000000E+00  0.000000000000000E+00 0
 390    7780.00    7800.00  0.000000000000000E+00  0.000000000000000E+00 0
 391    7800.00    7820.00  0.000000000000000E+00  0.000000000000000E+00 0
 392    7820.00    7840.00  0.000000000000000E+00  0.000000000000000E+00 0
 393    7840.00    7860.00  0.000000000000000E+00  0.000000000000000E+00 0
 394    7860.00    7880.00  0.000000000000000E+00  0.000000000000000E+00 0
 395    7880.00    7900.00  0.000000000000000E+00  0.000000000000000E+00 0
 396    7900.00    7920.00  0.000000000000000E+00  0.000000000000000E+00 0
 397    7920.00    7940.00  0.000000000000000E+00  0.000000000000000E+00 0
 398    7940.00    7960.00  0.000000000000000E+00  0.000000000000000E+00 0
 399    7960.00    7980.00  0.000000000000000E+00  0.000000000000000E+00 0
 400    7980.00    8000.00  0.000000000000000E+00  0.000000000000000E+00 0
 401    8000.00    8020.00  0.000000000000000E+00  0.000000000000000E+00 0
 402    8020.00    8040.00  0.000000000000000E+00  0.000000000000000E+00 0
 403    8040.00    8060.00  0.000000000000000E+00  0.000000000000000E+00 0
 404    8060.00    8080.00  0.000000000000000E+00  0.000000000000000E+00 0
 405    8080.00    8100.00  0.000000000000000E+00  0.000000000000000E+00 0
 406    8100.00    8120.00  0.000000000000000E+00  0.000000000000000E+00 0
 407    8120.00    8140.00  0.000000000000000E+00  0.000000000000000E+00 0
 408    8140.00    8160.00  0.000000000000000E+00  0.000000000000000E+00 0
 409    8160.00    8180.00  0.000000000000000E+00  0.000000000000000E+00 0
 410    8180.00    8200.00  0.000000000000000E+00  0.000000000000000E+00 0
 411    8200.00    8220.00  0.000000000000000E+00  0.000000000000000E+00 0
 412    8220.00    8240.00  0.000000000000000E+00  0.000000000000000E+00 0
 413    8240.00    8260.00  0.000000000000000E+00  0.000000000000000E+00 0
 414    8260.00    8280.00  0.000000000000000E+00  0.000000000000000E+00 0
 415    8280.00    8300.00  0.000000000000000E+00  0.000000000000000E+00 0
 416    8300.00    8320.00  0.000000000000000E+00  0.000000000000000E+00 0
 417    8320.00    8340.00  0.000000000000000E+00  0.000000000000000E+00 0
 418    8340.00    8360.00  0.000000000000000E+00  0.000000000000000E+00 0
 419    8360.00    8380.00  0.000000000000000E+00  0.000000000000000E+00 0
 420    8380.00    8400.00  0.000000000000000E+00  0.000000000000000E+00 0
 421    8400.00    8420.00  0.000000000000000E+00  0.000000000000000E+00 0
 422    8420.00    8440.00  0.000000000000000E+00  0.000000000000000E+00 0
 423    8440.00    8460.00  0.000000000000000E+00  0.000000000000000E+00 0
 424    8460.00    8480.00  0.000000000000000E+00  0.000000000000000E+00 0
 425    8480.00    8500.00  0.000000000000000E+00  0.000000000000000E+00 0
 426    8500.00    8520.00  0.000000000000000E+00  0.000000000000000E+00 0
 427    8520.00    8540.00  0.000000000000000E+00  0.000000000000000E+00 0
 428    8540.00    8560.00  0.000000000000000E+00  0.000000000000000E+00 0
 429    8560.00    8580.00  0.000000000000000E+00  0.000000000000000E+00 0
 430    8580.00    8600.00  0.000000000000000E+00  0.000000000000000E+00 0
 431    8600.00    8620.00  0.000000000000000E+00  0.000000000000000E+00 0
 432    8620.00    8640.00  0.000000000000000E+00  0.000000000000000E+00 0
 433    8640.00    8660.00  0.000000000000000E+00  0.000000000000000E+00 0
 434    8660.00    8680.00  0.000000000000000E+00  0.000000000000000E+00 0
 435    8680.00    8700.00  0.000000000000000E+00  0.000000000000000E+00 0
 436    8700.00    8720.00  0.000000000000000E+00  0.000000000000000E+00 0
 437    8720.00    8740.00  0.000000000000000E+00  0.000000000000000E+00 0
 438    8740.00    8760.00  0.000000000000000E+00  0.000000000000000E+00 0
 439    8760.00    8780.00  0.000000000000000E+00  0.000000000000000E+00 0
 440    8780.00    8800.00  0.000000000000000E+00  0.000000000000000E+00 0
 441    8800.00    8820.00  0.000000000000000E+00  0.000000000000000E+00 0
 442    8820.00    8840.00  0.000000000000000E+00  0.000000000000000E+00 0
 443    8840.00    8860.00  0.000000000000000E+00  0.000000000000000E+00 0
 444    8860.00    8880.00  0.000000000000000E+00  0.000000000000000E+00 0
 445    8880.00    8900.00  0.000000000000000E+00  0.000000000000000E+00 0
 446    8900.00    8920.00  0.000000000000000E+00  0.000000000000000E+00 0
 447    8920.00    8940.00  0.000000000000000E+00  0.000000000000000E+00 0
 448    8940.00    8960.00  0.000000000000000E+00  0.000000000000000E+00 0
 449    8960.00    8980.00  0.000000000000000E+00  0.000000000000000E+00 0
 450    8980.00    9000.00  0.000000000000000E+00  0.000000000000000E+00 0
 451    9000.00    9020.00  0.000000000000000E+00  0.000000000000000E+00 0
 452    9020.00    9040.00  0.000000000000000E+00  0.000000000000000E+00 0
 453    9040.00    9060.00  0.000000000000000E+00  0.000000000000000E+00 0
 454    9060.00    9080.00  0.000000000000000E+00  0.000000000000000E+00 0
 455    9080.00    9100.00  0.000000000000000E+00  0.000000000000000E+00 0
 456    9100.00    9120.00  0.000000000000000E+00  0.000000000000000E+00 0
 457    9120.00    9140.00  0.000000000000000E+00  0.000000000000000E+00 0
 458    9140.00    9160.00  0.000000000000000E+00  0.000000000000000E+00 0
 459    9160.00    9180.00  0.000000000000000E+00  0.000000000000000E+00 0
 460    9180.00    9200.00  0.000000000000000E+00  0.000000000000000E+00 0
 461    9200.00    9220.00  0.000000000000000E+00  0.000000000000000E+00 0
 462    9220.00    9240.00  0.000000000000000E+00  0.000000000000000E+00 0
 463    9240.00    9260.00  0.000000000000000E+00  0.000000000000000E+00 0
 464    9260.00    9280.00  0.000000000000000E+00  0.000000000000000E+00 0
 465    9280.00    9300.00  0.000000000000000E+00  0.000000000000000E+00 0
 466    9300.00    9320.00  0.000000000000000E+00  0.000000000000000E+00 0
 467    9320.00    9340.00  0.000000000000000E+00  0.000000000000000E+00 0
 468    9340.00    9360.00  0.000000000000000E+00  0.000000000000000E+00 0
 469    9360.00    9380.00  0.000000000000000E+00  0.000000000000000E+00 0
 470    9380.00    9400.00  0.000000000000000E+00  0.000000000000000E+00 0
 471    9400.00    9420.00  0.000000000000000E+00  0.000000000000000E+00 0
 472    9420.00    9440.00  0.000000000000000E+00  0.000000000000000E+00 0
 473    9440.00    9460.00  0.000000000000000E+00  0.000000000000000E+00 0
 474    9460.00    9480.00  0.000000000000000E+00  0.000000000000000E+00 0
 475    9480.00    9500.00  0.000000000000000E+00  0.000000000000000E+00 0
 476    9500.00    9520.00  0.000000000000000E+00  0.000000000000000E+00 0
 477    9520.00    9540.00  0.000000000000000E+00  0.000000000000000E+00 0
 478    9540.00    9560.00  0.000000000000000E+00  0.000000000000000E+00 0
 479    9560.00    9580.00  0.000000000000000E+00  0.000000000000000E+00 0
 480    9580.00    9600.00  0.000000000000000E+00  0.000000000000000E+00 0
 481    9600.00    9620.00  0.000000000000000E+00  0.000000000000000E+00 0
 482    9620.00    9640.00  0.000000000000000E+00  0.000000000000000E+00 0
 483    9640.00    9660.00  0.000000000000000E+00  0.000000000000000E+00 0
 484    9660.00    9680.00  0.000000000000000E+00  0.000000000000000E+00 0
 485    9680.00    9700.00  0.000000000000000E+00  0.000000000000000E+00 0
 486    9700.00    9720.00  0.000000000000000E+00  0.000000000000000E+00 0
 487    9720.00    9740.00  0.000000000000000E+00  0.000000000000000E+00 0
 488    9740.00    9760.00  0.000000000000000E+00  0.000000000000000E+00 0
 489    9760.00    9780.00  0.000000000000000E+00  0.000000000000000E+00 0
 490    9780.00    9800.00  0.000000000000000E+00  0.000000000000000E+00 0
 491    9800.00    9820.00  0.000000000000000E+00  0.000000000000000E+00 0
 492    9820.00    9840.00  0.000000000000000E+00  0.000000000000000E+00 0
 493    9840.00    9860.00  0.000000000000000E+00  0.000000000000000E+00 0
 494    9860.00    9880.00  0.000000000000000E+00  0.000000000000000E+00 0
 495    9880.00    9900.00  0.000000000000000E+00  0.000000000000000E+00 0
 496    9900.00    9920.00  0.000000000000000E+00  0.000000000000000E+00 0
 497    9920.00    9940.00  0.000000000000000E+00  0.000000000000000E+00 0
 498    9940.00    9960.00  0.000000000000000E+00  0.000000000000000E+00 0
 499    9960.00    9980.00  0.000000000000000E+00  0.000000000000000E+00 0
 500    9980.00   10000.00  0.000000000000000E+00  0.000000000000000E+00 0
 501   10000.00   10020.00  0.000000000000000E+00  0.000000000000000E+00 0
 502   10020.00   10040.00  0.000000000000000E+00  0.000000000000000E+00 0
 503   10040.00   10060.00  0.000000000000000E+00  0.000000000000000E+00 0
 504   10060.00   10080.00  0.000000000000000E+00  0.000000000000000E+00 0
 505   10080.00   10100.00  0.000000000000000E+00  0.000000000000000E+00 0
 506   10100.00   10120.00  0.000000000000000E+00  0.000000000000000E+00 0
 507   10120.00   10140.00  0.000000000000000E+00  0.000000000000000E+00 0
 508   10140.00   10160.00  0.000000000000000E+00  0.000000000000000E+00 0
 509   10160.00   10180.00  0.000000000000000E+00  0.000000000000000E+00 0
 510   10180.00   10200.00  0.000000000000000E+00  0.000000000000000E+00 0
 511   10200.00   10220.00  0.000000000000000E+00  0.000000000000000E+00 0
 512   10220.00   10240.00  0.000000000000000E+00  0.000000000000000E+00 0
 513   10240.00   10260.00  0.000000000000000E+00  0.000000000000000E+00 0
 514   10260.00   10280.00  0.000000000000000E+00  0.000000000000000E+00 0
 515   10280.00   10300.00  0.000000000000000E+00  0.000000000000000E+00 0
 516   10300.00   10320.00  0.000000000000000E+00  0.000000000000000E+00 0
 517   10320.00   10340.00  0.000000000000000E+00  0.000000000000000E+00 0
 518   10340.00   10360.00  0.000000000000000E+00  0.000000000000000E+00 0
 519   10360.00   10380.00  0.000000000000000E+00  0.000000000000000E+00 0
 520   10380.00   10400.00  0.000000000000000E+00  0.000000000000000E+00 0
 521   10400.00   10420.00  0.000000000000000E+00  0.000000000000000E+00 0
 522   10420.00   10440.00  0.000000000000000E+00  0.000000000000000E+00 0
 523   10440.00   10460.00  0.000000000000000E+00  0.000000000000000E+00 0
 524   10460.00   10480.00  0.000000000000000E+00  0.000000000000000E+00 0
 525   10480.00   10500.00  0.000000000000000E+00  0.000000000000000E+00 0
 526   10500.00   10520.00  0.000000000000000E+00  0.000000000000000E+00 0
 527   10520.00   10540.00  0.000000000000000E+00  0.000000000000000E+00 0
 528   10540.00   10560.00  0.000000000000000E+00  0.000000000000000E+00 0
 529   10560.00   10580.00  0.000000000000000E+00  0.000000000000000E+00 0
 530   10580.00   10600.00  0.000000000000000E+00  0.000000000000000E+00 0
 531   10600.00   10620.00  0.000000000000000E+00  0.000000000000000E+00 0
 532   10620.00   10640.00  0.000000000000000E+00  0.000000000000000E+00 0
 533   10640.00   10660.00  0.000000000000000E+00  0.000000000000000E+00 0
 534   10660.00   10680.00  0.000000000000000E+00  0.000000000000000E+00 0
 535   10680.00   10700.00  0.000000000000000E+00  0.000000000000000E+00 0
 536   10700.00   10720.00  0.000000000000000E+00  0.000000000000000E+00 0
 537   10720.00   10740.00  0.000000000000000E+00  0.000000000000000E+00 0
 538   10740.00   10760.00  0.000000000000000E+00  0.000000000000000E+00 0
 539   10760.00   10780.00  0.000000000000000E+00  0.000000000000000E+00 0
 540   10780.00   10800.00  0.000000000000000E+00  0.000000000000000E+00 0
 541   10800.00   10820.00  0.000000000000000E+00  0.000000000000000E+00 0
 542   10820.00   10840.00  0.000000000000000E+00  0.000000000000000E+00 0
 543   10840.00   10860.00  0.000000000000000E+00  0.000000000000000E+00 0
 544   10860.00   10880.00  0.000000000000000E+00  0.000000000000000E+00 0
 545   10880.00   10900.00  0.000000000000000E+00  0.000000000000000E+00 0
 546   10900.00   10920.00  0.000000000000000E+00  0.000000000000000E+00 0
 547   10920.00   10940.00  0.000000000000000E+00  0.000000000000000E+00 0
 548   10940.00   10960.00  0.000000000000000E+00  0.000000000000000E+00 0
 549   10960.00   10980.00  0.000000000000000E+00  0.000000000000000E+00 0
 550   10980.00   11000.00  0.000000000000000E+00  0.000000000000000E+00 0
 551   11000.00   11020.00  0.000000000000000E+00  0.000000000000000E+00 0
 552   11020.00   11040.00  0.000000000000000E+00  0.000000000000000E+00 0
 553   11040.00   11060.00  0.000000000000000E+00  0.000000000000000E+00 0
 554   11060.00   11080.00  0.000000000000000E+00  0.000000000000000E+00 0
 555   11080.00   11100.00  0.000000000000000E+00  0.000000000000000E+00 0
 556   11100.00   11120.00  0.000000000000000E+00  0.000000000000000E+00 0
 557   11120.00   11140.00  0.000000000000000E+00  0.000000000000000E+00 0
 558   11140.00   11160.00  0.000000000000000E+00  0.000000000000000E+00 0
 559   11160.00   11180.00  0.000000000000000E+00  0.000000000000000E+00 0
 560   11180.00   11200.00  0.000000000000000E+00  0.000000000000000E+00 0
 561   11200.00   11220.00  0.000000000000000E+00  0.000000000000000E+00 0
 562   11220.00   11240.00  0.000000000000000E+00  0.000000000000000E+00 0
 563   11240.00   11260.00  0.000000000000000E+00  0.000000000000000E+00 0
 564   11260.00   11280.00  0.000000000000000E+00  0.000000000000000E+00 0
 565   11280.00   11300.00  0.000000000000000E+00  0.000000000000000E+00 0
 566   11300.00   11320.00  0.000000000000000E+00  0.000000000000000E+00 0
 567   11320.00   11340.00  0.000000000000000E+00  0.000000000000000E+00 0
 568   11340.00   11360.00  0.000000000000000E+00  0.000000000000000E+00 0
 569   11360.00   11380.00  0.000000000000000E+00  0.000000000000000E+00 0
 570   11380.00   11400.00  0.000000000000000E+00  0.000000000000000E+00 0
 571   11400.00   11420.00  0.000000000000000E+00  0.000000000000000E+00 0
 572   11420.00   11440.00  0.000000000000000E+00  0.000000000000000E+00 0
 573   11440.00   11460.00  0.000000000000000E+00  0.000000000000000E+00 0
 574   11460.00   11480.00  0.000000000000000E+00  0.000000000000000E+00 0
 575   11480.00   11500.00  0.000000000000000E+00  0.000000000000000E+00 0
 576   11500.00   11520.00  0.000000000000000E+00  0.000000000000000E+00 0
 577   11520.00   11540.00  0.000000000000000E+00  0.000000000000000E+00 0
 578   11540.00   11560.00  0.000000000000000E+00  0.000000000000000E+00 0
 579   11560.00   11580.00  0.000000000000000E+00  0.000000000000000E+00 0
 580   11580.00   11600.00  0.000000000000000E+00  0.000000000000000E+00 0
 581   11600.00   11620.00  0.000000000000000E+00  0.000000000000000E+00 0
 582   11620.00   11640.00  0.000000000000000E+00  0.000000000000000E+00 0
 583   11640.00   11660.00  0.000000000000000E+00  0.000000000000000E+00 0
 584   11660.00   11680.00  0.000000000000000E+00  0.000000000000000E+00 0
 585   11680.00   11700.00  0.000000000000000E+00  0.000000000000000E+00 0
 586   11700.00   11720.00  0.000000000000000E+00  0.000000000000000E+00 0
 587   11720.00   11740.00  0.000000000000000E+00  0.000000000000000E+00 0
 588   11740.00   11760.00  0.000000000000000E+00  0.000000000000000E+00 0
 589   11760.00   11780.00  0.000000000000000E+00  0.000000000000000E+00 0
 590   11780.00   11800.00  0.000000000000000E+00  0.000000000000000E+00 0
 591   11800.00   11820.00  0.000000000000000E+00  0.000000000000000E+00 0
 592   11820.00   11840.00  0.000000000000000E+00  0.000000000000000E+00 0
 593   11840.00   11860.00  0.000000000000000E+00  0.000000000000000E+00 0
 594   11860.00   11880.00  0.000000000000000E+00  0.000000000000000E+00 0
 595   11880.00   11900.00  0.000000000000000E+00  0.000000000000000E+00 0
 596   11900.00   11920.00  0.000000000000000E+00  0.000000000000000E+00 0
 597   11920.00   11940.00  0.000000000000000E+00  0.000000000000000E+00 0
 598   11940.00   11960.00  0.000000000000000E+00  0.000000000000000E+00 0
 599   11960.00   11980.00  0.000000000000000E+00  0.000000000000000E+00 0
 600   11980.00   12000.00  0.000000000000000E+00  0.000000000000000E+00 0
 601   12000.00   12020.00  0.000000000000000E+00  0.000000000000000E+00 0
 602   12020.00   12040.00  0.000000000000000E+00  0.000000000000000E+00 0
 603   12040.00   12060.00  0.000000000000000E+00  0.000000000000000E+00 0
 604   12060.00   12080.00  0.000000000000000E+00  0.000000000000000E+00 0
 605   12080.00   12100.00  0.000000000000000E+00  0.000000000000000E+00 0
 606   12100.00   12120.00  0.000000000000000E+00  0.000000000000000E+00 0
 607   12120.00   12140.00  0.000000000000000E+00  0.000000000000000E+00 0
 608   12140.00   12160.00  0.000000000000000E+00  0.000000000000000E+00 0
 609   12160.00   12180.00  0.000000000000000E+00  0.000000000000000E+00 0
 610   12180.00   12200.00  0.000000000000000E+00  0.000000000000000E+00 0
 611   12200.00   12220.00  0.000000000000000E+00  0.000000000000000E+00 0
 612   12220.00   12240.00  0.000000000000000E+00  0.000000000000000E+00 0
 613   12240.00   12260.00  0.000000000000000E+00  0.000000000000000E+00 0
 614   12260.00   12280.00  0.000000000000000E+00  0.000000000000000E+00 0
 615   12280.00   12300.00  0.000000000000000E+00  0.000000000000000E+00 0
 616   12300.00   12320.00  0.000000000000000E+00  0.000000000000000E+00 0
 617   12320.00   12340.00  0.000000000000000E+00  0.000000000000000E+00 0
 618   12340.00   12360.00  0.000000000000000E+00  0.000000000000000E+00 0
 619   12360.00   12380.00  0.000000000000000E+00  0.000000000000000E+00 0
 620   12380.00   12400.00  0.000000000000000E+00  0.000000000000000E+00 0
 621   12400.00   12420.00  0.000000000000000E+00  0.000000000000000E+00 0
 622   12420.00   12440.00  0.000000000000000E+00  0.000000000000000E+00 0
 623   12440.00   12460.00  0.000000000000000E+00  0.000000000000000E+00 0
 624   12460.00   12480.00  0.000000000000000E+00  0.000000000000000E+00 0
 625   12480.00   12500.00  0.000000000000000E+00  0.000000000000000E+00 0
 626   12500.00   12520.00  0.000000000000000E+00  0.000000000000000E+00 0
 627   12520.00   12540.00  0.000000000000000E+00  0.000000000000000E+00 0
 628   12540.00   12560.00  0.000000000000000E+00  0.000000000000000E+00 0
 629   12560.00   12580.00  0.000000000000000E+00  0.000000000000000E+00 0
 630   12580.00   12600.00  0.000000000000000E+00  0.000000000000000E+00 0
 631   12600.00   12620.00  0.000000000000000E+00  0.000000000000000E+00 0
 632   12620.00   12640.00  0.000000000000000E+00  0.000000000000000E+00 0
 633   12640.00   12660.00  0.000000000000000E+00  0.000000000000000E+00 0
 634   12660.00   12680.00  0.000000000000000E+00  0.000000000000000E+00 0
 635   12680.00   12700.00  0.000000000000000E+00  0.000000000000000E+00 0
 636   12700.00   12720.00  0.000000000000000E+00  0.000000000000000E+00 0
 637   12720.00   12740.00  0.000000000000000E+00  0.000000000000000E+00 0
 638   12740.00   12760.00  0.000000000000000E+00  0.000000000000000E+00 0
 639   12760.00   12780.00  0.000000000000000E+00  0.000000000000000E+00 0
 640   12780.00   12800.00  0.000000000000000E+00  0.000000000000000E+00 0
 641   12800.00   12820.00  0.000000000000000E+00  0.000000000000000E+00 0
 642   12820.00   12840.00  0.000000000000000E+00  0.000000000000000E+00 0
 643   12840.00   12860.00  0.000000000000000E+00  0.000000000000000E+00 0
 644   12860.00   12880.00  0.000000000000000E+00  0.000000000000000E+00 0
 645   12880.00   12900.00  0.000000000000000E+00  0.000000000000000E+00 0
 646   12900.00   12920.00  0.000000000000000E+00  0.000000000000000E+00 0
 647   12920.00   12940.00  0.000000000000000E+00  0.000000000000000E+00 0
 648   12940.00   12960.00  0.000000000000000E+00  0.000000000000000E+00 0
 649   12960.00   12980.00  0.000000000000000E+00  0.000000000000000E+00 0
 650   12980.00   13000.00  0.000000000000000E+00  0.000000000000000E+00 0
# Underflow:                 0.0000000000000000E+00  0.0000000000000000E+00 0
# Overflow:                  0.0000000000000000E+00  0.0000000000000000E+00 0
#-------------------------------------------------------------------------------------
# Sum:                       1.0468648594316534E+00  3.4516623928992820E-04 107479000
#=====================================================================================
# Number of generated events: 3357351632
