# title = Invariant Mass j-j-positron System
# xlabel = $M_{\text{j}_1\text{j}_2\text{e}^+}\,$[GeV]
# ylabel = $\frac{\text{d}\sigma}{\text{d}M_{\text{j}_1\text{j}_2\text{e}^+}}\,\left[\frac{\text{fb}}{\text{GeV}}\right]$
# xmin=  0.000E+00
# xmax=  1.600E+03
# ymin=  1.000E-06
# ymax=  1.000E-02
# kmin= -2.000E+01
# kmax=  1.000E+01
# logscale = true
# Renormalization and factorization scale scaled by: 1.0000000000
# Renormalization scaled by: 1.0000000000
#
#
#=====================================================================================
# No.       Left      Right                   Value                   Error Hits
#-------------------------------------------------------------------------------------
   1       0.00      20.00  0.000000000000000E+00  0.000000000000000E+00 0
   2      20.00      40.00  0.000000000000000E+00  0.000000000000000E+00 0
   3      40.00      60.00  0.000000000000000E+00  0.000000000000000E+00 0
   4      60.00      80.00  0.000000000000000E+00  0.000000000000000E+00 0
   5      80.00     100.00  0.000000000000000E+00  0.000000000000000E+00 0
   6     100.00     120.00  0.000000000000000E+00  0.000000000000000E+00 0
   7     120.00     140.00  0.000000000000000E+00  0.000000000000000E+00 0
   8     140.00     160.00  0.000000000000000E+00  0.000000000000000E+00 0
   9     160.00     180.00  0.000000000000000E+00  0.000000000000000E+00 0
  10     180.00     200.00  0.000000000000000E+00  0.000000000000000E+00 0
  11     200.00     220.00  0.000000000000000E+00  0.000000000000000E+00 0
  12     220.00     240.00  0.000000000000000E+00  0.000000000000000E+00 0
  13     240.00     260.00  0.000000000000000E+00  0.000000000000000E+00 0
  14     260.00     280.00  0.000000000000000E+00  0.000000000000000E+00 0
  15     280.00     300.00  0.000000000000000E+00  0.000000000000000E+00 0
  16     300.00     320.00  0.000000000000000E+00  0.000000000000000E+00 0
  17     320.00     340.00  0.000000000000000E+00  0.000000000000000E+00 0
  18     340.00     360.00  0.000000000000000E+00  0.000000000000000E+00 0
  19     360.00     380.00  0.000000000000000E+00  0.000000000000000E+00 0
  20     380.00     400.00  0.000000000000000E+00  0.000000000000000E+00 0
  21     400.00     420.00  0.000000000000000E+00  0.000000000000000E+00 0
  22     420.00     440.00  0.000000000000000E+00  0.000000000000000E+00 0
  23     440.00     460.00  0.000000000000000E+00  0.000000000000000E+00 0
  24     460.00     480.00  0.000000000000000E+00  0.000000000000000E+00 0
  25     480.00     500.00  0.000000000000000E+00  0.000000000000000E+00 0
  26     500.00     520.00  4.341945600235008E-07  1.388252693404186E-08 11015
  27     520.00     540.00  6.369334364965421E-05  1.574624176704278E-07 1664604
  28     540.00     560.00  2.219681767261689E-04  2.918313180854961E-07 6445463
  29     560.00     580.00  3.680453953494933E-04  3.842759738831500E-07 9852000
  30     580.00     600.00  4.832447282172576E-04  4.494810229139567E-07 12065509
  31     600.00     620.00  5.732688347435393E-04  5.012754420636592E-07 13611327
  32     620.00     640.00  6.441493017066083E-04  5.453663576430950E-07 14718611
  33     640.00     660.00  6.988589815201369E-04  5.768443241802764E-07 15522134
  34     660.00     680.00  7.453488396364456E-04  6.108466647872575E-07 16132027
  35     680.00     700.00  7.809172952658711E-04  6.353905124079529E-07 16562654
  36     700.00     720.00  8.131891189941046E-04  6.612708304349478E-07 16886562
  37     720.00     740.00  8.370180580102980E-04  6.826651973861120E-07 17096284
  38     740.00     760.00  8.579358702956668E-04  7.056137832915227E-07 17256403
  39     760.00     780.00  8.758235624841264E-04  7.277905565423963E-07 17342896
  40     780.00     800.00  8.890753284257196E-04  7.457359624650389E-07 17378361
  41     800.00     820.00  9.019243537079895E-04  7.765435498780316E-07 17385009
  42     820.00     840.00  9.108355707643936E-04  7.894686463989167E-07 17349938
  43     840.00     860.00  9.165791715653411E-04  7.974979341691025E-07 17276052
  44     860.00     880.00  9.211420161780322E-04  8.131489309992573E-07 17190806
  45     880.00     900.00  9.263776733199114E-04  8.323591754863100E-07 17096473
  46     900.00     920.00  9.293213248808028E-04  8.462344752315060E-07 16971041
  47     920.00     940.00  9.308186557639529E-04  8.630250785487532E-07 16843478
  48     940.00     960.00  9.281563957708672E-04  8.692990212260176E-07 16706491
  49     960.00     980.00  9.275119282187954E-04  8.815238297406023E-07 16553915
  50     980.00    1000.00  9.275656703298009E-04  8.974080391713923E-07 16396243
  51    1000.00    1020.00  9.203541745858398E-04  9.084677859191799E-07 16219915
  52    1020.00    1040.00  9.190459835196599E-04  9.186928824174754E-07 16058103
  53    1040.00    1060.00  9.131186969197796E-04  9.336858417545401E-07 15884994
  54    1060.00    1080.00  9.083766390604016E-04  9.395765943621568E-07 15706416
  55    1080.00    1100.00  9.015148592321655E-04  9.471394003471774E-07 15529093
  56    1100.00    1120.00  8.947757490772127E-04  9.543560486649119E-07 15351135
  57    1120.00    1140.00  8.878694402316252E-04  9.679454605813190E-07 15167369
  58    1140.00    1160.00  8.809104132913970E-04  9.783414316330776E-07 14984765
  59    1160.00    1180.00  8.740216481974869E-04  9.794875658209581E-07 14798467
  60    1180.00    1200.00  8.667021960935860E-04  9.911061775830892E-07 14621890
  61    1200.00    1220.00  8.572114764922561E-04  9.985520675472770E-07 14446026
  62    1220.00    1240.00  8.493183095084184E-04  1.006345657580219E-06 14261816
  63    1240.00    1260.00  8.395932752398221E-04  1.000825164959322E-06 14086132
  64    1260.00    1280.00  8.307004962997269E-04  1.016363495325244E-06 13893049
  65    1280.00    1300.00  8.215165028890505E-04  1.020184394999337E-06 13724001
  66    1300.00    1320.00  8.114244196127799E-04  1.016642481591491E-06 13549508
  67    1320.00    1340.00  8.019349718452404E-04  1.030890721181414E-06 13367112
  68    1340.00    1360.00  7.926870456110753E-04  1.039214143211675E-06 13196094
  69    1360.00    1380.00  7.840009494387667E-04  1.049586001293443E-06 13026291
  70    1380.00    1400.00  7.707946019778034E-04  1.034520676496483E-06 12853261
  71    1400.00    1420.00  7.635614965224169E-04  1.047183477994957E-06 12690619
  72    1420.00    1440.00  7.516824754031321E-04  1.041604862919820E-06 12520947
  73    1440.00    1460.00  7.436321589254623E-04  1.057216505560924E-06 12364473
  74    1460.00    1480.00  7.318078141450590E-04  1.041609306329493E-06 12192107
  75    1480.00    1500.00  7.218978155840044E-04  1.042993192075073E-06 12039545
  76    1500.00    1520.00  7.119852557705166E-04  1.053633762516984E-06 11882368
  77    1520.00    1540.00  7.011191246327437E-04  1.050629568102896E-06 11723534
  78    1540.00    1560.00  6.917727054136070E-04  1.060248840347505E-06 11569028
  79    1560.00    1580.00  6.800385564045387E-04  1.046638013369301E-06 11422212
  80    1580.00    1600.00  6.713931913476152E-04  1.052789891755458E-06 11268728
  81    1600.00    1620.00  6.623448430338990E-04  1.063835482938465E-06 11125649
  82    1620.00    1640.00  6.529290465286905E-04  1.059781618541047E-06 10975182
  83    1640.00    1660.00  6.424129622892889E-04  1.061374008920230E-06 10835324
  84    1660.00    1680.00  6.329237155096851E-04  1.053428797540734E-06 10692946
  85    1680.00    1700.00  6.245010964785107E-04  1.070240863148426E-06 10551835
  86    1700.00    1720.00  6.129938583113758E-04  1.056599107550448E-06 10415435
  87    1720.00    1740.00  6.027826248114665E-04  1.051072440119358E-06 10285817
  88    1740.00    1760.00  5.935715840971992E-04  1.060497747552705E-06 10154791
  89    1760.00    1780.00  5.841858064100482E-04  1.052958768319383E-06 10020591
  90    1780.00    1800.00  5.735082057739873E-04  1.048504336971432E-06 9893975
  91    1800.00    1820.00  5.656708056803366E-04  1.042314118426154E-06 9765036
  92    1820.00    1840.00  5.565423721363265E-04  1.061251364942425E-06 9640591
  93    1840.00    1860.00  5.469943820675770E-04  1.035991455231900E-06 9510194
  94    1860.00    1880.00  5.390318620336575E-04  1.039945709199564E-06 9394998
  95    1880.00    1900.00  5.296591628769469E-04  1.040285981439476E-06 9272978
  96    1900.00    1920.00  5.184559613960991E-04  1.021487434199137E-06 9158178
  97    1920.00    1940.00  5.127370809284526E-04  1.034707311134515E-06 9041816
  98    1940.00    1960.00  5.036969382483340E-04  1.037022684141399E-06 8932923
  99    1960.00    1980.00  4.957842691667686E-04  1.047864160950515E-06 8808414
 100    1980.00    2000.00  4.858785393062328E-04  1.012544542070576E-06 8703967
 101    2000.00    2020.00  4.766724760967069E-04  1.020279241558578E-06 8592266
 102    2020.00    2040.00  4.698838021721360E-04  1.018338230090221E-06 8485802
 103    2040.00    2060.00  4.601153803778039E-04  1.000846687163658E-06 8379625
 104    2060.00    2080.00  4.533552613561671E-04  1.010226513066475E-06 8270638
 105    2080.00    2100.00  4.447591470048068E-04  9.900664904577559E-07 8169558
 106    2100.00    2120.00  4.362695259209620E-04  9.812211599850815E-07 8073808
 107    2120.00    2140.00  4.291180145670315E-04  9.805584190586814E-07 7967696
 108    2140.00    2160.00  4.219090891547121E-04  9.789472567895016E-07 7869066
 109    2160.00    2180.00  4.139806794370474E-04  9.761786362172217E-07 7774972
 110    2180.00    2200.00  4.071630854482826E-04  9.794509082240012E-07 7681033
 111    2200.00    2220.00  3.984003274674133E-04  9.516593311827140E-07 7587135
 112    2220.00    2240.00  3.928090030061226E-04  9.635957616713678E-07 7495068
 113    2240.00    2260.00  3.847141444295761E-04  9.435858730007110E-07 7404375
 114    2260.00    2280.00  3.792959219759878E-04  9.436873908781923E-07 7308206
 115    2280.00    2300.00  3.709530775466331E-04  9.483066131281419E-07 7228690
 116    2300.00    2320.00  3.650424585885747E-04  9.666643282608268E-07 7136160
 117    2320.00    2340.00  3.566709936052913E-04  9.056429123412903E-07 7051031
 118    2340.00    2360.00  3.517671773497423E-04  9.282793013391288E-07 6967345
 119    2360.00    2380.00  3.436691378545987E-04  9.119830133510544E-07 6881012
 120    2380.00    2400.00  3.385820406645888E-04  9.141988594119453E-07 6800842
 121    2400.00    2420.00  3.315873412955422E-04  8.961937242855806E-07 6721426
 122    2420.00    2440.00  3.255334779083366E-04  8.906627276990673E-07 6640613
 123    2440.00    2460.00  3.204942736402912E-04  8.978988732912614E-07 6562681
 124    2460.00    2480.00  3.125564664634019E-04  8.647221581437911E-07 6479503
 125    2480.00    2500.00  3.071504675648869E-04  8.850240166483240E-07 6404669
 126    2500.00    2520.00  3.018435185157429E-04  8.627648431769249E-07 6328635
 127    2520.00    2540.00  2.970179509155911E-04  8.871677975699625E-07 6256012
 128    2540.00    2560.00  2.912889082992873E-04  8.760303472341825E-07 6184172
 129    2560.00    2580.00  2.834442278990793E-04  8.619096191271568E-07 6113527
 130    2580.00    2600.00  2.781873545763884E-04  8.309321731279318E-07 6039465
 131    2600.00    2620.00  2.742838753361954E-04  8.405127044993680E-07 5975292
 132    2620.00    2640.00  2.687371216698945E-04  8.421130734508180E-07 5897344
 133    2640.00    2660.00  2.633905857341808E-04  8.217431076506286E-07 5835954
 134    2660.00    2680.00  2.576647827206959E-04  8.117525519613981E-07 5767917
 135    2680.00    2700.00  2.534816385517672E-04  8.265928541008857E-07 5701792
 136    2700.00    2720.00  2.502137588654114E-04  8.474058142304437E-07 5638080
 137    2720.00    2740.00  2.448187042362592E-04  7.993226254444393E-07 5574015
 138    2740.00    2760.00  2.392070210297902E-04  7.976741448860245E-07 5500779
 139    2760.00    2780.00  2.337083068682459E-04  7.819526428942995E-07 5444449
 140    2780.00    2800.00  2.291033802365732E-04  7.728879736470447E-07 5379851
 141    2800.00    2820.00  2.255599597174420E-04  7.724251172706614E-07 5321130
 142    2820.00    2840.00  2.201669357711709E-04  8.265657279089404E-07 5266491
 143    2840.00    2860.00  2.167641699768632E-04  7.637367422002017E-07 5204797
 144    2860.00    2880.00  2.111741489009068E-04  7.455689967258863E-07 5140847
 145    2880.00    2900.00  2.062597276582332E-04  7.289481393296190E-07 5088375
 146    2900.00    2920.00  2.028986217697946E-04  7.163267999258210E-07 5030538
 147    2920.00    2940.00  1.998512956405539E-04  7.180017626084701E-07 4974768
 148    2940.00    2960.00  1.951469651900590E-04  7.048743164254654E-07 4919932
 149    2960.00    2980.00  1.906122301893717E-04  6.946750888749312E-07 4862667
 150    2980.00    3000.00  1.872557015155773E-04  6.938050983983796E-07 4809579
 151    3000.00    3020.00  1.824031518043515E-04  6.844394130448961E-07 4761080
 152    3020.00    3040.00  1.788999779646947E-04  6.714725894254387E-07 4702928
 153    3040.00    3060.00  1.755611542205484E-04  6.701942982910334E-07 4651991
 154    3060.00    3080.00  1.720364763162237E-04  6.619618554916362E-07 4599460
 155    3080.00    3100.00  1.690822695077371E-04  6.746271464228345E-07 4552665
 156    3100.00    3120.00  1.650866641665860E-04  6.476634680028940E-07 4498057
 157    3120.00    3140.00  1.622591450922666E-04  6.423589891123073E-07 4452596
 158    3140.00    3160.00  1.583741303122558E-04  6.434754877776062E-07 4398904
 159    3160.00    3180.00  1.545710201817870E-04  6.386526978546008E-07 4354329
 160    3180.00    3200.00  1.514658190662738E-04  6.144796556130955E-07 4307908
 161    3200.00    3220.00  1.484848473137295E-04  6.242906486662573E-07 4262378
 162    3220.00    3240.00  1.454644404028861E-04  5.998497526886380E-07 4217904
 163    3240.00    3260.00  1.419323551492484E-04  5.857055174428308E-07 4166083
 164    3260.00    3280.00  1.398066594329274E-04  6.059179999463559E-07 4124271
 165    3280.00    3300.00  1.364175793283518E-04  5.768072339330222E-07 4081375
 166    3300.00    3320.00  1.333291413260046E-04  5.738146405776422E-07 4038017
 167    3320.00    3340.00  1.292154209951470E-04  5.591320224725341E-07 3995037
 168    3340.00    3360.00  1.266902337294076E-04  5.545630446217581E-07 3949940
 169    3360.00    3380.00  1.242273598040401E-04  5.520828576460079E-07 3907364
 170    3380.00    3400.00  1.226950982536461E-04  5.674970782192329E-07 3866290
 171    3400.00    3420.00  1.210729912112376E-04  5.696718257171090E-07 3825246
 172    3420.00    3440.00  1.162794707291567E-04  5.193827555975974E-07 3782930
 173    3440.00    3460.00  1.148372983156792E-04  5.292609504813318E-07 3739656
 174    3460.00    3480.00  1.124197817529835E-04  5.229424257835299E-07 3703401
 175    3480.00    3500.00  1.095820676703797E-04  5.163928713701995E-07 3664828
 176    3500.00    3520.00  1.073836011816282E-04  5.030042424820047E-07 3626488
 177    3520.00    3540.00  1.049678082190603E-04  4.934223962380553E-07 3590113
 178    3540.00    3560.00  1.021036358320469E-04  4.963637244436442E-07 3551234
 179    3560.00    3580.00  1.004090424022503E-04  4.911111064859930E-07 3515052
 180    3580.00    3600.00  9.696423754652016E-05  4.663666677545198E-07 3478216
 181    3600.00    3620.00  9.615577469468788E-05  4.642181357193546E-07 3443244
 182    3620.00    3640.00  9.360095678639937E-05  4.711479892065527E-07 3407376
 183    3640.00    3660.00  9.117653678074486E-05  4.478384657267037E-07 3371071
 184    3660.00    3680.00  9.059785608122868E-05  4.780272301829780E-07 3333450
 185    3680.00    3700.00  8.738367887351724E-05  4.490336595229971E-07 3303392
 186    3700.00    3720.00  8.621302432660733E-05  4.530853344175075E-07 3264543
 187    3720.00    3740.00  8.383632439036924E-05  4.264208386189178E-07 3235419
 188    3740.00    3760.00  8.128622410426086E-05  4.247613077966806E-07 3196938
 189    3760.00    3780.00  8.029648639371829E-05  4.261678805858604E-07 3167505
 190    3780.00    3800.00  7.785504441242296E-05  4.129055956596147E-07 3131105
 191    3800.00    3820.00  7.617067063394766E-05  4.129069004424187E-07 3101436
 192    3820.00    3840.00  7.456980181979697E-05  4.100254076777665E-07 3069691
 193    3840.00    3860.00  7.256979947396463E-05  3.948969655835128E-07 3039252
 194    3860.00    3880.00  7.125378506022224E-05  3.920676623401404E-07 3006141
 195    3880.00    3900.00  6.984902290657357E-05  3.919435038644434E-07 2978418
 196    3900.00    3920.00  6.721954588925208E-05  3.748380448217329E-07 2940792
 197    3920.00    3940.00  6.646222658345679E-05  3.772064946774947E-07 2911647
 198    3940.00    3960.00  6.473053012209856E-05  3.660290107531815E-07 2886777
 199    3960.00    3980.00  6.351186538705894E-05  3.604505584323903E-07 2856117
 200    3980.00    4000.00  6.222502937934894E-05  3.623364647033385E-07 2827092
 201    4000.00    4020.00  6.060360643519280E-05  3.518014666791967E-07 2799099
 202    4020.00    4040.00  5.805540711886877E-05  3.409234423422958E-07 2770236
 203    4040.00    4060.00  5.742960854938028E-05  3.401313647105387E-07 2741373
 204    4060.00    4080.00  5.643874254928971E-05  3.449125959487582E-07 2715807
 205    4080.00    4100.00  5.509126236089396E-05  3.288784685347999E-07 2684966
 206    4100.00    4120.00  5.330964658377723E-05  3.260249450336623E-07 2658382
 207    4120.00    4140.00  5.222437423138742E-05  3.290688630869654E-07 2637605
 208    4140.00    4160.00  5.047241431599683E-05  3.132640641605462E-07 2605079
 209    4160.00    4180.00  4.951323949292929E-05  3.063967940635539E-07 2580182
 210    4180.00    4200.00  4.857730878900564E-05  3.087687346301621E-07 2555920
 211    4200.00    4220.00  4.663629087245013E-05  2.925297198841389E-07 2527301
 212    4220.00    4240.00  4.597590089849435E-05  2.939317523378072E-07 2504401
 213    4240.00    4260.00  4.504894217408848E-05  2.863047908567995E-07 2476924
 214    4260.00    4280.00  4.414328471560640E-05  2.914416339626813E-07 2452588
 215    4280.00    4300.00  4.278608692125110E-05  2.880245307426493E-07 2427012
 216    4300.00    4320.00  4.185206346406486E-05  2.702924609341259E-07 2405871
 217    4320.00    4340.00  4.092626287529343E-05  2.659456993010367E-07 2383310
 218    4340.00    4360.00  4.050109095073311E-05  2.740375731404372E-07 2354259
 219    4360.00    4380.00  3.936801774378677E-05  2.664136404313552E-07 2333688
 220    4380.00    4400.00  3.757060387415232E-05  2.496209182528393E-07 2310001
 221    4400.00    4420.00  3.661303486898785E-05  2.451003915305605E-07 2287008
 222    4420.00    4440.00  3.593233878746624E-05  2.380814126916254E-07 2264730
 223    4440.00    4460.00  3.540320249489475E-05  2.407953546530838E-07 2243847
 224    4460.00    4480.00  3.401321477602523E-05  2.343466423226895E-07 2218902
 225    4480.00    4500.00  3.389433444212147E-05  2.379810199909171E-07 2197662
 226    4500.00    4520.00  3.257693417908316E-05  2.273995063001994E-07 2172784
 227    4520.00    4540.00  3.172881498375600E-05  2.339068857767423E-07 2157402
 228    4540.00    4560.00  3.118142665838058E-05  2.198008020074935E-07 2134197
 229    4560.00    4580.00  2.998288634358052E-05  2.258719013591213E-07 2111897
 230    4580.00    4600.00  2.927038126276914E-05  2.169033380729052E-07 2089735
 231    4600.00    4620.00  2.900296247904675E-05  2.113976769505570E-07 2070559
 232    4620.00    4640.00  2.813845637044885E-05  2.042267600780318E-07 2054041
 233    4640.00    4660.00  2.724238821430381E-05  1.947124330718396E-07 2033857
 234    4660.00    4680.00  2.667601427656607E-05  1.957338117984439E-07 2012548
 235    4680.00    4700.00  2.596921973018030E-05  1.933704930821854E-07 1990064
 236    4700.00    4720.00  2.542280345570573E-05  1.958951344425739E-07 1969581
 237    4720.00    4740.00  2.455338093346576E-05  1.878760096436952E-07 1952887
 238    4740.00    4760.00  2.413799115707892E-05  1.893278522115396E-07 1932485
 239    4760.00    4780.00  2.307794380562146E-05  1.760429979714779E-07 1911846
 240    4780.00    4800.00  2.271587009204891E-05  1.783966079440757E-07 1895188
 241    4800.00    4820.00  2.225128117803893E-05  1.743326491850830E-07 1875652
 242    4820.00    4840.00  2.170679006988998E-05  1.859149747017810E-07 1859742
 243    4840.00    4860.00  2.105521393551782E-05  1.689894481682159E-07 1838716
 244    4860.00    4880.00  2.061699692835938E-05  1.699482516425843E-07 1819661
 245    4880.00    4900.00  1.982918163307842E-05  1.566107851612811E-07 1803570
 246    4900.00    4920.00  1.898361537490727E-05  1.510974495111010E-07 1785909
 247    4920.00    4940.00  1.871775709612939E-05  1.492703548526466E-07 1766933
 248    4940.00    4960.00  1.830117853292179E-05  1.545181641298338E-07 1751277
 249    4960.00    4980.00  1.769639400906038E-05  1.405439099013523E-07 1735724
 250    4980.00    5000.00  1.737177574298128E-05  1.581801203799396E-07 1717300
 251    5000.00    5020.00  1.693110144974702E-05  1.397343788144694E-07 1701767
 252    5020.00    5040.00  1.667778103334466E-05  1.435962527718891E-07 1683017
 253    5040.00    5060.00  1.610231692893453E-05  1.350101236375291E-07 1667612
 254    5060.00    5080.00  1.572783795055220E-05  1.360500686796490E-07 1651286
 255    5080.00    5100.00  1.514535089641492E-05  1.301699514743259E-07 1634585
 256    5100.00    5120.00  1.474910035378147E-05  1.300452192911175E-07 1619957
 257    5120.00    5140.00  1.442010394785107E-05  1.271689375348540E-07 1603016
 258    5140.00    5160.00  1.377828105518477E-05  1.208563596620492E-07 1585688
 259    5160.00    5180.00  1.346278456753502E-05  1.163614475629402E-07 1574772
 260    5180.00    5200.00  1.316305974766786E-05  1.163955023723804E-07 1558432
 261    5200.00    5220.00  1.290101055461515E-05  1.157860486161092E-07 1544510
 262    5220.00    5240.00  1.252509502517635E-05  1.126322127848782E-07 1528281
 263    5240.00    5260.00  1.215649327149207E-05  1.140372374937354E-07 1512504
 264    5260.00    5280.00  1.172923907972854E-05  1.057691844449820E-07 1496592
 265    5280.00    5300.00  1.151464528434626E-05  1.077794316062298E-07 1481928
 266    5300.00    5320.00  1.124887248145939E-05  1.006477243931903E-07 1468193
 267    5320.00    5340.00  1.092173064995342E-05  1.016688094808552E-07 1454482
 268    5340.00    5360.00  1.056137372470488E-05  1.015872924264394E-07 1441298
 269    5360.00    5380.00  1.013485181136680E-05  9.239275726042376E-08 1426778
 270    5380.00    5400.00  1.006212136444890E-05  9.414878018722038E-08 1411584
 271    5400.00    5420.00  9.656877598046406E-06  9.623366671247375E-08 1397431
 272    5420.00    5440.00  9.402456902843113E-06  9.122856273005259E-08 1387319
 273    5440.00    5460.00  9.151057661126497E-06  8.894663732395818E-08 1372384
 274    5460.00    5480.00  8.865108988121825E-06  8.670882485571471E-08 1356120
 275    5480.00    5500.00  8.607493843228585E-06  8.439195827185992E-08 1347014
 276    5500.00    5520.00  8.441135117325141E-06  8.607173560006131E-08 1332130
 277    5520.00    5540.00  8.137337578704553E-06  8.005783476196863E-08 1321636
 278    5540.00    5560.00  7.946268918123119E-06  7.876244138146217E-08 1307372
 279    5560.00    5580.00  7.651165006472870E-06  7.585814402104031E-08 1293311
 280    5580.00    5600.00  7.385644389784419E-06  7.573548730232710E-08 1280663
 281    5600.00    5620.00  7.371901115901391E-06  7.962163558204276E-08 1268168
 282    5620.00    5640.00  6.995498821610327E-06  7.249052122750956E-08 1255534
 283    5640.00    5660.00  6.946501708810901E-06  7.013582102640874E-08 1244447
 284    5660.00    5680.00  6.523737713279217E-06  6.759499883543967E-08 1232509
 285    5680.00    5700.00  6.450155343238689E-06  6.743494443153523E-08 1217883
 286    5700.00    5720.00  6.139178495867114E-06  6.339062656613281E-08 1207516
 287    5720.00    5740.00  6.106673550966793E-06  6.437474128339220E-08 1196208
 288    5740.00    5760.00  5.891259562191084E-06  6.251779827451148E-08 1183172
 289    5760.00    5780.00  5.737892331381249E-06  6.382332587250676E-08 1171805
 290    5780.00    5800.00  5.537294465061527E-06  6.113419093055574E-08 1160393
 291    5800.00    5820.00  5.422255990357335E-06  6.042712467834807E-08 1149959
 292    5820.00    5840.00  5.162659945552602E-06  5.765848126837299E-08 1138468
 293    5840.00    5860.00  5.095800619220147E-06  5.823891893812144E-08 1129922
 294    5860.00    5880.00  4.921412045801770E-06  5.296560808966341E-08 1115891
 295    5880.00    5900.00  4.710876147332991E-06  5.350759603878578E-08 1105202
 296    5900.00    5920.00  4.555823829684223E-06  4.927391260733584E-08 1095455
 297    5920.00    5940.00  4.409936400990883E-06  5.126260484108533E-08 1084480
 298    5940.00    5960.00  4.305614104580410E-06  4.881982332014180E-08 1072963
 299    5960.00    5980.00  4.138670870127030E-06  4.463592867132966E-08 1062326
 300    5980.00    6000.00  3.961549620880532E-06  4.235523996610015E-08 1052597
 301    6000.00    6020.00  3.938654320286260E-06  4.556521400357541E-08 1041797
 302    6020.00    6040.00  3.828113561007840E-06  4.227400690436457E-08 1032048
 303    6040.00    6060.00  3.634383806658204E-06  4.296886264887991E-08 1020386
 304    6060.00    6080.00  3.636126193114104E-06  4.137536641772341E-08 1012974
 305    6080.00    6100.00  3.555275783584280E-06  4.142530722648494E-08 1002526
 306    6100.00    6120.00  3.396626713927232E-06  4.035201462014594E-08 994601
 307    6120.00    6140.00  3.182225270848669E-06  3.703818287468218E-08 981142
 308    6140.00    6160.00  3.087877556756218E-06  3.510094708010868E-08 973306
 309    6160.00    6180.00  3.022067631678177E-06  3.617442170099560E-08 962654
 310    6180.00    6200.00  2.980983718364721E-06  3.555955780739457E-08 956142
 311    6200.00    6220.00  2.856838921024852E-06  3.365903155217232E-08 945996
 312    6220.00    6240.00  2.720277233720517E-06  3.134872334645898E-08 935229
 313    6240.00    6260.00  2.680955645860215E-06  3.209812848332761E-08 925921
 314    6260.00    6280.00  2.612422200629650E-06  3.144454111395581E-08 918136
 315    6280.00    6300.00  2.563350017095383E-06  3.185946313141040E-08 907113
 316    6300.00    6320.00  2.413317946504894E-06  3.081385942130944E-08 900292
 317    6320.00    6340.00  2.333801567177458E-06  2.936813924019345E-08 888570
 318    6340.00    6360.00  2.251589948996897E-06  2.889147872477413E-08 881252
 319    6360.00    6380.00  2.217259544505366E-06  2.708939902744308E-08 872558
 320    6380.00    6400.00  2.133688195944557E-06  2.676435434785850E-08 864348
 321    6400.00    6420.00  2.045446550873754E-06  2.583596186021013E-08 855182
 322    6420.00    6440.00  1.949233826589989E-06  2.564973325953886E-08 847139
 323    6440.00    6460.00  1.966887946324490E-06  2.570562788225030E-08 836854
 324    6460.00    6480.00  1.852211540487062E-06  2.586678740569581E-08 829943
 325    6480.00    6500.00  1.777994304800661E-06  2.242867882004885E-08 821774
 326    6500.00    6520.00  1.758422217191451E-06  2.396084890311372E-08 815135
 327    6520.00    6540.00  1.689524651179181E-06  2.303796737552382E-08 805367
 328    6540.00    6560.00  1.624987935548087E-06  2.150735646172625E-08 798305
 329    6560.00    6580.00  1.599687009502257E-06  2.110226085492557E-08 789475
 330    6580.00    6600.00  1.521909254332403E-06  2.071363985333622E-08 780130
 331    6600.00    6620.00  1.446905138943963E-06  1.903125326579949E-08 774481
 332    6620.00    6640.00  1.424171977078041E-06  1.964069297785415E-08 766981
 333    6640.00    6660.00  1.365179827846331E-06  1.841899271652330E-08 759618
 334    6660.00    6680.00  1.349170485452291E-06  1.985977372193343E-08 750978
 335    6680.00    6700.00  1.295637755911414E-06  1.771769933913123E-08 743037
 336    6700.00    6720.00  1.217037562699289E-06  1.646862326403474E-08 735858
 337    6720.00    6740.00  1.199389442900949E-06  1.712426680757902E-08 727375
 338    6740.00    6760.00  1.159258743463457E-06  1.602274463118020E-08 720990
 339    6760.00    6780.00  1.128277186988477E-06  1.643039657757205E-08 715875
 340    6780.00    6800.00  1.060116866478452E-06  1.491988253942232E-08 708300
 341    6800.00    6820.00  1.032601440377112E-06  1.459717411468338E-08 699802
 342    6820.00    6840.00  1.001965194702584E-06  1.343128219020002E-08 693747
 343    6840.00    6860.00  9.633161552534378E-07  1.390945984101507E-08 685553
 344    6860.00    6880.00  9.235004747095722E-07  1.300272652348874E-08 678010
 345    6880.00    6900.00  9.208123534462298E-07  1.280340801101619E-08 674050
 346    6900.00    6920.00  8.849737721707838E-07  1.284561560207579E-08 665249
 347    6920.00    6940.00  8.585414779228625E-07  1.313753572570999E-08 657787
 348    6940.00    6960.00  8.007249828564074E-07  1.215496877103315E-08 651332
 349    6960.00    6980.00  7.972804380385379E-07  1.228939124774281E-08 645740
 350    6980.00    7000.00  7.525156706259607E-07  1.137132559502678E-08 639188
 351    7000.00    7020.00  7.354819599019224E-07  1.171208073665790E-08 631539
 352    7020.00    7040.00  6.880956368163040E-07  9.980243068826180E-09 624638
 353    7040.00    7060.00  6.859214829751695E-07  1.101912983845365E-08 619501
 354    7060.00    7080.00  6.353774266080219E-07  9.431606188078375E-09 612269
 355    7080.00    7100.00  6.356724777793874E-07  1.027189140818417E-08 606849
 356    7100.00    7120.00  5.971334039145515E-07  8.818111142951634E-09 601258
 357    7120.00    7140.00  5.785406817154560E-07  8.984153079473161E-09 595379
 358    7140.00    7160.00  5.477936092367241E-07  8.002590954983525E-09 588415
 359    7160.00    7180.00  5.327962371810047E-07  7.973422295687284E-09 580475
 360    7180.00    7200.00  5.343528725096362E-07  9.305634818801377E-09 576995
 361    7200.00    7220.00  5.028109405488053E-07  7.796597954340510E-09 570038
 362    7220.00    7240.00  4.918888403939424E-07  7.568966115975017E-09 564493
 363    7240.00    7260.00  4.493068126928263E-07  7.312297621871181E-09 560094
 364    7260.00    7280.00  4.564188017283959E-07  7.618402499242170E-09 552535
 365    7280.00    7300.00  4.327968480400564E-07  7.177373816399576E-09 547304
 366    7300.00    7320.00  4.167654833959811E-07  6.714454414800733E-09 540486
 367    7320.00    7340.00  4.042228845716002E-07  6.845542964330839E-09 536383
 368    7340.00    7360.00  3.992078739602216E-07  7.072633987938586E-09 528563
 369    7360.00    7380.00  3.578421284711440E-07  5.537386555364057E-09 522825
 370    7380.00    7400.00  3.571518542372788E-07  6.045615672295041E-09 519762
 371    7400.00    7420.00  3.441082178941846E-07  5.756878741959470E-09 512993
 372    7420.00    7440.00  3.352378342716515E-07  5.517920374566425E-09 507220
 373    7440.00    7460.00  3.151997538423562E-07  5.216325873165443E-09 503546
 374    7460.00    7480.00  3.086361465000749E-07  5.723949689335036E-09 497671
 375    7480.00    7500.00  2.941974884334359E-07  4.980400516883753E-09 491267
 376    7500.00    7520.00  2.798245630086704E-07  4.664918046335441E-09 487776
 377    7520.00    7540.00  2.710280513606614E-07  4.503298840448732E-09 482444
 378    7540.00    7560.00  2.652173193592910E-07  4.787030320061950E-09 477289
 379    7560.00    7580.00  2.503028157590046E-07  4.424424824017783E-09 471378
 380    7580.00    7600.00  2.465975857953333E-07  4.539098417818480E-09 465632
 381    7600.00    7620.00  2.304316278701443E-07  3.983963087111021E-09 461949
 382    7620.00    7640.00  2.208469202569667E-07  3.767971468728520E-09 456539
 383    7640.00    7660.00  2.155428388573121E-07  3.891892131239126E-09 451735
 384    7660.00    7680.00  1.985751202865608E-07  3.495253226163419E-09 446930
 385    7680.00    7700.00  1.939061965651339E-07  3.391366792441294E-09 441817
 386    7700.00    7720.00  1.890315484431479E-07  3.377654774442196E-09 437277
 387    7720.00    7740.00  1.791462634809549E-07  3.178660486390353E-09 431667
 388    7740.00    7760.00  1.732444554433163E-07  3.234421531617948E-09 427096
 389    7760.00    7780.00  1.719635969645731E-07  3.430362595542147E-09 421868
 390    7780.00    7800.00  1.609025215620352E-07  2.900938617534926E-09 418941
 391    7800.00    7820.00  1.524694498453349E-07  2.827040122697533E-09 413468
 392    7820.00    7840.00  1.456259166970228E-07  2.643140818190298E-09 408723
 393    7840.00    7860.00  1.373258382540505E-07  2.516607340344674E-09 404992
 394    7860.00    7880.00  1.388569336340329E-07  2.565309747743126E-09 400310
 395    7880.00    7900.00  1.262620441859671E-07  2.291396443142022E-09 396470
 396    7900.00    7920.00  1.288388955472818E-07  2.561967717170379E-09 390750
 397    7920.00    7940.00  1.173879047546422E-07  2.056858619876917E-09 386882
 398    7940.00    7960.00  1.137164221589243E-07  2.224176153920812E-09 382981
 399    7960.00    7980.00  1.098944007392233E-07  2.039933881344975E-09 378736
 400    7980.00    8000.00  1.036264980497519E-07  2.017592089855816E-09 374870
 401    8000.00    8020.00  9.832937833572732E-08  1.890090548114325E-09 370071
 402    8020.00    8040.00  9.550121759161329E-08  1.798645533114640E-09 365791
 403    8040.00    8060.00  9.024284544112544E-08  1.961262941593889E-09 360557
 404    8060.00    8080.00  8.857068775963770E-08  1.686150396581218E-09 357347
 405    8080.00    8100.00  8.486159446007821E-08  1.625323021581760E-09 353446
 406    8100.00    8120.00  8.032493721924979E-08  1.558741379205166E-09 349908
 407    8120.00    8140.00  7.538314760134429E-08  1.504386204305771E-09 345495
 408    8140.00    8160.00  7.520739291271180E-08  1.588661689499486E-09 341644
 409    8160.00    8180.00  6.944007549725714E-08  1.421789365808820E-09 337430
 410    8180.00    8200.00  6.735904644170296E-08  1.343991196419499E-09 334920
 411    8200.00    8220.00  6.265990221891999E-08  1.261697383699415E-09 330150
 412    8220.00    8240.00  6.223812579251048E-08  1.282826703757416E-09 326524
 413    8240.00    8260.00  5.683688189175976E-08  1.124010358543882E-09 321896
 414    8260.00    8280.00  5.551158183487443E-08  1.066559793321349E-09 319374
 415    8280.00    8300.00  5.391604194491103E-08  1.072654080014875E-09 315824
 416    8300.00    8320.00  4.984624283512042E-08  9.843392856905382E-10 311305
 417    8320.00    8340.00  4.866960133247297E-08  9.928646739865928E-10 308649
 418    8340.00    8360.00  4.600726400445156E-08  9.590138007528954E-10 303613
 419    8360.00    8380.00  4.559140038531234E-08  9.524963821328277E-10 302185
 420    8380.00    8400.00  4.332803137525382E-08  9.102126901284640E-10 298043
 421    8400.00    8420.00  4.128282056651133E-08  8.267392772724338E-10 292904
 422    8420.00    8440.00  3.895242754490298E-08  7.856536669242609E-10 290751
 423    8440.00    8460.00  3.596514539005843E-08  7.413766360436086E-10 287086
 424    8460.00    8480.00  3.643299464636793E-08  8.430840769856640E-10 283956
 425    8480.00    8500.00  3.424633533328874E-08  7.290917091241376E-10 281238
 426    8500.00    8520.00  3.166783811463544E-08  6.837729374169266E-10 276579
 427    8520.00    8540.00  2.991395452155642E-08  6.619842823226980E-10 273080
 428    8540.00    8560.00  2.861430865231639E-08  6.036236705819304E-10 269836
 429    8560.00    8580.00  2.721055112635843E-08  5.798092913781714E-10 266630
 430    8580.00    8600.00  2.680713677735419E-08  5.597968246898729E-10 264480
 431    8600.00    8620.00  2.476820109588362E-08  4.929636277619683E-10 259601
 432    8620.00    8640.00  2.343391327659571E-08  4.893733436483073E-10 257296
 433    8640.00    8660.00  2.326654930552995E-08  5.247320674278390E-10 254290
 434    8660.00    8680.00  2.199761419776841E-08  4.990773161175991E-10 250531
 435    8680.00    8700.00  2.008296081819230E-08  4.319361974526442E-10 247877
 436    8700.00    8720.00  2.036631149500520E-08  5.075262910741414E-10 244141
 437    8720.00    8740.00  1.826828225704011E-08  4.456980817427391E-10 241306
 438    8740.00    8760.00  1.788221884634341E-08  4.525390152049374E-10 238198
 439    8760.00    8780.00  1.680198866558791E-08  3.883559975664472E-10 236276
 440    8780.00    8800.00  1.633395401435850E-08  3.931758280490563E-10 232635
 441    8800.00    8820.00  1.519398040696838E-08  3.336973269827280E-10 229712
 442    8820.00    8840.00  1.443147162856667E-08  3.285917790476117E-10 227156
 443    8840.00    8860.00  1.335789893209455E-08  2.995466993264044E-10 223491
 444    8860.00    8880.00  1.318126680796266E-08  2.932976719555921E-10 221656
 445    8880.00    8900.00  1.249164447449186E-08  3.179647180812634E-10 218688
 446    8900.00    8920.00  1.152244307903088E-08  2.650288864242405E-10 215869
 447    8920.00    8940.00  1.112531154498869E-08  2.803111886161495E-10 213603
 448    8940.00    8960.00  1.055355417330610E-08  2.486016212586442E-10 210175
 449    8960.00    8980.00  9.859943764631311E-09  2.461583784692443E-10 207379
 450    8980.00    9000.00  9.672839893414723E-09  2.232413502254716E-10 205342
 451    9000.00    9020.00  8.924367197714295E-09  2.362566387853252E-10 202956
 452    9020.00    9040.00  8.335727758102654E-09  2.078442961286117E-10 198690
 453    9040.00    9060.00  8.017611814360414E-09  2.137714711475685E-10 197572
 454    9060.00    9080.00  7.341476201452278E-09  1.785156348224018E-10 194300
 455    9080.00    9100.00  6.963305017383467E-09  1.566606455716873E-10 191649
 456    9100.00    9120.00  7.086136768769240E-09  1.966533526702393E-10 188454
 457    9120.00    9140.00  6.632652397836439E-09  1.561666710400935E-10 186952
 458    9140.00    9160.00  6.383239459526649E-09  1.571484033282343E-10 184858
 459    9160.00    9180.00  5.731700648490454E-09  1.427762542342900E-10 181447
 460    9180.00    9200.00  5.222550056166496E-09  1.265394867178023E-10 178040
 461    9200.00    9220.00  4.958485049785489E-09  1.250756455357334E-10 177019
 462    9220.00    9240.00  4.645991664632986E-09  1.088654480099588E-10 174554
 463    9240.00    9260.00  4.394680433973276E-09  1.014848328537149E-10 172172
 464    9260.00    9280.00  4.236550858736819E-09  1.039880317180865E-10 170551
 465    9280.00    9300.00  4.064637856456606E-09  9.934748741911299E-11 167570
 466    9300.00    9320.00  3.755155395628477E-09  9.488774481026806E-11 165151
 467    9320.00    9340.00  3.493799696918404E-09  8.216884304641167E-11 162832
 468    9340.00    9360.00  3.489762367455547E-09  1.156240157594624E-10 160027
 469    9360.00    9380.00  3.224029517756871E-09  7.891754537239743E-11 158051
 470    9380.00    9400.00  2.967819858889193E-09  7.029441146518124E-11 155299
 471    9400.00    9420.00  2.859832151755553E-09  6.827958252936468E-11 154253
 472    9420.00    9440.00  2.666073380570855E-09  6.701541033356267E-11 151311
 473    9440.00    9460.00  2.504923862727838E-09  7.069568871832963E-11 149528
 474    9460.00    9480.00  2.299171759659186E-09  5.588105913732621E-11 148242
 475    9480.00    9500.00  2.151567220901261E-09  5.611614990944614E-11 144309
 476    9500.00    9520.00  2.072286624777494E-09  6.029859730862909E-11 143379
 477    9520.00    9540.00  1.911996961938514E-09  5.084319574228239E-11 140504
 478    9540.00    9560.00  1.808373144924640E-09  5.153930130679931E-11 139479
 479    9560.00    9580.00  1.756020199375063E-09  4.958772303389935E-11 136698
 480    9580.00    9600.00  1.649696924096790E-09  5.110666627793895E-11 134994
 481    9600.00    9620.00  1.499825693127291E-09  4.239543281763537E-11 132491
 482    9620.00    9640.00  1.430625471128251E-09  4.049460009776789E-11 130851
 483    9640.00    9660.00  1.297801004475543E-09  3.335521452165647E-11 128884
 484    9660.00    9680.00  1.302515718571360E-09  4.151876043801617E-11 127326
 485    9680.00    9700.00  1.144368343344775E-09  2.969336440746499E-11 124885
 486    9700.00    9720.00  1.056061396561581E-09  2.841813107679515E-11 123481
 487    9720.00    9740.00  1.033637550028306E-09  2.756691576490261E-11 121727
 488    9740.00    9760.00  1.001477320534398E-09  2.965256590917658E-11 120089
 489    9760.00    9780.00  8.762809353967972E-10  2.459624103470664E-11 116538
 490    9780.00    9800.00  8.223377365522222E-10  2.385286840300418E-11 115248
 491    9800.00    9820.00  7.686301730892434E-10  2.256848974219581E-11 113868
 492    9820.00    9840.00  6.926490887546258E-10  2.002121507890769E-11 112206
 493    9840.00    9860.00  6.478698411180798E-10  1.683451825970129E-11 110017
 494    9860.00    9880.00  5.949535252564231E-10  1.597722197030667E-11 108304
 495    9880.00    9900.00  5.728228026201637E-10  1.603739487430288E-11 106828
 496    9900.00    9920.00  5.532152088701161E-10  1.858222760814707E-11 104849
 497    9920.00    9940.00  5.261021701474792E-10  1.724203076802760E-11 102885
 498    9940.00    9960.00  4.833423618348873E-10  1.454874628924908E-11 101803
 499    9960.00    9980.00  4.374411790113701E-10  1.275613492956371E-11 100432
 500    9980.00   10000.00  3.986850850581947E-10  1.100422131105077E-11 98502
 501   10000.00   10020.00  3.786362967948498E-10  1.176358237306148E-11 96649
 502   10020.00   10040.00  3.392019672684260E-10  1.054555779629396E-11 94783
 503   10040.00   10060.00  3.357307001234020E-10  1.179566881696253E-11 94285
 504   10060.00   10080.00  2.938847923960155E-10  9.030458174692323E-12 91678
 505   10080.00   10100.00  2.762843340127571E-10  8.009186481822127E-12 90958
 506   10100.00   10120.00  2.629431585525154E-10  8.251162931503194E-12 89173
 507   10120.00   10140.00  2.366594012034103E-10  7.434074478201508E-12 87858
 508   10140.00   10160.00  2.309185577562700E-10  7.505587413401256E-12 86003
 509   10160.00   10180.00  2.149249562463035E-10  7.691041622644399E-12 84470
 510   10180.00   10200.00  1.842874714907966E-10  5.890401769923507E-12 83136
 511   10200.00   10220.00  1.854388779272301E-10  6.675249520485794E-12 81350
 512   10220.00   10240.00  1.614651797264201E-10  5.738907423889105E-12 79985
 513   10240.00   10260.00  1.404820067110290E-10  4.544304796206564E-12 78578
 514   10260.00   10280.00  1.308529631658749E-10  4.082555512649267E-12 77456
 515   10280.00   10300.00  1.277043931385772E-10  4.736768502729106E-12 76020
 516   10300.00   10320.00  1.242238691980618E-10  4.595519693386299E-12 74418
 517   10320.00   10340.00  1.131181145512139E-10  4.106329105259500E-12 72688
 518   10340.00   10360.00  1.012382325601955E-10  3.672456362097175E-12 71481
 519   10360.00   10380.00  9.072746674206871E-11  3.290696844485005E-12 70143
 520   10380.00   10400.00  8.656166619141029E-11  3.081881487022979E-12 68317
 521   10400.00   10420.00  7.338494174398759E-11  2.453766252293674E-12 67741
 522   10420.00   10440.00  7.651183169641157E-11  2.584842259455904E-12 65832
 523   10440.00   10460.00  6.239600149601075E-11  2.328135426324408E-12 65230
 524   10460.00   10480.00  5.678321719228482E-11  2.004352000874127E-12 63534
 525   10480.00   10500.00  5.221949037893460E-11  1.942407971613128E-12 62545
 526   10500.00   10520.00  4.817652100618934E-11  1.658563914991366E-12 61434
 527   10520.00   10540.00  4.661910628798322E-11  1.794643095554533E-12 60307
 528   10540.00   10560.00  4.094468717890564E-11  1.553709719522615E-12 59008
 529   10560.00   10580.00  3.578821527316529E-11  1.424730156307847E-12 57672
 530   10580.00   10600.00  3.285081344669260E-11  1.319373472265779E-12 56280
 531   10600.00   10620.00  3.010532968747447E-11  1.294046493524836E-12 55245
 532   10620.00   10640.00  2.936003536533323E-11  1.346395516177445E-12 54129
 533   10640.00   10660.00  2.611888165852107E-11  1.154829236126447E-12 53092
 534   10660.00   10680.00  2.453666176446741E-11  1.066425179312594E-12 52129
 535   10680.00   10700.00  2.158309485799305E-11  8.736775158569158E-13 51388
 536   10700.00   10720.00  1.923512469389976E-11  7.862287867434614E-13 50152
 537   10720.00   10740.00  1.519005142376970E-11  7.051294243245532E-13 48788
 538   10740.00   10760.00  1.531595838072654E-11  6.871831215069460E-13 47991
 539   10760.00   10780.00  1.454253095351642E-11  7.240183756301921E-13 46609
 540   10780.00   10800.00  1.269686806374466E-11  6.322766442459737E-13 45578
 541   10800.00   10820.00  1.134512034309666E-11  5.172842448200066E-13 44565
 542   10820.00   10840.00  9.536235405386277E-12  4.943681043208848E-13 43650
 543   10840.00   10860.00  9.277478484152872E-12  4.735151688909248E-13 42489
 544   10860.00   10880.00  8.275160881709188E-12  4.341035634217712E-13 42034
 545   10880.00   10900.00  7.766221946781886E-12  3.823907328156235E-13 40459
 546   10900.00   10920.00  6.937730835170574E-12  3.893602893433905E-13 39716
 547   10920.00   10940.00  5.977530834762624E-12  3.197708630407511E-13 39053
 548   10940.00   10960.00  4.933792842691384E-12  3.064287181909480E-13 38101
 549   10960.00   10980.00  4.960678142713471E-12  3.219838322061726E-13 36947
 550   10980.00   11000.00  4.313120981591015E-12  2.787226210157406E-13 35886
 551   11000.00   11020.00  3.862049380732330E-12  2.381707974137978E-13 35018
 552   11020.00   11040.00  3.370872803341996E-12  2.259320521625977E-13 34300
 553   11040.00   11060.00  3.036786301101700E-12  2.083843816034548E-13 33091
 554   11060.00   11080.00  2.706951828152365E-12  1.892361223035838E-13 32798
 555   11080.00   11100.00  2.217162392201090E-12  1.814370195216748E-13 31798
 556   11100.00   11120.00  2.346612281072448E-12  1.420319971299482E-13 31309
 557   11120.00   11140.00  1.974423450244432E-12  1.572113450100723E-13 30256
 558   11140.00   11160.00  1.659943152946881E-12  1.439702794012646E-13 29346
 559   11160.00   11180.00  1.549587882811886E-12  1.228619838571203E-13 28771
 560   11180.00   11200.00  1.423118642527477E-12  1.168712951677798E-13 27692
 561   11200.00   11220.00  1.126721518086991E-12  9.235424784554852E-14 27176
 562   11220.00   11240.00  1.396961676749677E-12  3.529841397999578E-13 26189
 563   11240.00   11260.00  7.360716021111106E-13  8.758263925900484E-14 25679
 564   11260.00   11280.00  8.824004677150828E-13  8.661980529128657E-14 25161
 565   11280.00   11300.00  6.627556090051788E-13  6.620255708362734E-14 24148
 566   11300.00   11320.00  5.504771510530658E-13  5.179564572340659E-14 23269
 567   11320.00   11340.00  5.770908207837328E-13  5.634861334639108E-14 22677
 568   11340.00   11360.00  5.316366042758960E-13  5.959435631874249E-14 22234
 569   11360.00   11380.00  4.482668729242105E-13  4.093033604731921E-14 21629
 570   11380.00   11400.00  3.038413624920567E-13  3.882074270242054E-14 20730
 571   11400.00   11420.00  3.328193103111334E-13  3.758559848181227E-14 20167
 572   11420.00   11440.00  2.255062945786905E-13  4.381522697622855E-14 19407
 573   11440.00   11460.00  2.224863521248711E-13  3.628760409022809E-14 18795
 574   11460.00   11480.00  2.162151695472645E-13  3.183449231850431E-14 18360
 575   11480.00   11500.00  1.943623918281376E-13  2.527874740858102E-14 17783
 576   11500.00   11520.00  1.388730611101029E-13  2.959954157229567E-14 17313
 577   11520.00   11540.00  1.189570573193521E-13  2.058773145859165E-14 16684
 578   11540.00   11560.00  9.848781207411317E-14  2.359275632150889E-14 15911
 579   11560.00   11580.00  9.389706094476910E-14  1.644082676207737E-14 15543
 580   11580.00   11600.00  6.680363224187463E-14  1.332724792417968E-14 14815
 581   11600.00   11620.00  7.945594139823841E-14  2.533905787874586E-14 14528
 582   11620.00   11640.00  4.426344819381649E-14  1.265367133963193E-14 13712
 583   11640.00   11660.00  3.647183861220642E-14  1.047154960257024E-14 13327
 584   11660.00   11680.00  3.085054683342769E-14  9.894317158258427E-15 12751
 585   11680.00   11700.00  4.232916784957886E-14  8.016554475471024E-15 12316
 586   11700.00   11720.00  2.480559695004730E-14  7.259590003201573E-15 11866
 587   11720.00   11740.00  1.776531138216213E-14  6.999904542050944E-15 11324
 588   11740.00   11760.00  2.056699878768711E-14  8.449469924144100E-15 10892
 589   11760.00   11780.00  7.847961594681888E-15  4.638380425364195E-15 10408
 590   11780.00   11800.00  1.509012325839342E-14  4.825734178944104E-15 10147
 591   11800.00   11820.00  1.580039576220060E-15  4.031892971105573E-15 9647
 592   11820.00   11840.00  6.150491745393763E-15  4.453749325527165E-15 9237
 593   11840.00   11860.00 -7.805162209813550E-16  3.368670469358748E-15 8848
 594   11860.00   11880.00  9.761331077709434E-15  5.582472916794253E-15 8378
 595   11880.00   11900.00  8.656221077373814E-15  3.349926752554049E-15 8122
 596   11900.00   11920.00  1.074139682246804E-15  2.139943573939127E-15 7734
 597   11920.00   11940.00  4.200889391835165E-15  3.609696498983835E-15 7371
 598   11940.00   11960.00  3.710318955638735E-15  1.839684240429225E-15 6905
 599   11960.00   11980.00  3.322824554043201E-15  1.922623217856939E-15 6586
 600   11980.00   12000.00 -6.138780829915317E-17  1.913508197483053E-15 6294
 601   12000.00   12020.00 -3.182454630538156E-15  1.372001924669644E-15 5856
 602   12020.00   12040.00 -2.525583170261827E-16  1.135306641877129E-15 5655
 603   12040.00   12060.00 -6.977174975392110E-16  1.132330633002641E-15 5462
 604   12060.00   12080.00  4.912828338786846E-16  7.494748512107898E-16 5018
 605   12080.00   12100.00  2.088344119128880E-16  6.609546866327405E-16 4704
 606   12100.00   12120.00  1.011700634395837E-15  1.148874204216382E-15 4611
 607   12120.00   12140.00 -2.706440602729416E-16  4.418667827558685E-16 4147
 608   12140.00   12160.00 -2.658096533597282E-16  3.975325839870523E-16 3969
 609   12160.00   12180.00 -7.232494413551796E-17  3.509745271318034E-16 3685
 610   12180.00   12200.00  3.694059608041813E-16  4.407152640557623E-16 3414
 611   12200.00   12220.00 -1.950311359400961E-16  2.547696238947490E-16 3336
 612   12220.00   12240.00  1.382411834683510E-16  2.730907127139161E-16 3021
 613   12240.00   12260.00  2.809501695823063E-16  2.516085518036638E-16 2801
 614   12260.00   12280.00 -1.817317897225377E-16  2.107762199549048E-16 2631
 615   12280.00   12300.00  3.452255465628182E-16  2.122192786565412E-16 2446
 616   12300.00   12320.00 -2.738909231165058E-16  1.646725652193272E-16 2268
 617   12320.00   12340.00 -1.275925960250004E-16  1.211729861860106E-16 2107
 618   12340.00   12360.00 -3.129816208971830E-17  9.035987570555051E-17 1939
 619   12360.00   12380.00  1.126867876231288E-16  7.988208948611073E-17 1715
 620   12380.00   12400.00 -8.402757249188437E-17  5.097955563830586E-17 1595
 621   12400.00   12420.00 -5.045812490517453E-18  6.478237896910553E-17 1361
 622   12420.00   12440.00  2.463380580960621E-17  3.887169866284675E-17 1336
 623   12440.00   12460.00 -1.756288218729335E-17  2.183581623597214E-17 1195
 624   12460.00   12480.00  2.748027945704901E-17  2.643767352610756E-17 1067
 625   12480.00   12500.00 -2.485020887307298E-17  1.779605447173603E-17 938
 626   12500.00   12520.00 -1.556463977704742E-17  2.239776693891695E-17 806
 627   12520.00   12540.00 -2.814527883540352E-18  9.566816182947337E-18 741
 628   12540.00   12560.00 -2.072796367078378E-18  6.716614864062875E-18 619
 629   12560.00   12580.00 -7.797084019377881E-18  8.995815302304931E-18 526
 630   12580.00   12600.00  3.748889457011834E-19  5.026760796616962E-18 520
 631   12600.00   12620.00 -1.059553422582395E-18  3.925101339206878E-18 397
 632   12620.00   12640.00 -5.562043706068083E-19  1.850920037400926E-18 331
 633   12640.00   12660.00  1.149013039737601E-18  1.404750280692731E-18 252
 634   12660.00   12680.00 -6.802419605407963E-18  7.035825980678806E-18 196
 635   12680.00   12700.00 -5.303093647868587E-19  4.983122276772556E-19 182
 636   12700.00   12720.00 -3.108521780442237E-19  3.139540545291969E-19 141
 637   12720.00   12740.00  4.583352478963038E-19  2.924697089630837E-19 102
 638   12740.00   12760.00 -1.146644917911669E-19  1.375686720589570E-19 84
 639   12760.00   12780.00  1.935132814911522E-19  2.624216516452544E-19 65
 640   12780.00   12800.00 -1.940820390939872E-20  2.097042830576780E-20 28
 641   12800.00   12820.00  3.960850385489991E-20  4.689022501617734E-20 32
 642   12820.00   12840.00 -5.488618786148995E-21  2.468374468257306E-21 12
 643   12840.00   12860.00  5.684189816469814E-22  4.046555950531474E-22 4
 644   12860.00   12880.00  0.000000000000000E+00  0.000000000000000E+00 0
 645   12880.00   12900.00  0.000000000000000E+00  0.000000000000000E+00 0
 646   12900.00   12920.00  0.000000000000000E+00  0.000000000000000E+00 0
 647   12920.00   12940.00  0.000000000000000E+00  0.000000000000000E+00 0
 648   12940.00   12960.00  0.000000000000000E+00  0.000000000000000E+00 0
 649   12960.00   12980.00  0.000000000000000E+00  0.000000000000000E+00 0
 650   12980.00   13000.00  0.000000000000000E+00  0.000000000000000E+00 0
# Underflow:                 0.0000000000000000E+00  0.0000000000000000E+00 0
# Overflow:                  0.0000000000000000E+00  0.0000000000000000E+00 0
#-------------------------------------------------------------------------------------
# Sum:                       1.0468648594316543E+00  3.4529162924066165E-04 107479000
#=====================================================================================
# Number of generated events: 3357351632
