# BEGIN PLOT
LegendOnly=//itp/scratch/rauch/Projekte/VBFNLO/VBSCAN/VBSComparison/parton-shower/VBFNLO/VBFNLO-NLO.yoda/MC_VBSCAN_MCComparison/m_ll //itp/scratch/rauch/Projekte/VBFNLO/VBSCAN/VBSComparison/parton-shower/MG5_aMC/new_results/H7/run_H7_10M_mush1.yoda/MC_VBSCAN_MCComparison/m_ll //itp/scratch/rauch/Projekte/VBFNLO/VBSCAN/VBSComparison/parton-shower/MG5_aMC/new_results/run_FIX_NLOPS_PY8_UNC_MUFACT1/run_PY8_10M_mush1_error_all.yoda/MC_VBSCAN_MCComparison/m_ll //itp/scratch/rauch/Projekte/VBFNLO/VBSCAN/VBSComparison/parton-shower/MG5_aMC/new_results/run_FIX_NLOPS_PY8_UNC_MUFACT1/run_PY8_10M_mush1_error_scale.yoda/MC_VBSCAN_MCComparison/m_ll //itp/scratch/rauch/Projekte/VBFNLO/VBSCAN/VBSComparison/parton-shower/MG5_aMC/new_results/run_FIX_NLOPS_PY8_UNC_MUFACT05/run_PY8_10M_mush05.yoda/MC_VBSCAN_MCComparison/m_ll //itp/scratch/rauch/Projekte/VBFNLO/VBSCAN/VBSComparison/parton-shower/Powheg/Powheg.yoda/MC_VBSCAN_MCComparison/m_ll //itp/scratch/rauch/Projekte/VBFNLO/VBSCAN/VBSComparison/parton-shower/Powheg/lhef.yoda/MC_VBSCAN_MCComparison/m_ll //itp/scratch/rauch/Projekte/VBFNLO/VBSCAN/VBSComparison/parton-shower/VBFNLO/Herwig-MCatNLO-DefaultShower.yoda/MC_VBSCAN_MCComparison/m_ll //itp/scratch/rauch/Projekte/VBFNLO/VBSCAN/VBSComparison/parton-shower/VBFNLO/Herwig-MCatNLO-DipoleShower_scale.yoda/MC_VBSCAN_MCComparison/m_ll
DrawOnly=//itp/scratch/rauch/Projekte/VBFNLO/VBSCAN/VBSComparison/parton-shower/VBFNLO/VBFNLO-NLO.yoda/MC_VBSCAN_MCComparison/m_ll //itp/scratch/rauch/Projekte/VBFNLO/VBSCAN/VBSComparison/parton-shower/MG5_aMC/new_results/H7/run_H7_10M_mush1.yoda/MC_VBSCAN_MCComparison/m_ll //itp/scratch/rauch/Projekte/VBFNLO/VBSCAN/VBSComparison/parton-shower/MG5_aMC/new_results/run_FIX_NLOPS_PY8_UNC_MUFACT1/run_PY8_10M_mush1_error_all.yoda/MC_VBSCAN_MCComparison/m_ll //itp/scratch/rauch/Projekte/VBFNLO/VBSCAN/VBSComparison/parton-shower/MG5_aMC/new_results/run_FIX_NLOPS_PY8_UNC_MUFACT1/run_PY8_10M_mush1_error_scale.yoda/MC_VBSCAN_MCComparison/m_ll //itp/scratch/rauch/Projekte/VBFNLO/VBSCAN/VBSComparison/parton-shower/MG5_aMC/new_results/run_FIX_NLOPS_PY8_UNC_MUFACT05/run_PY8_10M_mush05.yoda/MC_VBSCAN_MCComparison/m_ll //itp/scratch/rauch/Projekte/VBFNLO/VBSCAN/VBSComparison/parton-shower/Powheg/Powheg.yoda/MC_VBSCAN_MCComparison/m_ll //itp/scratch/rauch/Projekte/VBFNLO/VBSCAN/VBSComparison/parton-shower/Powheg/lhef.yoda/MC_VBSCAN_MCComparison/m_ll //itp/scratch/rauch/Projekte/VBFNLO/VBSCAN/VBSComparison/parton-shower/VBFNLO/Herwig-MCatNLO-DefaultShower.yoda/MC_VBSCAN_MCComparison/m_ll //itp/scratch/rauch/Projekte/VBFNLO/VBSCAN/VBSComparison/parton-shower/VBFNLO/Herwig-MCatNLO-DipoleShower_scale.yoda/MC_VBSCAN_MCComparison/m_ll
Title=Dilepton invariant mass (NLO+PS)
RatioPlot=1
LogY=1
RatioPlotYLabel=Ratio
RatioPlotSameStyle=1
RatioPlotReference=//itp/scratch/rauch/Projekte/VBFNLO/VBSCAN/VBSComparison/parton-shower/VBFNLO/VBFNLO-NLO.yoda/MC_VBSCAN_MCComparison/m_ll
XLabel=$m_{e,\mu}$~[GeV]
YLabel=$d~\sigma_{pp\to e^+\nu \mu^+\nu jj}/d~m_{e,\mu}$~[fb/GeV]
Legend=1
# END PLOT

# BEGIN HISTO1D //itp/scratch/rauch/Projekte/VBFNLO/VBSCAN/VBSComparison/parton-shower/VBFNLO/VBFNLO-NLO.yoda/MC_VBSCAN_MCComparison/m_ll
ErrorBandColor={[rgb]{0.40,0.40,0.40}}
ErrorBandOpacity=0.3
ErrorBands=0
LineColor={[rgb]{0.40,0.40,0.40}}
LineStyle=solid
Path=//itp/scratch/rauch/Projekte/VBFNLO/VBSCAN/VBSComparison/parton-shower/VBFNLO/VBFNLO-NLO.yoda/MC_VBSCAN_MCComparison/m_ll
RatioPlotErrorBandColor={[rgb]{0.40,0.40,0.40}}
ScaledBy=1
Title=NLO (fixed order)
XLabel=~
YLabel=~
# xlow	 xhigh	 val	 errminus	 errplus
0.000000e+00	1.000000e+02	5.273277e-03	7.206339e-07	7.206339e-07
1.000000e+02	2.000000e+02	5.182428e-03	6.453991e-07	6.453991e-07
2.000000e+02	3.000000e+02	1.961603e-03	4.350451e-07	4.350451e-07
3.000000e+02	4.000000e+02	7.901824e-04	3.669873e-07	3.669873e-07
4.000000e+02	5.000000e+02	3.497539e-04	1.925729e-07	1.925729e-07
5.000000e+02	6.000000e+02	1.672969e-04	1.101611e-07	1.101611e-07
6.000000e+02	7.000000e+02	8.481081e-05	7.761397e-08	7.761397e-08
7.000000e+02	8.000000e+02	4.522854e-05	5.391852e-08	5.391852e-08
8.000000e+02	9.000000e+02	2.510309e-05	4.244748e-08	4.244748e-08
9.000000e+02	1.000000e+03	1.437907e-05	3.248675e-08	3.248675e-08
1.000000e+03	1.100000e+03	8.376880e-06	2.368588e-08	2.368588e-08
1.100000e+03	1.200000e+03	5.047015e-06	1.645524e-08	1.645524e-08
1.200000e+03	1.300000e+03	3.106046e-06	1.177772e-08	1.177772e-08
1.300000e+03	1.400000e+03	1.918500e-06	1.535904e-08	1.535904e-08
1.400000e+03	1.500000e+03	1.206104e-06	9.219603e-09	9.219603e-09
1.500000e+03	1.600000e+03	7.917465e-07	5.066295e-09	5.066295e-09
1.600000e+03	1.700000e+03	5.049173e-07	4.107841e-09	4.107841e-09
1.700000e+03	1.800000e+03	3.344856e-07	3.007801e-09	3.007801e-09
1.800000e+03	1.900000e+03	2.205849e-07	2.445402e-09	2.445402e-09
1.900000e+03	2.000000e+03	1.499768e-07	1.676792e-09	1.676792e-09
2.000000e+03	2.100000e+03	9.662566e-08	1.609331e-09	1.609331e-09
2.100000e+03	2.200000e+03	6.582526e-08	9.003824e-10	9.003824e-10
2.200000e+03	2.300000e+03	4.608031e-08	1.810155e-09	1.810155e-09
2.300000e+03	2.400000e+03	3.040821e-08	5.170099e-10	5.170099e-10
2.400000e+03	2.500000e+03	2.153629e-08	4.410363e-10	4.410363e-10
2.500000e+03	2.600000e+03	1.494474e-08	6.291443e-10	6.291443e-10
2.600000e+03	2.700000e+03	9.643728e-09	2.329963e-10	2.329963e-10
2.700000e+03	2.800000e+03	6.979067e-09	2.341561e-10	2.341561e-10
2.800000e+03	2.900000e+03	5.032512e-09	2.245305e-10	2.245305e-10
2.900000e+03	3.000000e+03	3.419868e-09	8.231249e-11	8.231249e-11
3.000000e+03	3.100000e+03	2.324934e-09	1.453607e-10	1.453607e-10
3.100000e+03	3.200000e+03	1.530136e-09	9.113120e-11	9.113120e-11
3.200000e+03	3.300000e+03	1.185477e-09	5.886615e-11	5.886615e-11
3.300000e+03	3.400000e+03	7.163673e-10	9.403263e-11	9.403263e-11
3.400000e+03	3.500000e+03	5.412993e-10	4.065086e-11	4.065086e-11
3.500000e+03	3.600000e+03	3.858817e-10	2.703568e-11	2.703568e-11
3.600000e+03	3.700000e+03	2.709580e-10	1.553054e-11	1.553054e-11
3.700000e+03	3.800000e+03	1.790185e-10	1.738905e-11	1.738905e-11
3.800000e+03	3.900000e+03	1.317976e-10	1.007633e-11	1.007633e-11
3.900000e+03	4.000000e+03	7.449734e-11	2.102839e-11	2.102839e-11
# END HISTO1D


# BEGIN HISTO1D //itp/scratch/rauch/Projekte/VBFNLO/VBSCAN/VBSComparison/parton-shower/MG5_aMC/new_results/H7/run_H7_10M_mush1.yoda/MC_VBSCAN_MCComparison/m_ll
ErrorBandColor={[rgb]{0.46,0.44,0.70}}
ErrorBandOpacity=0.3
ErrorBands=0
LineColor={[rgb]{0.46,0.44,0.70}}
LineStyle=solid
Path=//itp/scratch/rauch/Projekte/VBFNLO/VBSCAN/VBSComparison/parton-shower/MG5_aMC/new_results/H7/run_H7_10M_mush1.yoda/MC_VBSCAN_MCComparison/m_ll
RatioPlotErrorBandColor={[rgb]{0.46,0.44,0.70}}
ScaledBy=2.06314518852397269e-06
Title=MG5_aMC+H7-Default
XLabel=~
YLabel=~
# xlow	 xhigh	 val	 errminus	 errplus
0.000000e+00	1.000000e+02	5.460918e-03	1.542180e-05	1.542180e-05
1.000000e+02	2.000000e+02	5.317344e-03	1.524071e-05	1.524071e-05
2.000000e+02	3.000000e+02	2.003438e-03	9.334905e-06	9.334905e-06
3.000000e+02	4.000000e+02	7.878945e-04	5.921514e-06	5.921514e-06
4.000000e+02	5.000000e+02	3.443389e-04	3.911497e-06	3.911497e-06
5.000000e+02	6.000000e+02	1.677337e-04	2.723508e-06	2.723508e-06
6.000000e+02	7.000000e+02	8.694094e-05	1.940015e-06	1.940015e-06
7.000000e+02	8.000000e+02	4.373868e-05	1.413518e-06	1.413518e-06
8.000000e+02	9.000000e+02	2.302470e-05	1.054427e-06	1.054427e-06
9.000000e+02	1.000000e+03	1.466896e-05	7.929030e-07	7.929030e-07
1.000000e+03	1.100000e+03	7.695532e-06	6.004426e-07	6.004426e-07
1.100000e+03	1.200000e+03	5.137232e-06	4.763141e-07	4.763141e-07
1.200000e+03	1.300000e+03	2.413880e-06	3.787431e-07	3.787431e-07
1.300000e+03	1.400000e+03	1.341044e-06	2.836356e-07	2.836356e-07
1.400000e+03	1.500000e+03	1.361676e-06	2.458521e-07	2.458521e-07
1.500000e+03	1.600000e+03	6.808379e-07	2.093864e-07	2.093864e-07
1.600000e+03	1.700000e+03	6.808379e-07	1.501992e-07	1.501992e-07
1.700000e+03	1.800000e+03	7.427323e-07	1.368536e-07	1.368536e-07
1.800000e+03	1.900000e+03	2.063145e-07	1.010730e-07	1.010730e-07
1.900000e+03	2.000000e+03	6.189436e-08	5.458569e-08	5.458569e-08
2.000000e+03	2.100000e+03	6.189436e-08	7.990528e-08	7.990528e-08
2.100000e+03	2.200000e+03	6.189436e-08	5.458569e-08	5.458569e-08
2.200000e+03	2.300000e+03	-6.189436e-08	4.613333e-08	4.613333e-08
2.300000e+03	2.400000e+03	0.000000e+00	4.126290e-08	4.126290e-08
2.400000e+03	2.500000e+03	4.126290e-08	2.917728e-08	2.917728e-08
2.500000e+03	2.600000e+03	0.000000e+00	0.000000e+00	0.000000e+00
2.600000e+03	2.700000e+03	0.000000e+00	0.000000e+00	0.000000e+00
2.700000e+03	2.800000e+03	2.063145e-08	2.063145e-08	2.063145e-08
2.800000e+03	2.900000e+03	0.000000e+00	0.000000e+00	0.000000e+00
2.900000e+03	3.000000e+03	0.000000e+00	0.000000e+00	0.000000e+00
3.000000e+03	3.100000e+03	0.000000e+00	0.000000e+00	0.000000e+00
3.100000e+03	3.200000e+03	0.000000e+00	0.000000e+00	0.000000e+00
3.200000e+03	3.300000e+03	0.000000e+00	0.000000e+00	0.000000e+00
3.300000e+03	3.400000e+03	0.000000e+00	0.000000e+00	0.000000e+00
3.400000e+03	3.500000e+03	-4.126290e-08	2.917728e-08	2.917728e-08
3.500000e+03	3.600000e+03	0.000000e+00	0.000000e+00	0.000000e+00
3.600000e+03	3.700000e+03	0.000000e+00	0.000000e+00	0.000000e+00
3.700000e+03	3.800000e+03	0.000000e+00	0.000000e+00	0.000000e+00
3.800000e+03	3.900000e+03	0.000000e+00	0.000000e+00	0.000000e+00
3.900000e+03	4.000000e+03	0.000000e+00	0.000000e+00	0.000000e+00
# END HISTO1D


# BEGIN HISTO1D //itp/scratch/rauch/Projekte/VBFNLO/VBSCAN/VBSComparison/parton-shower/MG5_aMC/new_results/run_FIX_NLOPS_PY8_UNC_MUFACT1/run_PY8_10M_mush1_error_all.yoda/MC_VBSCAN_MCComparison/m_ll
ErrorBandColor={[rgb]{0.91,0.16,0.54}}
ErrorBandOpacity=0.3
ErrorBands=1
LineColor={[rgb]{0.91,0.16,0.54}}
LineStyle=solid
Path=//itp/scratch/rauch/Projekte/VBFNLO/VBSCAN/VBSComparison/parton-shower/MG5_aMC/new_results/run_FIX_NLOPS_PY8_UNC_MUFACT1/run_PY8_10M_mush1_error_all.yoda/MC_VBSCAN_MCComparison/m_ll
RatioPlotErrorBandColor={[rgb]{0.91,0.16,0.54}}
Title=MG5_aMC+Py8
# xlow	 xhigh	 val	 errminus	 errplus
0.000000e+00	1.000000e+02	5.693092e-03	1.934351e-04	1.650671e-04
1.000000e+02	2.000000e+02	5.556804e-03	2.160533e-04	1.855813e-04
2.000000e+02	3.000000e+02	2.080952e-03	8.868435e-05	7.285335e-05
3.000000e+02	4.000000e+02	8.401545e-04	4.007706e-05	3.507096e-05
4.000000e+02	5.000000e+02	3.745556e-04	1.674014e-05	1.421324e-05
5.000000e+02	6.000000e+02	1.664604e-04	7.708554e-06	7.253654e-06
6.000000e+02	7.000000e+02	8.788116e-05	5.078418e-06	4.851318e-06
7.000000e+02	8.000000e+02	4.463889e-05	3.274625e-06	3.029805e-06
8.000000e+02	9.000000e+02	2.745792e-05	3.328167e-06	3.011827e-06
9.000000e+02	1.000000e+03	1.662759e-05	1.661589e-06	1.389109e-06
1.000000e+03	1.100000e+03	9.328316e-06	1.108505e-06	1.164998e-06
1.100000e+03	1.200000e+03	5.059425e-06	8.274934e-07	8.910864e-07
1.200000e+03	1.300000e+03	4.110783e-06	1.445621e-06	1.427558e-06
1.300000e+03	1.400000e+03	2.292552e-06	4.678258e-07	4.209298e-07
1.400000e+03	1.500000e+03	1.212154e-06	2.524155e-07	2.602745e-07
1.500000e+03	1.600000e+03	1.054047e-06	4.814616e-07	5.056796e-07
1.600000e+03	1.700000e+03	7.641840e-07	1.955945e-07	2.031025e-07
1.700000e+03	1.800000e+03	2.635117e-07	1.136755e-07	1.364261e-07
1.800000e+03	1.900000e+03	3.952676e-07	1.212308e-07	1.414546e-07
1.900000e+03	2.000000e+03	1.581070e-07	1.152215e-07	1.084521e-07
2.000000e+03	2.100000e+03	2.108094e-07	1.242336e-07	1.379238e-07
2.100000e+03	2.200000e+03	1.054047e-07	1.688899e-07	1.806695e-07
2.200000e+03	2.300000e+03	0.000000e+00	9.882864e-08	9.947464e-08
2.300000e+03	2.400000e+03	5.270234e-08	1.520451e-08	2.144483e-08
2.400000e+03	2.500000e+03	2.635117e-08	9.065636e-09	1.413930e-08
2.500000e+03	2.600000e+03	0.000000e+00	0.000000e+00	0.000000e+00
2.600000e+03	2.700000e+03	-2.635117e-08	1.318325e-08	9.381595e-09
2.700000e+03	2.800000e+03	0.000000e+00	0.000000e+00	0.000000e+00
2.800000e+03	2.900000e+03	0.000000e+00	0.000000e+00	0.000000e+00
2.900000e+03	3.000000e+03	2.635117e-08	8.588593e-09	1.157325e-08
3.000000e+03	3.100000e+03	0.000000e+00	0.000000e+00	0.000000e+00
3.100000e+03	3.200000e+03	0.000000e+00	0.000000e+00	0.000000e+00
3.200000e+03	3.300000e+03	-2.635117e-08	1.170232e-08	8.414657e-09
3.300000e+03	3.400000e+03	0.000000e+00	0.000000e+00	0.000000e+00
3.400000e+03	3.500000e+03	0.000000e+00	0.000000e+00	0.000000e+00
3.500000e+03	3.600000e+03	0.000000e+00	0.000000e+00	0.000000e+00
3.600000e+03	3.700000e+03	0.000000e+00	0.000000e+00	0.000000e+00
3.700000e+03	3.800000e+03	0.000000e+00	0.000000e+00	0.000000e+00
3.800000e+03	3.900000e+03	0.000000e+00	0.000000e+00	0.000000e+00
3.900000e+03	4.000000e+03	0.000000e+00	0.000000e+00	0.000000e+00
# END HISTO1D


# BEGIN HISTO1D //itp/scratch/rauch/Projekte/VBFNLO/VBSCAN/VBSComparison/parton-shower/MG5_aMC/new_results/run_FIX_NLOPS_PY8_UNC_MUFACT1/run_PY8_10M_mush1_error_scale.yoda/MC_VBSCAN_MCComparison/m_ll
ErrorBandColor={[rgb]{0.91,0.16,0.54}}
ErrorBandOpacity=0.5
ErrorBands=1
LineColor={[rgb]{0.91,0.16,0.54}}
LineStyle=solid
Path=//itp/scratch/rauch/Projekte/VBFNLO/VBSCAN/VBSComparison/parton-shower/MG5_aMC/new_results/run_FIX_NLOPS_PY8_UNC_MUFACT1/run_PY8_10M_mush1_error_scale.yoda/MC_VBSCAN_MCComparison/m_ll
RatioPlotErrorBandColor={[rgb]{0.91,0.16,0.54}}
Title=
# xlow	 xhigh	 val	 errminus	 errplus
0.000000e+00	1.000000e+02	5.693092e-03	9.088900e-05	6.252100e-05
1.000000e+02	2.000000e+02	5.556804e-03	1.122630e-04	8.179100e-05
2.000000e+02	3.000000e+02	2.080952e-03	4.684800e-05	3.101700e-05
3.000000e+02	4.000000e+02	8.401545e-04	1.994550e-05	1.493940e-05
4.000000e+02	5.000000e+02	3.745556e-04	7.949000e-06	5.422100e-06
5.000000e+02	6.000000e+02	1.664604e-04	3.122300e-06	2.667400e-06
6.000000e+02	7.000000e+02	8.788116e-05	2.954070e-06	2.726970e-06
7.000000e+02	8.000000e+02	4.463889e-05	1.728680e-06	1.483860e-06
8.000000e+02	9.000000e+02	2.745792e-05	1.168390e-06	8.520500e-07
9.000000e+02	1.000000e+03	1.662759e-05	6.190200e-07	3.465400e-07
1.000000e+03	1.100000e+03	9.328316e-06	6.313310e-07	6.878240e-07
1.100000e+03	1.200000e+03	5.059425e-06	2.978480e-07	3.614410e-07
1.200000e+03	1.300000e+03	4.110783e-06	2.763160e-07	2.582530e-07
1.300000e+03	1.400000e+03	2.292552e-06	1.052550e-07	5.835900e-08
1.400000e+03	1.500000e+03	1.212154e-06	6.210800e-08	6.996700e-08
1.500000e+03	1.600000e+03	1.054047e-06	1.286280e-07	1.528460e-07
1.600000e+03	1.700000e+03	7.641840e-07	3.545500e-08	4.296300e-08
1.700000e+03	1.800000e+03	2.635117e-07	5.059970e-08	7.335030e-08
1.800000e+03	1.900000e+03	3.952676e-07	6.940260e-08	8.962640e-08
1.900000e+03	2.000000e+03	1.581070e-07	1.693340e-08	1.016400e-08
2.000000e+03	2.100000e+03	2.108094e-07	3.576240e-08	4.945260e-08
2.100000e+03	2.200000e+03	1.054047e-07	2.344170e-08	3.522130e-08
2.200000e+03	2.300000e+03	0.000000e+00	7.640000e-10	1.410000e-09
2.300000e+03	2.400000e+03	5.270234e-08	1.260334e-08	1.884366e-08
2.400000e+03	2.500000e+03	2.635117e-08	7.904170e-09	1.297783e-08
2.500000e+03	2.600000e+03	0.000000e+00	0.000000e+00	0.000000e+00
2.600000e+03	2.700000e+03	-2.635117e-08	1.090883e-08	7.107170e-09
2.700000e+03	2.800000e+03	0.000000e+00	0.000000e+00	0.000000e+00
2.800000e+03	2.900000e+03	0.000000e+00	0.000000e+00	0.000000e+00
2.900000e+03	3.000000e+03	2.635117e-08	6.332170e-09	9.316830e-09
3.000000e+03	3.100000e+03	0.000000e+00	0.000000e+00	0.000000e+00
3.100000e+03	3.200000e+03	0.000000e+00	0.000000e+00	0.000000e+00
3.200000e+03	3.300000e+03	-2.635117e-08	1.002983e-08	6.742170e-09
3.300000e+03	3.400000e+03	0.000000e+00	0.000000e+00	0.000000e+00
3.400000e+03	3.500000e+03	0.000000e+00	0.000000e+00	0.000000e+00
3.500000e+03	3.600000e+03	0.000000e+00	0.000000e+00	0.000000e+00
3.600000e+03	3.700000e+03	0.000000e+00	0.000000e+00	0.000000e+00
3.700000e+03	3.800000e+03	0.000000e+00	0.000000e+00	0.000000e+00
3.800000e+03	3.900000e+03	0.000000e+00	0.000000e+00	0.000000e+00
3.900000e+03	4.000000e+03	0.000000e+00	0.000000e+00	0.000000e+00
# END HISTO1D


# BEGIN HISTO1D //itp/scratch/rauch/Projekte/VBFNLO/VBSCAN/VBSComparison/parton-shower/MG5_aMC/new_results/run_FIX_NLOPS_PY8_UNC_MUFACT05/run_PY8_10M_mush05.yoda/MC_VBSCAN_MCComparison/m_ll
ErrorBandColor={[rgb]{0.91,0.16,0.54}}
ErrorBandOpacity=0.3
ErrorBands=0
LineColor={[rgb]{0.91,0.16,0.54}}
LineStyle=dashed
Path=//itp/scratch/rauch/Projekte/VBFNLO/VBSCAN/VBSComparison/parton-shower/MG5_aMC/new_results/run_FIX_NLOPS_PY8_UNC_MUFACT05/run_PY8_10M_mush05.yoda/MC_VBSCAN_MCComparison/m_ll
RatioPlotErrorBandColor={[rgb]{0.91,0.16,0.54}}
ScaledBy=9.99999999999999289e+00
Title=MG5_aMC+Py8, $Q_{sh}/2$
XLabel=~
YLabel=~
# xlow	 xhigh	 val	 errminus	 errplus
0.000000e+00	1.000000e+02	5.687380e-03	2.115115e-05	2.115115e-05
1.000000e+02	2.000000e+02	5.579838e-03	2.087675e-05	2.087675e-05
2.000000e+02	3.000000e+02	2.074742e-03	1.275794e-05	1.275794e-05
3.000000e+02	4.000000e+02	8.321930e-04	8.044182e-06	8.044182e-06
4.000000e+02	5.000000e+02	3.550866e-04	5.289466e-06	5.289466e-06
5.000000e+02	6.000000e+02	1.745969e-04	3.663889e-06	3.663889e-06
6.000000e+02	7.000000e+02	8.567290e-05	2.590138e-06	2.590138e-06
7.000000e+02	8.000000e+02	4.688769e-05	1.893251e-06	1.893251e-06
8.000000e+02	9.000000e+02	2.618700e-05	1.405267e-06	1.405267e-06
9.000000e+02	1.000000e+03	1.534137e-05	1.065574e-06	1.065574e-06
1.000000e+03	1.100000e+03	9.016864e-06	7.824565e-07	7.824565e-07
1.100000e+03	1.200000e+03	5.613315e-06	6.329551e-07	6.329551e-07
1.200000e+03	1.300000e+03	2.946356e-06	5.003144e-07	5.003144e-07
1.300000e+03	1.400000e+03	1.676375e-06	3.818399e-07	3.818399e-07
1.400000e+03	1.500000e+03	9.905849e-07	3.100418e-07	3.100418e-07
1.500000e+03	1.600000e+03	9.905849e-07	2.449450e-07	2.449450e-07
1.600000e+03	1.700000e+03	8.381872e-07	2.285965e-07	2.285965e-07
1.700000e+03	1.800000e+03	3.047953e-07	1.684820e-07	1.684820e-07
1.800000e+03	1.900000e+03	2.539961e-07	1.523977e-07	1.523977e-07
1.900000e+03	2.000000e+03	2.031969e-07	9.503666e-08	9.503666e-08
2.000000e+03	2.100000e+03	2.793957e-07	9.837228e-08	9.837228e-08
2.100000e+03	2.200000e+03	0.000000e+00	8.032063e-08	8.032063e-08
2.200000e+03	2.300000e+03	0.000000e+00	6.221609e-08	6.221609e-08
2.300000e+03	2.400000e+03	-2.539961e-08	5.679526e-08	5.679526e-08
2.400000e+03	2.500000e+03	5.079922e-08	5.079923e-08	5.079923e-08
2.500000e+03	2.600000e+03	0.000000e+00	3.592048e-08	3.592048e-08
2.600000e+03	2.700000e+03	2.539961e-08	2.539961e-08	2.539961e-08
2.700000e+03	2.800000e+03	0.000000e+00	0.000000e+00	0.000000e+00
2.800000e+03	2.900000e+03	-2.539961e-08	2.539961e-08	2.539961e-08
2.900000e+03	3.000000e+03	0.000000e+00	0.000000e+00	0.000000e+00
3.000000e+03	3.100000e+03	0.000000e+00	0.000000e+00	0.000000e+00
3.100000e+03	3.200000e+03	0.000000e+00	0.000000e+00	0.000000e+00
3.200000e+03	3.300000e+03	0.000000e+00	0.000000e+00	0.000000e+00
3.300000e+03	3.400000e+03	0.000000e+00	0.000000e+00	0.000000e+00
3.400000e+03	3.500000e+03	0.000000e+00	0.000000e+00	0.000000e+00
3.500000e+03	3.600000e+03	0.000000e+00	0.000000e+00	0.000000e+00
3.600000e+03	3.700000e+03	0.000000e+00	0.000000e+00	0.000000e+00
3.700000e+03	3.800000e+03	0.000000e+00	0.000000e+00	0.000000e+00
3.800000e+03	3.900000e+03	0.000000e+00	0.000000e+00	0.000000e+00
3.900000e+03	4.000000e+03	0.000000e+00	0.000000e+00	0.000000e+00
# END HISTO1D


# BEGIN HISTO1D //itp/scratch/rauch/Projekte/VBFNLO/VBSCAN/VBSComparison/parton-shower/Powheg/Powheg.yoda/MC_VBSCAN_MCComparison/m_ll
ErrorBandColor={[rgb]{0.85,0.37,0.01}}
ErrorBandOpacity=0.3
ErrorBands=0
LineColor={[rgb]{0.85,0.37,0.01}}
LineStyle=solid
Path=//itp/scratch/rauch/Projekte/VBFNLO/VBSCAN/VBSComparison/parton-shower/Powheg/Powheg.yoda/MC_VBSCAN_MCComparison/m_ll
RatioPlotErrorBandColor={[rgb]{0.85,0.37,0.01}}
ScaledBy=3.25552498400246410e-05
Title=Powheg+Py8
XLabel=~
YLabel=~
# xlow	 xhigh	 val	 errminus	 errplus
0.000000e+00	1.000000e+02	5.191892e-03	2.814848e-06	2.814848e-06
1.000000e+02	2.000000e+02	5.091921e-03	2.787671e-06	2.787671e-06
2.000000e+02	3.000000e+02	1.915027e-03	1.709639e-06	1.709639e-06
3.000000e+02	4.000000e+02	7.653952e-04	1.080918e-06	1.080918e-06
4.000000e+02	5.000000e+02	3.369794e-04	7.173134e-07	7.173134e-07
5.000000e+02	6.000000e+02	1.597536e-04	4.938576e-07	4.938576e-07
6.000000e+02	7.000000e+02	8.009651e-05	3.497629e-07	3.497629e-07
7.000000e+02	8.000000e+02	4.276575e-05	2.555650e-07	2.555650e-07
8.000000e+02	9.000000e+02	2.373569e-05	1.904285e-07	1.904285e-07
9.000000e+02	1.000000e+03	1.344707e-05	1.433055e-07	1.433055e-07
1.000000e+03	1.100000e+03	7.978524e-06	1.104194e-07	1.104194e-07
1.100000e+03	1.200000e+03	4.701058e-06	8.485822e-08	8.485822e-08
1.200000e+03	1.300000e+03	2.897536e-06	6.649155e-08	6.649155e-08
1.300000e+03	1.400000e+03	1.861503e-06	5.333834e-08	5.333834e-08
1.400000e+03	1.500000e+03	1.161151e-06	4.209169e-08	4.209169e-08
1.500000e+03	1.600000e+03	7.293430e-07	3.349866e-08	3.349866e-08
1.600000e+03	1.700000e+03	4.882631e-07	2.746480e-08	2.746480e-08
1.700000e+03	1.800000e+03	2.899062e-07	2.103201e-08	2.103201e-08
1.800000e+03	1.900000e+03	1.724179e-07	1.621971e-08	1.621971e-08
1.900000e+03	2.000000e+03	1.205400e-07	1.356180e-08	1.356180e-08
2.000000e+03	2.100000e+03	8.544605e-08	1.141821e-08	1.141821e-08
2.100000e+03	2.200000e+03	5.798125e-08	9.888458e-09	9.888458e-09
2.200000e+03	2.300000e+03	3.509391e-08	7.317586e-09	7.317586e-09
2.300000e+03	2.400000e+03	3.051644e-08	6.823684e-09	6.823684e-09
2.400000e+03	2.500000e+03	1.678404e-08	5.060580e-09	5.060580e-09
2.500000e+03	2.600000e+03	1.678404e-08	5.060580e-09	5.060580e-09
2.600000e+03	2.700000e+03	9.154933e-09	3.737486e-09	3.737486e-09
2.700000e+03	2.800000e+03	1.373240e-08	4.577467e-09	4.577467e-09
2.800000e+03	2.900000e+03	1.525822e-09	1.525822e-09	1.525822e-09
2.900000e+03	3.000000e+03	3.051644e-09	2.157839e-09	2.157839e-09
3.000000e+03	3.100000e+03	3.051644e-09	2.157839e-09	2.157839e-09
3.100000e+03	3.200000e+03	0.000000e+00	0.000000e+00	0.000000e+00
3.200000e+03	3.300000e+03	1.525822e-09	1.525822e-09	1.525822e-09
3.300000e+03	3.400000e+03	1.525822e-09	1.525822e-09	1.525822e-09
3.400000e+03	3.500000e+03	0.000000e+00	0.000000e+00	0.000000e+00
3.500000e+03	3.600000e+03	0.000000e+00	0.000000e+00	0.000000e+00
3.600000e+03	3.700000e+03	0.000000e+00	0.000000e+00	0.000000e+00
3.700000e+03	3.800000e+03	0.000000e+00	0.000000e+00	0.000000e+00
3.800000e+03	3.900000e+03	0.000000e+00	0.000000e+00	0.000000e+00
3.900000e+03	4.000000e+03	0.000000e+00	0.000000e+00	0.000000e+00
# END HISTO1D


# BEGIN HISTO1D //itp/scratch/rauch/Projekte/VBFNLO/VBSCAN/VBSComparison/parton-shower/Powheg/lhef.yoda/MC_VBSCAN_MCComparison/m_ll
ErrorBands=0
LineColor={[rgb]{0.85,0.37,0.01}}
LineStyle=dashed
Path=//itp/scratch/rauch/Projekte/VBFNLO/VBSCAN/VBSComparison/parton-shower/Powheg/lhef.yoda/MC_VBSCAN_MCComparison/m_ll
ScaledBy=3.19361318241456415e-05
Title=Powheg-no shower
XLabel=~
YLabel=~
# xlow	 xhigh	 val	 errminus	 errplus
0.000000e+00	1.000000e+02	5.329058e-03	2.824546e-06	2.824546e-06
1.000000e+02	2.000000e+02	5.211522e-03	2.793278e-06	2.793278e-06
2.000000e+02	3.000000e+02	1.956086e-03	1.711360e-06	1.711360e-06
3.000000e+02	4.000000e+02	7.807290e-04	1.081262e-06	1.081262e-06
4.000000e+02	5.000000e+02	3.433266e-04	7.171133e-07	7.171133e-07
5.000000e+02	6.000000e+02	1.629601e-04	4.940318e-07	4.940318e-07
6.000000e+02	7.000000e+02	8.144415e-05	3.493107e-07	3.493107e-07
7.000000e+02	8.000000e+02	4.345075e-05	2.551383e-07	2.551383e-07
8.000000e+02	9.000000e+02	2.421980e-05	1.905181e-07	1.905181e-07
9.000000e+02	1.000000e+03	1.375564e-05	1.435529e-07	1.435529e-07
1.000000e+03	1.100000e+03	8.097715e-06	1.101754e-07	1.101754e-07
1.100000e+03	1.200000e+03	4.783789e-06	8.477786e-08	8.477786e-08
1.200000e+03	1.300000e+03	2.938228e-06	6.631708e-08	6.631708e-08
1.300000e+03	1.400000e+03	1.888968e-06	5.321558e-08	5.321558e-08
1.400000e+03	1.500000e+03	1.180979e-06	4.204398e-08	4.204398e-08
1.500000e+03	1.600000e+03	7.394217e-07	3.340257e-08	3.340257e-08
1.600000e+03	1.700000e+03	5.193913e-07	2.796263e-08	2.796263e-08
1.700000e+03	1.800000e+03	2.948706e-07	2.100866e-08	2.100866e-08
1.800000e+03	1.900000e+03	1.871006e-07	1.673479e-08	1.673479e-08
1.900000e+03	2.000000e+03	1.242348e-07	1.363654e-08	1.363654e-08
2.000000e+03	2.100000e+03	9.130510e-08	1.169042e-08	1.169042e-08
2.100000e+03	2.200000e+03	5.687859e-08	9.700405e-09	9.700405e-09
2.200000e+03	2.300000e+03	3.891693e-08	7.632238e-09	7.632238e-09
2.300000e+03	2.400000e+03	3.742012e-08	7.484025e-09	7.484025e-09
2.400000e+03	2.500000e+03	1.796166e-08	5.185084e-09	5.185084e-09
2.500000e+03	2.600000e+03	1.496805e-08	4.733313e-09	4.733313e-09
2.600000e+03	2.700000e+03	8.980830e-09	3.666408e-09	3.666408e-09
2.700000e+03	2.800000e+03	1.347124e-08	4.490415e-09	4.490415e-09
2.800000e+03	2.900000e+03	1.496805e-09	1.496805e-09	1.496805e-09
2.900000e+03	3.000000e+03	4.490415e-09	2.592542e-09	2.592542e-09
3.000000e+03	3.100000e+03	2.993610e-09	2.116802e-09	2.116802e-09
3.100000e+03	3.200000e+03	0.000000e+00	0.000000e+00	0.000000e+00
3.200000e+03	3.300000e+03	0.000000e+00	0.000000e+00	0.000000e+00
3.300000e+03	3.400000e+03	1.496805e-09	1.496805e-09	1.496805e-09
3.400000e+03	3.500000e+03	0.000000e+00	0.000000e+00	0.000000e+00
3.500000e+03	3.600000e+03	0.000000e+00	0.000000e+00	0.000000e+00
3.600000e+03	3.700000e+03	0.000000e+00	0.000000e+00	0.000000e+00
3.700000e+03	3.800000e+03	0.000000e+00	0.000000e+00	0.000000e+00
3.800000e+03	3.900000e+03	0.000000e+00	0.000000e+00	0.000000e+00
3.900000e+03	4.000000e+03	0.000000e+00	0.000000e+00	0.000000e+00
# END HISTO1D


# BEGIN HISTO1D //itp/scratch/rauch/Projekte/VBFNLO/VBSCAN/VBSComparison/parton-shower/VBFNLO/Herwig-MCatNLO-DefaultShower.yoda/MC_VBSCAN_MCComparison/m_ll
ErrorBandColor={[rgb]{0.40,0.65,0.12}}
ErrorBandOpacity=0.3
ErrorBands=0
LineColor={[rgb]{0.40,0.65,0.12}}
LineStyle=solid
Path=//itp/scratch/rauch/Projekte/VBFNLO/VBSCAN/VBSComparison/parton-shower/VBFNLO/Herwig-MCatNLO-DefaultShower.yoda/MC_VBSCAN_MCComparison/m_ll
RatioPlotErrorBandColor={[rgb]{0.40,0.65,0.12}}
ScaledBy=6.13846458628156426e-05
Title=VBFNLO 3+H7-Default
XLabel=~
YLabel=~
# xlow	 xhigh	 val	 errminus	 errplus
0.000000e+00	1.000000e+02	4.975940e-03	4.440668e-06	4.440668e-06
1.000000e+02	2.000000e+02	4.868373e-03	3.942649e-06	3.942649e-06
2.000000e+02	3.000000e+02	1.838683e-03	2.481163e-06	2.481163e-06
3.000000e+02	4.000000e+02	7.327647e-04	1.500382e-06	1.500382e-06
4.000000e+02	5.000000e+02	3.227494e-04	1.543710e-06	1.543710e-06
5.000000e+02	6.000000e+02	1.540895e-04	7.512231e-07	7.512231e-07
6.000000e+02	7.000000e+02	7.816927e-05	4.560830e-07	4.560830e-07
7.000000e+02	8.000000e+02	4.114148e-05	3.103796e-07	3.103796e-07
8.000000e+02	9.000000e+02	2.257165e-05	2.690324e-07	2.690324e-07
9.000000e+02	1.000000e+03	1.274638e-05	1.548652e-07	1.548652e-07
1.000000e+03	1.100000e+03	7.565289e-06	1.668066e-07	1.668066e-07
1.100000e+03	1.200000e+03	4.452033e-06	9.454903e-08	9.454903e-08
1.200000e+03	1.300000e+03	2.696365e-06	7.253539e-08	7.253539e-08
1.300000e+03	1.400000e+03	1.793112e-06	4.967145e-08	4.967145e-08
1.400000e+03	1.500000e+03	1.092016e-06	7.040217e-08	7.040217e-08
1.500000e+03	1.600000e+03	6.887563e-07	2.190238e-08	2.190238e-08
1.600000e+03	1.700000e+03	4.438849e-07	1.653884e-08	1.653884e-08
1.700000e+03	1.800000e+03	3.102534e-07	1.478613e-08	1.478613e-08
1.800000e+03	1.900000e+03	1.861809e-07	8.568172e-09	8.568172e-09
1.900000e+03	2.000000e+03	1.275557e-07	8.042592e-09	8.042592e-09
2.000000e+03	2.100000e+03	7.082351e-08	1.181329e-08	1.181329e-08
2.100000e+03	2.200000e+03	7.218276e-08	1.326855e-08	1.326855e-08
2.200000e+03	2.300000e+03	3.502893e-08	3.610454e-09	3.610454e-09
2.300000e+03	2.400000e+03	2.613959e-08	2.301602e-09	2.301602e-09
2.400000e+03	2.500000e+03	2.125759e-08	4.610346e-09	4.610346e-09
2.500000e+03	2.600000e+03	1.248996e-08	1.163817e-09	1.163817e-09
2.600000e+03	2.700000e+03	7.790669e-09	1.042982e-09	1.042982e-09
2.700000e+03	2.800000e+03	4.036657e-09	1.680663e-09	1.680663e-09
2.800000e+03	2.900000e+03	4.240896e-09	4.762505e-10	4.762505e-10
2.900000e+03	3.000000e+03	2.898554e-09	4.811286e-10	4.811286e-10
3.000000e+03	3.100000e+03	1.779136e-09	3.452669e-10	3.452669e-10
3.100000e+03	3.200000e+03	1.262959e-09	2.354863e-10	2.354863e-10
3.200000e+03	3.300000e+03	1.062057e-09	2.003567e-10	2.003567e-10
3.300000e+03	3.400000e+03	9.531709e-10	1.396827e-10	1.396827e-10
3.400000e+03	3.500000e+03	6.105470e-10	1.088242e-10	1.088242e-10
3.500000e+03	3.600000e+03	4.253910e-10	8.473242e-11	8.473242e-11
3.600000e+03	3.700000e+03	2.436460e-10	4.863949e-11	4.863949e-11
3.700000e+03	3.800000e+03	1.937661e-10	6.136700e-11	6.136700e-11
3.800000e+03	3.900000e+03	1.533449e-10	2.620503e-11	2.620503e-11
3.900000e+03	4.000000e+03	1.795925e-10	4.528527e-11	4.528527e-11
# END HISTO1D


# BEGIN HISTO1D //itp/scratch/rauch/Projekte/VBFNLO/VBSCAN/VBSComparison/parton-shower/VBFNLO/Herwig-MCatNLO-DipoleShower_scale.yoda/MC_VBSCAN_MCComparison/m_ll
ErrorBandColor={[rgb]{0.11,0.62,0.47}}
ErrorBandOpacity=0.3
ErrorBands=1
LineColor={[rgb]{0.11,0.62,0.47}}
LineStyle=solid
Path=//itp/scratch/rauch/Projekte/VBFNLO/VBSCAN/VBSComparison/parton-shower/VBFNLO/Herwig-MCatNLO-DipoleShower_scale.yoda/MC_VBSCAN_MCComparison/m_ll
RatioPlotErrorBandColor={[rgb]{0.11,0.62,0.47}}
Title=VBFNLO 3+H7-Dipole
# xlow	 xhigh	 val	 errminus	 errplus
0.000000e+00	1.000000e+02	5.090664e-03	3.729600e-05	0.000000e+00
1.000000e+02	2.000000e+02	4.994341e-03	5.168200e-05	0.000000e+00
2.000000e+02	3.000000e+02	1.881564e-03	2.399100e-05	0.000000e+00
3.000000e+02	4.000000e+02	7.531341e-04	1.072550e-05	2.402100e-06
4.000000e+02	5.000000e+02	3.320165e-04	5.610100e-06	1.543900e-06
5.000000e+02	6.000000e+02	1.588338e-04	4.162600e-06	0.000000e+00
6.000000e+02	7.000000e+02	8.017886e-05	2.108040e-06	1.736200e-07
7.000000e+02	8.000000e+02	4.180095e-05	5.014700e-07	5.360500e-07
8.000000e+02	9.000000e+02	2.341143e-05	7.153800e-07	0.000000e+00
9.000000e+02	1.000000e+03	1.306680e-05	3.931500e-07	1.543600e-07
1.000000e+03	1.100000e+03	7.735938e-06	2.191570e-07	6.068000e-08
1.100000e+03	1.200000e+03	4.683867e-06	1.406760e-07	2.413900e-08
1.200000e+03	1.300000e+03	2.819497e-06	3.131300e-08	1.589420e-07
1.300000e+03	1.400000e+03	1.764321e-06	8.753600e-08	0.000000e+00
1.400000e+03	1.500000e+03	1.136757e-06	4.633000e-08	1.174600e-08
1.500000e+03	1.600000e+03	7.386319e-07	4.180580e-08	0.000000e+00
1.600000e+03	1.700000e+03	4.557925e-07	6.003800e-09	3.856100e-09
1.700000e+03	1.800000e+03	3.103219e-07	5.939600e-08	0.000000e+00
1.800000e+03	1.900000e+03	1.845032e-07	1.327700e-09	0.000000e+00
1.900000e+03	2.000000e+03	1.248810e-07	0.000000e+00	8.285400e-09
2.000000e+03	2.100000e+03	9.082754e-08	6.846950e-09	0.000000e+00
2.100000e+03	2.200000e+03	6.351383e-08	6.516960e-09	0.000000e+00
2.200000e+03	2.300000e+03	4.407084e-08	6.743950e-09	0.000000e+00
2.300000e+03	2.400000e+03	2.830308e-08	3.356510e-09	2.327690e-09
2.400000e+03	2.500000e+03	2.087047e-08	3.330040e-09	0.000000e+00
2.500000e+03	2.600000e+03	1.200305e-08	5.880300e-10	8.319300e-10
2.600000e+03	2.700000e+03	8.369786e-09	1.330167e-09	2.248500e-11
2.700000e+03	2.800000e+03	4.405566e-09	0.000000e+00	1.643319e-09
2.800000e+03	2.900000e+03	5.696529e-09	2.024690e-09	0.000000e+00
2.900000e+03	3.000000e+03	3.147200e-09	0.000000e+00	1.070706e-09
3.000000e+03	3.100000e+03	1.947462e-09	4.567300e-11	6.118600e-11
3.100000e+03	3.200000e+03	1.301163e-09	0.000000e+00	9.479400e-11
3.200000e+03	3.300000e+03	1.028264e-09	3.173925e-10	0.000000e+00
3.300000e+03	3.400000e+03	2.677211e-10	0.000000e+00	6.221651e-10
3.400000e+03	3.500000e+03	2.665751e-10	0.000000e+00	2.758706e-10
3.500000e+03	3.600000e+03	3.500924e-10	1.374371e-10	6.779446e-10
3.600000e+03	3.700000e+03	4.920985e-10	3.150231e-10	0.000000e+00
3.700000e+03	3.800000e+03	1.057591e-10	0.000000e+00	7.422140e-11
3.800000e+03	3.900000e+03	1.346531e-10	2.732780e-11	1.448600e-12
3.900000e+03	4.000000e+03	7.931319e-11	0.000000e+00	2.682541e-11
# END HISTO1D

