# BEGIN PLOT
LegendOnly=/run_1M_LOPS-HWPP/run_1M_LOPS-HWPP.yoda/MC_VBSCAN_MCComparison/Deltay_jj /run_1M_LOPS-HWPP/run_1M_LOPS-HW7.yoda/MC_VBSCAN_MCComparison/Deltay_jj /PHANTOM_loose_cuts2_hwpp/phantom_hwpp_norm.yoda/MC_VBSCAN_MCComparison/Deltay_jj /PHANTOM_loose_cuts2_hwpp/phantom_H7_norm.yoda/MC_VBSCAN_MCComparison/Deltay_jj
DrawOnly=/run_1M_LOPS-HWPP/run_1M_LOPS-HWPP.yoda/MC_VBSCAN_MCComparison/Deltay_jj /run_1M_LOPS-HWPP/run_1M_LOPS-HW7.yoda/MC_VBSCAN_MCComparison/Deltay_jj /PHANTOM_loose_cuts2_hwpp/phantom_hwpp_norm.yoda/MC_VBSCAN_MCComparison/Deltay_jj /PHANTOM_loose_cuts2_hwpp/phantom_H7_norm.yoda/MC_VBSCAN_MCComparison/Deltay_jj
RatioPlotReference=/run_1M_LOPS-HWPP/run_1M_LOPS-HWPP.yoda/MC_VBSCAN_MCComparison/Deltay_jj
RatioPlot=1
LogY=1
RatioPlotYLabel=Ratio
Legend=1
# END PLOT

# BEGIN HISTO1D /run_1M_LOPS-HWPP/run_1M_LOPS-HWPP.yoda/MC_VBSCAN_MCComparison/Deltay_jj
LineColor=red
LineStyle=dashed
Path=/run_1M_LOPS-HWPP/run_1M_LOPS-HWPP.yoda/MC_VBSCAN_MCComparison/Deltay_jj
ScaledBy=6.19645389419520692e-06
Title=AMC,LO,H++
XLabel=
YLabel=
# xlow	 xhigh	 val	 errminus	 errplus
0.000000e+00	5.000000e-01	0.000000e+00	0.000000e+00	0.000000e+00
5.000000e-01	1.000000e+00	0.000000e+00	0.000000e+00	0.000000e+00
1.000000e+00	1.500000e+00	0.000000e+00	0.000000e+00	0.000000e+00
1.500000e+00	2.000000e+00	0.000000e+00	0.000000e+00	0.000000e+00
2.000000e+00	2.500000e+00	0.000000e+00	0.000000e+00	0.000000e+00
2.500000e+00	3.000000e+00	2.444254e-01	1.742471e-03	1.742471e-03
3.000000e+00	3.500000e+00	3.370500e-01	2.046331e-03	2.046331e-03
3.500000e+00	4.000000e+00	4.067848e-01	2.249441e-03	2.249441e-03
4.000000e+00	4.500000e+00	4.285592e-01	2.308976e-03	2.308976e-03
4.500000e+00	5.000000e+00	4.001422e-01	2.232031e-03	2.232031e-03
5.000000e+00	5.500000e+00	3.252518e-01	2.012274e-03	2.012274e-03
5.500000e+00	6.000000e+00	2.356884e-01	1.713720e-03	1.713720e-03
6.000000e+00	6.500000e+00	1.547131e-01	1.388448e-03	1.388448e-03
6.500000e+00	7.000000e+00	8.922894e-02	1.054636e-03	1.054636e-03
7.000000e+00	7.500000e+00	4.280510e-02	7.321262e-04	7.321262e-04
7.500000e+00	8.000000e+00	1.647018e-02	4.538242e-04	4.538242e-04
8.000000e+00	8.500000e+00	4.684520e-03	2.422172e-04	2.422172e-04
8.500000e+00	9.000000e+00	6.444312e-04	8.936653e-05	8.936653e-05
9.000000e+00	9.500000e+00	0.000000e+00	0.000000e+00	0.000000e+00
9.500000e+00	1.000000e+01	0.000000e+00	0.000000e+00	0.000000e+00
# END HISTO1D

# BEGIN HISTO1D /run_1M_LOPS-HWPP/run_1M_LOPS-HW7.yoda/MC_VBSCAN_MCComparison/Deltay_jj
LineColor=red
LineStyle=solid
Path=/run_1M_LOPS-HWPP/run_1M_LOPS-HW7.yoda/MC_VBSCAN_MCComparison/Deltay_jj
ScaledBy=6.19684223473544166e-06
Title=AMC,LO,H7
XLabel=
YLabel=
# xlow	 xhigh	 val	 errminus	 errplus
0.000000e+00	5.000000e-01	0.000000e+00	0.000000e+00	0.000000e+00
5.000000e-01	1.000000e+00	0.000000e+00	0.000000e+00	0.000000e+00
1.000000e+00	1.500000e+00	0.000000e+00	0.000000e+00	0.000000e+00
1.500000e+00	2.000000e+00	0.000000e+00	0.000000e+00	0.000000e+00
2.000000e+00	2.500000e+00	0.000000e+00	0.000000e+00	0.000000e+00
2.500000e+00	3.000000e+00	2.433872e-01	1.738565e-03	1.738565e-03
3.000000e+00	3.500000e+00	3.372198e-01	2.047136e-03	2.047136e-03
3.500000e+00	4.000000e+00	4.045918e-01	2.243325e-03	2.243325e-03
4.000000e+00	4.500000e+00	4.306806e-01	2.314867e-03	2.314867e-03
4.500000e+00	5.000000e+00	3.993988e-01	2.229003e-03	2.229003e-03
5.000000e+00	5.500000e+00	3.232024e-01	2.006552e-03	2.006552e-03
5.500000e+00	6.000000e+00	2.352198e-01	1.711630e-03	1.711630e-03
6.000000e+00	6.500000e+00	1.556027e-01	1.392457e-03	1.392457e-03
6.500000e+00	7.000000e+00	8.950718e-02	1.055866e-03	1.055866e-03
7.000000e+00	7.500000e+00	4.306806e-02	7.337438e-04	7.337438e-04
7.500000e+00	8.000000e+00	1.665711e-02	4.563839e-04	4.563839e-04
8.000000e+00	8.500000e+00	5.007048e-03	2.497258e-04	2.497258e-04
8.500000e+00	9.000000e+00	6.940462e-04	9.274585e-05	9.274585e-05
9.000000e+00	9.500000e+00	0.000000e+00	0.000000e+00	0.000000e+00
9.500000e+00	1.000000e+01	0.000000e+00	0.000000e+00	0.000000e+00
# END HISTO1D

# BEGIN HISTO1D /PHANTOM_loose_cuts2_hwpp/phantom_hwpp_norm.yoda/MC_VBSCAN_MCComparison/Deltay_jj
LineColor=green
LineStyle=dashed
Path=/PHANTOM_loose_cuts2_hwpp/phantom_hwpp_norm.yoda/MC_VBSCAN_MCComparison/Deltay_jj
ScaledBy=1.33288898722063276e-06
Title=phantom,H++
XLabel=
YLabel=
# xlow	 xhigh	 val	 errminus	 errplus
0.000000e+00	5.000000e-01	0.000000e+00	0.000000e+00	0.000000e+00
5.000000e-01	1.000000e+00	0.000000e+00	0.000000e+00	0.000000e+00
1.000000e+00	1.500000e+00	0.000000e+00	0.000000e+00	0.000000e+00
1.500000e+00	2.000000e+00	0.000000e+00	0.000000e+00	0.000000e+00
2.000000e+00	2.500000e+00	0.000000e+00	0.000000e+00	0.000000e+00
2.500000e+00	3.000000e+00	2.268630e-01	7.776673e-04	7.776673e-04
3.000000e+00	3.500000e+00	3.150950e-01	9.165005e-04	9.165005e-04
3.500000e+00	4.000000e+00	3.797374e-01	1.006129e-03	1.006129e-03
4.000000e+00	4.500000e+00	3.980434e-01	1.030095e-03	1.030095e-03
4.500000e+00	5.000000e+00	3.700554e-01	9.932196e-04	9.932196e-04
5.000000e+00	5.500000e+00	3.058128e-01	9.029002e-04	9.029002e-04
5.500000e+00	6.000000e+00	2.256820e-01	7.756406e-04	7.756406e-04
6.000000e+00	6.500000e+00	1.487051e-01	6.296148e-04	6.296148e-04
6.500000e+00	7.000000e+00	8.576340e-02	4.781488e-04	4.781488e-04
7.000000e+00	7.500000e+00	4.255116e-02	3.367966e-04	3.367966e-04
7.500000e+00	8.000000e+00	1.663711e-02	2.105965e-04	2.105965e-04
8.000000e+00	8.500000e+00	4.630456e-03	1.111025e-04	1.111025e-04
8.500000e+00	9.000000e+00	6.637788e-04	4.206526e-05	4.206526e-05
9.000000e+00	9.500000e+00	0.000000e+00	0.000000e+00	0.000000e+00
9.500000e+00	1.000000e+01	0.000000e+00	0.000000e+00	0.000000e+00
# END HISTO1D

# BEGIN HISTO1D /PHANTOM_loose_cuts2_hwpp/phantom_H7_norm.yoda/MC_VBSCAN_MCComparison/Deltay_jj
LineColor=green
LineStyle=solid
Path=/PHANTOM_loose_cuts2_hwpp/phantom_H7_norm.yoda/MC_VBSCAN_MCComparison/Deltay_jj
ScaledBy=1.34477150036247079e-06
Title=phantom,H7
XLabel=
YLabel=
# xlow	 xhigh	 val	 errminus	 errplus
0.000000e+00	5.000000e-01	0.000000e+00	0.000000e+00	0.000000e+00
5.000000e-01	1.000000e+00	0.000000e+00	0.000000e+00	0.000000e+00
1.000000e+00	1.500000e+00	0.000000e+00	0.000000e+00	0.000000e+00
1.500000e+00	2.000000e+00	0.000000e+00	0.000000e+00	0.000000e+00
2.000000e+00	2.500000e+00	0.000000e+00	0.000000e+00	0.000000e+00
2.500000e+00	3.000000e+00	2.261260e-01	7.798561e-04	7.798561e-04
3.000000e+00	3.500000e+00	3.150584e-01	9.205233e-04	9.205233e-04
3.500000e+00	4.000000e+00	3.777974e-01	1.008019e-03	1.008019e-03
4.000000e+00	4.500000e+00	3.984128e-01	1.035156e-03	1.035156e-03
4.500000e+00	5.000000e+00	3.701134e-01	9.977154e-04	9.977154e-04
5.000000e+00	5.500000e+00	3.050964e-01	9.058532e-04	9.058532e-04
5.500000e+00	6.000000e+00	2.255452e-01	7.788538e-04	7.788538e-04
6.000000e+00	6.500000e+00	1.482100e-01	6.313613e-04	6.313613e-04
6.500000e+00	7.000000e+00	8.574802e-02	4.802322e-04	4.802322e-04
7.000000e+00	7.500000e+00	4.257546e-02	3.383911e-04	3.383911e-04
7.500000e+00	8.000000e+00	1.653801e-02	2.109021e-04	2.109021e-04
8.000000e+00	8.500000e+00	4.744354e-03	1.129608e-04	1.129608e-04
8.500000e+00	9.000000e+00	7.154184e-04	4.386512e-05	4.386512e-05
9.000000e+00	9.500000e+00	0.000000e+00	0.000000e+00	0.000000e+00
9.500000e+00	1.000000e+01	0.000000e+00	0.000000e+00	0.000000e+00
# END HISTO1D

