# BEGIN PLOT
LegendOnly=/run_1M_LOPS-HWPP/run_1M_LOPS-HWPP.yoda/MC_VBSCAN_MCComparison/pT_j2 /run_1M_LOPS-HWPP/run_1M_LOPS-HW7.yoda/MC_VBSCAN_MCComparison/pT_j2 /PHANTOM_loose_cuts2_hwpp/phantom_hwpp_norm.yoda/MC_VBSCAN_MCComparison/pT_j2 /PHANTOM_loose_cuts2_hwpp/phantom_H7_norm.yoda/MC_VBSCAN_MCComparison/pT_j2
DrawOnly=/run_1M_LOPS-HWPP/run_1M_LOPS-HWPP.yoda/MC_VBSCAN_MCComparison/pT_j2 /run_1M_LOPS-HWPP/run_1M_LOPS-HW7.yoda/MC_VBSCAN_MCComparison/pT_j2 /PHANTOM_loose_cuts2_hwpp/phantom_hwpp_norm.yoda/MC_VBSCAN_MCComparison/pT_j2 /PHANTOM_loose_cuts2_hwpp/phantom_H7_norm.yoda/MC_VBSCAN_MCComparison/pT_j2
RatioPlotReference=/run_1M_LOPS-HWPP/run_1M_LOPS-HWPP.yoda/MC_VBSCAN_MCComparison/pT_j2
RatioPlot=1
LogY=1
RatioPlotYLabel=Ratio
Legend=1
# END PLOT

# BEGIN HISTO1D /run_1M_LOPS-HWPP/run_1M_LOPS-HWPP.yoda/MC_VBSCAN_MCComparison/pT_j2
LineColor=red
LineStyle=dashed
Path=/run_1M_LOPS-HWPP/run_1M_LOPS-HWPP.yoda/MC_VBSCAN_MCComparison/pT_j2
ScaledBy=6.19645389419520692e-06
Title=AMC,LO,H++
XLabel=
YLabel=
# xlow	 xhigh	 val	 errminus	 errplus
0.000000e+00	2.500000e+01	0.000000e+00	0.000000e+00	0.000000e+00
2.500000e+01	5.000000e+01	8.245992e-03	4.526042e-05	4.526042e-05
5.000000e+01	7.500000e+01	1.173930e-02	5.401773e-05	5.401773e-05
7.500000e+01	1.000000e+02	1.019366e-02	5.037622e-05	5.037622e-05
1.000000e+02	1.250000e+02	7.407736e-03	4.294389e-05	4.294389e-05
1.250000e+02	1.500000e+02	5.101168e-03	3.564938e-05	3.564938e-05
1.500000e+02	1.750000e+02	3.396152e-03	2.908085e-05	2.908085e-05
1.750000e+02	2.000000e+02	2.263193e-03	2.375433e-05	2.375433e-05
2.000000e+02	2.250000e+02	1.513422e-03	1.943752e-05	1.943752e-05
2.250000e+02	2.500000e+02	1.072234e-03	1.633233e-05	1.633233e-05
2.500000e+02	2.750000e+02	7.430788e-04	1.362093e-05	1.362093e-05
2.750000e+02	3.000000e+02	5.291772e-04	1.150607e-05	1.150607e-05
3.000000e+02	3.250000e+02	3.898809e-04	9.880187e-06	9.880187e-06
3.250000e+02	3.500000e+02	2.929684e-04	8.543021e-06	8.543021e-06
3.500000e+02	3.750000e+02	2.025001e-04	7.110549e-06	7.110549e-06
3.750000e+02	4.000000e+02	1.509456e-04	6.146682e-06	6.146682e-06
4.000000e+02	4.250000e+02	1.050919e-04	5.151635e-06	5.151635e-06
4.250000e+02	4.500000e+02	8.402392e-05	4.590397e-06	4.590397e-06
4.500000e+02	4.750000e+02	7.138316e-05	4.206292e-06	4.206292e-06
4.750000e+02	5.000000e+02	4.932376e-05	3.513996e-06	3.513996e-06
5.000000e+02	5.250000e+02	4.089660e-05	3.183796e-06	3.183796e-06
5.250000e+02	5.500000e+02	2.404224e-05	2.441120e-06	2.441120e-06
5.500000e+02	5.750000e+02	2.181152e-05	2.325116e-06	2.325116e-06
5.750000e+02	6.000000e+02	1.759793e-05	2.117701e-06	2.117701e-06
6.000000e+02	6.250000e+02	1.660650e-05	2.058865e-06	2.058865e-06
6.250000e+02	6.500000e+02	1.363220e-05	1.838165e-06	1.838165e-06
6.500000e+02	6.750000e+02	8.179320e-06	1.466348e-06	1.466348e-06
6.750000e+02	7.000000e+02	7.931460e-06	1.402097e-06	1.402097e-06
7.000000e+02	7.250000e+02	4.957164e-06	1.108455e-06	1.108455e-06
7.250000e+02	7.500000e+02	3.222156e-06	8.936653e-07	8.936653e-07
7.500000e+02	7.750000e+02	3.470014e-06	9.274003e-07	9.274003e-07
7.750000e+02	8.000000e+02	4.461448e-06	1.051573e-06	1.051573e-06
8.000000e+02	8.250000e+02	1.487149e-06	6.071260e-07	6.071260e-07
8.250000e+02	8.500000e+02	9.914328e-07	4.957164e-07	4.957164e-07
8.500000e+02	8.750000e+02	1.239291e-06	5.542277e-07	5.542277e-07
8.750000e+02	9.000000e+02	1.982865e-06	7.010487e-07	7.010487e-07
9.000000e+02	9.250000e+02	7.435744e-07	4.293029e-07	4.293029e-07
9.250000e+02	9.500000e+02	9.914328e-07	4.957164e-07	4.957164e-07
9.500000e+02	9.750000e+02	7.435744e-07	4.293029e-07	4.293029e-07
9.750000e+02	1.000000e+03	4.957164e-07	3.505244e-07	3.505244e-07
# END HISTO1D

# BEGIN HISTO1D /run_1M_LOPS-HWPP/run_1M_LOPS-HW7.yoda/MC_VBSCAN_MCComparison/pT_j2
LineColor=red
LineStyle=solid
Path=/run_1M_LOPS-HWPP/run_1M_LOPS-HW7.yoda/MC_VBSCAN_MCComparison/pT_j2
ScaledBy=6.19684223473544166e-06
Title=AMC,LO,H7
XLabel=
YLabel=
# xlow	 xhigh	 val	 errminus	 errplus
0.000000e+00	2.500000e+01	0.000000e+00	0.000000e+00	0.000000e+00
2.500000e+01	5.000000e+01	8.091092e-03	4.483020e-05	4.483020e-05
5.000000e+01	7.500000e+01	1.166023e-02	5.382970e-05	5.382970e-05
7.500000e+01	1.000000e+02	1.013655e-02	5.021753e-05	5.021753e-05
1.000000e+02	1.250000e+02	7.452816e-03	4.307799e-05	4.307799e-05
1.250000e+02	1.500000e+02	5.125036e-03	3.574713e-05	3.574713e-05
1.500000e+02	1.750000e+02	3.406776e-03	2.913333e-05	2.913333e-05
1.750000e+02	2.000000e+02	2.309935e-03	2.397209e-05	2.397209e-05
2.000000e+02	2.250000e+02	1.561852e-03	1.976317e-05	1.976317e-05
2.250000e+02	2.500000e+02	1.082960e-03	1.641403e-05	1.641403e-05
2.500000e+02	2.750000e+02	7.748532e-04	1.389862e-05	1.389862e-05
2.750000e+02	3.000000e+02	5.465616e-04	1.168692e-05	1.168692e-05
3.000000e+02	3.250000e+02	3.889138e-04	9.862134e-06	9.862134e-06
3.250000e+02	3.500000e+02	2.905079e-04	8.507521e-06	8.507521e-06
3.500000e+02	3.750000e+02	2.062309e-04	7.184062e-06	7.184062e-06
3.750000e+02	4.000000e+02	1.482284e-04	6.091846e-06	6.091846e-06
4.000000e+02	4.250000e+02	1.179879e-04	5.441942e-06	5.441942e-06
4.250000e+02	4.500000e+02	8.749940e-05	4.670298e-06	4.670298e-06
4.500000e+02	4.750000e+02	6.320780e-05	3.958225e-06	3.958225e-06
4.750000e+02	5.000000e+02	4.833536e-05	3.514216e-06	3.514216e-06
5.000000e+02	5.250000e+02	4.114704e-05	3.212810e-06	3.212810e-06
5.250000e+02	5.500000e+02	3.147996e-05	2.837044e-06	2.837044e-06
5.500000e+02	5.750000e+02	2.007777e-05	2.258237e-06	2.258237e-06
5.750000e+02	6.000000e+02	2.206076e-05	2.338436e-06	2.338436e-06
6.000000e+02	6.250000e+02	1.338518e-05	1.821492e-06	1.821492e-06
6.250000e+02	6.500000e+02	1.462455e-05	1.903954e-06	1.903954e-06
6.500000e+02	6.750000e+02	7.188336e-06	1.334841e-06	1.334841e-06
6.750000e+02	7.000000e+02	7.684084e-06	1.380103e-06	1.380103e-06
7.000000e+02	7.250000e+02	5.453220e-06	1.162631e-06	1.162631e-06
7.250000e+02	7.500000e+02	3.718105e-06	9.600107e-07	9.600107e-07
7.500000e+02	7.750000e+02	4.709600e-06	1.080456e-06	1.080456e-06
7.750000e+02	8.000000e+02	2.230863e-06	7.436211e-07	7.436211e-07
8.000000e+02	8.250000e+02	1.735116e-06	6.558122e-07	6.558122e-07
8.250000e+02	8.500000e+02	1.239368e-06	5.542625e-07	5.542625e-07
8.500000e+02	8.750000e+02	1.487242e-06	6.071640e-07	6.071640e-07
8.750000e+02	9.000000e+02	7.436212e-07	4.293299e-07	4.293299e-07
9.000000e+02	9.250000e+02	2.230863e-06	7.436211e-07	7.436211e-07
9.250000e+02	9.500000e+02	1.487242e-06	6.071640e-07	6.071640e-07
9.500000e+02	9.750000e+02	4.957472e-07	3.505464e-07	3.505464e-07
9.750000e+02	1.000000e+03	0.000000e+00	0.000000e+00	0.000000e+00
# END HISTO1D

# BEGIN HISTO1D /PHANTOM_loose_cuts2_hwpp/phantom_hwpp_norm.yoda/MC_VBSCAN_MCComparison/pT_j2
LineColor=green
LineStyle=dashed
Path=/PHANTOM_loose_cuts2_hwpp/phantom_hwpp_norm.yoda/MC_VBSCAN_MCComparison/pT_j2
ScaledBy=1.33288898722063276e-06
Title=phantom,H++
XLabel=
YLabel=
# xlow	 xhigh	 val	 errminus	 errplus
0.000000e+00	2.500000e+01	0.000000e+00	0.000000e+00	0.000000e+00
2.500000e+01	5.000000e+01	7.639904e-03	2.018232e-05	2.018232e-05
5.000000e+01	7.500000e+01	1.101164e-02	2.422997e-05	2.422997e-05
7.500000e+01	1.000000e+02	9.479132e-03	2.248078e-05	2.248078e-05
1.000000e+02	1.250000e+02	7.014624e-03	1.933878e-05	1.933878e-05
1.250000e+02	1.500000e+02	4.809704e-03	1.601349e-05	1.601349e-05
1.500000e+02	1.750000e+02	3.196535e-03	1.305470e-05	1.305470e-05
1.750000e+02	2.000000e+02	2.145525e-03	1.069532e-05	1.069532e-05
2.000000e+02	2.250000e+02	1.449384e-03	8.790604e-06	8.790604e-06
2.250000e+02	2.500000e+02	1.006544e-03	7.325604e-06	7.325604e-06
2.500000e+02	2.750000e+02	7.024324e-04	6.119688e-06	6.119688e-06
2.750000e+02	3.000000e+02	5.099100e-04	5.214033e-06	5.214033e-06
3.000000e+02	3.250000e+02	3.576941e-04	4.366996e-06	4.366996e-06
3.250000e+02	3.500000e+02	2.686572e-04	3.784653e-06	3.784653e-06
3.500000e+02	3.750000e+02	1.971076e-04	3.241744e-06	3.241744e-06
3.750000e+02	4.000000e+02	1.436854e-04	2.767791e-06	2.767791e-06
4.000000e+02	4.250000e+02	1.103632e-04	2.425712e-06	2.425712e-06
4.250000e+02	4.500000e+02	8.253248e-05	2.097681e-06	2.097681e-06
4.500000e+02	4.750000e+02	6.072644e-05	1.799351e-06	1.799351e-06
4.750000e+02	5.000000e+02	4.723760e-05	1.586978e-06	1.586978e-06
5.000000e+02	5.250000e+02	3.529491e-05	1.371775e-06	1.371775e-06
5.250000e+02	5.500000e+02	2.948350e-05	1.253766e-06	1.253766e-06
5.500000e+02	5.750000e+02	2.340553e-05	1.117085e-06	1.117085e-06
5.750000e+02	6.000000e+02	1.786071e-05	9.758351e-07	9.758351e-07
6.000000e+02	6.250000e+02	1.396868e-05	8.629878e-07	8.629878e-07
6.250000e+02	6.500000e+02	1.082306e-05	7.596298e-07	7.596298e-07
6.500000e+02	6.750000e+02	7.784072e-06	6.442144e-07	6.442144e-07
6.750000e+02	7.000000e+02	6.984340e-06	6.102245e-07	6.102245e-07
7.000000e+02	7.250000e+02	4.958348e-06	5.141567e-07	5.141567e-07
7.250000e+02	7.500000e+02	3.732088e-06	4.460699e-07	4.460699e-07
7.500000e+02	7.750000e+02	3.625458e-06	4.396513e-07	4.396513e-07
7.750000e+02	8.000000e+02	3.358881e-06	4.231792e-07	4.231792e-07
8.000000e+02	8.250000e+02	2.452516e-06	3.616037e-07	3.616037e-07
8.250000e+02	8.500000e+02	1.812729e-06	3.108805e-07	3.108805e-07
8.500000e+02	8.750000e+02	1.279574e-06	2.611918e-07	2.611918e-07
8.750000e+02	9.000000e+02	7.464180e-07	1.994885e-07	1.994885e-07
9.000000e+02	9.250000e+02	4.265244e-07	1.507992e-07	1.507992e-07
9.250000e+02	9.500000e+02	9.063644e-07	2.198257e-07	2.198257e-07
9.500000e+02	9.750000e+02	3.732088e-07	1.410597e-07	1.410597e-07
9.750000e+02	1.000000e+03	3.198933e-07	1.305959e-07	1.305959e-07
# END HISTO1D

# BEGIN HISTO1D /PHANTOM_loose_cuts2_hwpp/phantom_H7_norm.yoda/MC_VBSCAN_MCComparison/pT_j2
LineColor=green
LineStyle=solid
Path=/PHANTOM_loose_cuts2_hwpp/phantom_H7_norm.yoda/MC_VBSCAN_MCComparison/pT_j2
ScaledBy=1.34477150036247079e-06
Title=phantom,H7
XLabel=
YLabel=
# xlow	 xhigh	 val	 errminus	 errplus
0.000000e+00	2.500000e+01	0.000000e+00	0.000000e+00	0.000000e+00
2.500000e+01	5.000000e+01	7.495864e-03	2.008006e-05	2.008006e-05
5.000000e+01	7.500000e+01	1.087996e-02	2.419178e-05	2.419178e-05
7.500000e+01	1.000000e+02	9.479996e-03	2.258178e-05	2.258178e-05
1.000000e+02	1.250000e+02	7.024604e-03	1.943860e-05	1.943860e-05
1.250000e+02	1.500000e+02	4.837140e-03	1.613053e-05	1.613053e-05
1.500000e+02	1.750000e+02	3.222179e-03	1.316525e-05	1.316525e-05
1.750000e+02	2.000000e+02	2.185899e-03	1.084350e-05	1.084350e-05
2.000000e+02	2.250000e+02	1.491352e-03	8.956624e-06	8.956624e-06
2.250000e+02	2.500000e+02	1.025953e-03	7.428788e-06	7.428788e-06
2.500000e+02	2.750000e+02	7.142888e-04	6.198565e-06	6.198565e-06
2.750000e+02	3.000000e+02	5.084312e-04	5.229623e-06	5.229623e-06
3.000000e+02	3.250000e+02	3.660469e-04	4.437338e-06	4.437338e-06
3.250000e+02	3.500000e+02	2.718590e-04	3.824072e-06	3.824072e-06
3.500000e+02	3.750000e+02	2.011778e-04	3.289609e-06	3.289609e-06
3.750000e+02	4.000000e+02	1.473870e-04	2.815683e-06	2.815683e-06
4.000000e+02	4.250000e+02	1.108630e-04	2.442010e-06	2.442010e-06
4.250000e+02	4.500000e+02	8.095524e-05	2.086780e-06	2.086780e-06
4.500000e+02	4.750000e+02	6.454904e-05	1.863370e-06	1.863370e-06
4.750000e+02	5.000000e+02	4.841180e-05	1.613726e-06	1.613726e-06
5.000000e+02	5.250000e+02	3.652398e-05	1.401662e-06	1.401662e-06
5.250000e+02	5.500000e+02	3.082216e-05	1.287614e-06	1.287614e-06
5.500000e+02	5.750000e+02	2.431347e-05	1.143609e-06	1.143609e-06
5.750000e+02	6.000000e+02	1.710550e-05	9.592286e-07	9.592286e-07
6.000000e+02	6.250000e+02	1.312497e-05	8.402402e-07	8.402402e-07
6.250000e+02	6.500000e+02	1.226432e-05	8.122242e-07	8.122242e-07
6.500000e+02	6.750000e+02	9.682356e-06	7.216802e-07	7.216802e-07
6.750000e+02	7.000000e+02	6.831440e-06	6.061922e-07	6.061922e-07
7.000000e+02	7.250000e+02	4.841180e-06	5.103049e-07	5.103049e-07
7.250000e+02	7.500000e+02	4.410852e-06	4.870969e-07	4.870969e-07
7.500000e+02	7.750000e+02	3.227452e-06	4.166622e-07	4.166622e-07
7.750000e+02	8.000000e+02	3.281241e-06	4.201200e-07	4.201200e-07
8.000000e+02	8.250000e+02	2.313007e-06	3.527303e-07	3.527303e-07
8.250000e+02	8.500000e+02	1.559935e-06	2.896726e-07	2.896726e-07
8.500000e+02	8.750000e+02	1.828889e-06	3.136519e-07	3.136519e-07
8.750000e+02	9.000000e+02	1.129608e-06	2.465007e-07	2.465007e-07
9.000000e+02	9.250000e+02	7.530720e-07	2.012670e-07	2.012670e-07
9.250000e+02	9.500000e+02	3.227452e-07	1.317601e-07	1.317601e-07
9.500000e+02	9.750000e+02	4.841180e-07	1.613726e-07	1.613726e-07
9.750000e+02	1.000000e+03	2.151634e-07	1.075817e-07	1.075817e-07
# END HISTO1D

