# title = cross section scan
# xlabel = $xsec$
# ylabel = $\frac{\text{d}\sigma}{\text{d}xsec}\,[\text{fb}]$
# xmin=  0.000E+00
# xmax=  2.000E+02
# ymin=  1.000E-04
# ymax=  4.000E-01
# kmin= -2.000E+01
# kmax=  1.000E+01
# logscale = false
# Renormalization and factorization scale scaled by: 1.0000000000
# Renormalization scaled by: 1.0000000000
# Number of generated events: 606049171
#
#=====================================================================================
# No.       Left      Right                   Value                   Error Hits
#-------------------------------------------------------------------------------------
   1       0.00       1.00  0.000000000000000E+00  0.000000000000000E+00 0
   2       1.00       2.00  8.375682808058945E-03  2.833997970854127E-05 7634270
   3       2.00       3.00  3.068478081849590E-02  5.197289092928648E-05 27982314
   4       3.00       4.00  4.113961469722947E-02  5.252657012808032E-05 32759957
   5       4.00       5.00  3.628690159805262E-02  4.086541609108782E-05 29303448
   6       5.00       6.00  2.902180309072185E-02  3.281040779352917E-05 24886872
   7       6.00       7.00  2.287097249768344E-02  2.736670291680809E-05 20996286
   8       7.00       8.00  1.812388724366354E-02  2.325802201867149E-05 17812495
   9       8.00       9.00  1.439020968762541E-02  1.967265628545620E-05 15248142
  10       9.00      10.00  1.163686861972730E-02  1.759440835328059E-05 13187354
  11      10.00      11.00  9.418020507450808E-03  1.562252360425154E-05 11485508
  12      11.00      12.00  7.751687771608985E-03  1.393416299812137E-05 10099230
  13      12.00      13.00  6.400373774099328E-03  1.256764027561019E-05 8940087
  14      13.00      14.00  5.303266234013927E-03  1.121542381326675E-05 7961980
  15      14.00      15.00  4.459839708339555E-03  1.076515653747805E-05 7128377
  16      15.00      16.00  3.749106059541132E-03  9.236561330780112E-06 6422604
  17      16.00      17.00  3.186551288073085E-03  8.489659441031547E-06 5808832
  18      17.00      18.00  2.151318524035863E-02  2.035148071912108E-05 82485541
  19      18.00      19.00  4.617103960264182E-03  2.457140713517105E-05 3603878
  20      19.00      20.00  2.830711969885139E-02  5.905001162208336E-05 22255870
  21      20.00      21.00  3.999392712596793E-02  6.188800624644009E-05 29304989
  22      21.00      22.00  3.623321904486002E-02  4.884251451858325E-05 27108032
  23      22.00      23.00  2.913940546599084E-02  3.745903538492888E-05 23433877
  24      23.00      24.00  2.308097715360206E-02  3.148837904522667E-05 19972939
  25      24.00      25.00  1.838252424056440E-02  2.757908670783589E-05 17046239
  26      25.00      26.00  1.469278495206147E-02  2.334379123043271E-05 14659269
  27      26.00      27.00  1.188651647650020E-02  2.075180933866043E-05 12714075
  28      27.00      28.00  9.683055843931821E-03  1.834971687671006E-05 11109200
  29      28.00      29.00  7.927222243619123E-03  1.607485557628218E-05 9769766
  30      29.00      30.00  6.558012558384625E-03  1.432586911325970E-05 8664293
  31      30.00      31.00  5.496779119079115E-03  1.311016077013926E-05 7727415
  32      31.00      32.00  4.592224009522832E-03  1.178020520674610E-05 6928988
  33      32.00      33.00  3.895938071349979E-03  1.085392041567717E-05 6246189
  34      33.00      34.00  3.305504296192539E-03  9.970202393554643E-06 5649708
  35      34.00      35.00  2.253030567980909E-02  2.362271081129887E-05 80097090
  36      35.00      36.00  3.929766334680140E-04  1.148544753555202E-05 245426
  37      36.00      37.00  1.561259548130352E-02  5.172035764372389E-05 9315354
  38      37.00      38.00  3.350815058415257E-02  6.827714620770287E-05 18734563
  39      38.00      39.00  3.378430675944957E-02  5.743713039874534E-05 19632262
  40      39.00      40.00  2.840769786107352E-02  4.872367919022116E-05 18058166
  41      40.00      41.00  2.282507480627172E-02  3.842697842177381E-05 15984020
  42      41.00      42.00  1.839358353328008E-02  3.492408003831017E-05 14006207
  43      42.00      43.00  1.484586548487088E-02  2.926519129468229E-05 12275564
  44      43.00      44.00  1.211407579927498E-02  2.598918389726140E-05 10797512
  45      44.00      45.00  9.890737328053881E-03  2.315601647933746E-05 9547546
  46      45.00      46.00  8.177335568201180E-03  2.010297921464039E-05 8485421
  47      46.00      47.00  6.777726100729279E-03  1.799508632698362E-05 7587550
  48      47.00      48.00  5.686034257535568E-03  1.666262644943796E-05 6808703
  49      48.00      49.00  4.787450300154339E-03  1.467094274388567E-05 6149130
  50      49.00      50.00  4.062940065082115E-03  1.379364928024111E-05 5572715
  51      50.00      51.00  3.485727523954469E-03  1.258212347405849E-05 5066199
  52      51.00      52.00  2.400001216179673E-02  2.992240006837846E-05 74435604
  53      52.00      53.00  0.000000000000000E+00  0.000000000000000E+00 0
  54      53.00      54.00  4.535132794409920E-03  2.844659852802403E-05 2208116
  55      54.00      55.00  2.119998409360527E-02  6.845236406920474E-05 9197320
  56      55.00      56.00  2.698678513823130E-02  6.989206162757076E-05 11691846
  57      56.00      57.00  2.506741502465691E-02  6.047595344085035E-05 11819549
  58      57.00      58.00  2.114300042839191E-02  4.729377796766422E-05 11081400
  59      58.00      59.00  1.741543555817208E-02  4.179892528547196E-05 10103436
  60      59.00      60.00  1.429758315222504E-02  3.672620566925469E-05 9105546
  61      60.00      61.00  1.167443768394375E-02  2.987998092582390E-05 8183344
  62      61.00      62.00  9.713781428673469E-03  2.791954938365915E-05 7361726
  63      62.00      63.00  8.062968689579744E-03  2.531357601731843E-05 6640844
  64      63.00      64.00  6.772148196413446E-03  2.274580424596334E-05 6008800
  65      64.00      65.00  5.685807932002952E-03  2.054214592726876E-05 5451866
  66      65.00      66.00  4.842323674649030E-03  1.865561160236867E-05 4968730
  67      66.00      67.00  4.107268406822156E-03  1.718712240856142E-05 4530605
  68      67.00      68.00  3.506750645426088E-03  1.568466322960471E-05 4156347
  69      68.00      69.00  2.495927562432687E-02  3.763467797021557E-05 65332451
  70      69.00      70.00  0.000000000000000E+00  0.000000000000000E+00 0
  71      70.00      71.00  4.148770835080000E-04  1.094083677107146E-05 172854
  72      71.00      72.00  8.812224530200335E-03  5.949126045733113E-05 3153678
  73      72.00      73.00  1.708621368894526E-02  6.779510623635722E-05 5693858
  74      73.00      74.00  1.874861774142381E-02  6.843871911086433E-05 6575755
  75      74.00      75.00  1.736300599660724E-02  5.526766025424617E-05 6688846
  76      75.00      76.00  1.495059268175205E-02  4.811256175695920E-05 6447438
  77      76.00      77.00  1.258512844745421E-02  4.033205954984234E-05 6050350
  78      77.00      78.00  1.058670501946554E-02  3.640220177916981E-05 5606306
  79      78.00      79.00  8.898953809981854E-03  3.173598266384812E-05 5169399
  80      79.00      80.00  7.466184747260026E-03  2.870910881555479E-05 4749981
  81      80.00      81.00  6.344025009087012E-03  2.639244801885915E-05 4369531
  82      81.00      82.00  5.408570654431555E-03  2.551791727256821E-05 4019187
  83      82.00      83.00  4.607433156610894E-03  2.255883720088247E-05 3707186
  84      83.00      84.00  3.975799137882425E-03  2.116815376192815E-05 3420474
  85      84.00      85.00  3.335466098901486E-03  1.705472149296812E-05 3162906
  86      85.00      86.00  2.484346895339803E-02  4.573626261453313E-05 54456639
  87      86.00      87.00  0.000000000000000E+00  0.000000000000000E+00 0
  88      87.00      88.00  9.228723461098118E-08  2.697428993553328E-08 65
  89      88.00      89.00  1.684789648191865E-03  2.563481268335209E-05 522219
  90      89.00      90.00  7.727208761672447E-03  6.286342027485613E-05 2131821
  91      90.00      91.00  1.103589657406556E-02  5.339178045471370E-05 3058072
  92      91.00      92.00  1.183301730990345E-02  5.831717454891776E-05 3484095
  93      92.00      93.00  1.119081754267976E-02  5.087547695747584E-05 3620151
  94      93.00      94.00  9.995876919474017E-03  4.417283346353930E-05 3592198
  95      94.00      95.00  8.660742069937595E-03  4.323535833302640E-05 3466494
  96      95.00      96.00  7.569324543650352E-03  3.845229211625256E-05 3300198
  97      96.00      97.00  6.398116210098010E-03  3.343466609312038E-05 3118040
  98      97.00      98.00  5.471117263546949E-03  2.881451576119645E-05 2935405
  99      98.00      99.00  4.712860529335871E-03  2.625414454571024E-05 2751217
 100      99.00     100.00  4.010930010531199E-03  2.325137361097315E-05 2573638
 101     100.00     101.00  3.515388900726553E-03  2.229818176322329E-05 2410928
 102     101.00     102.00  3.072450124462249E-03  2.187584773706312E-05 2259772
 103     102.00     103.00  2.327879323110846E-02  5.213586439187449E-05 43453821
 104     103.00     104.00  0.000000000000000E+00  0.000000000000000E+00 0
 105     104.00     105.00  0.000000000000000E+00  0.000000000000000E+00 0
 106     105.00     106.00  3.386600517070043E-05  1.737362904771489E-06 10548
 107     106.00     107.00  1.811451460185085E-03  2.685423876675618E-05 450452
 108     107.00     108.00  4.736582499941557E-03  4.376714621752459E-05 1113722
 109     108.00     109.00  6.396855810843431E-03  6.812468839009004E-05 1520635
 110     109.00     110.00  6.834493371511641E-03  4.280418538168550E-05 1759357
 111     110.00     111.00  6.727509093748089E-03  4.127840930170668E-05 1875073
 112     111.00     112.00  6.291788890755485E-03  4.177695860700102E-05 1917166
 113     112.00     113.00  5.662259911952719E-03  3.887421741081471E-05 1906507
 114     113.00     114.00  4.969857393560088E-03  3.483168641521296E-05 1864386
 115     114.00     115.00  4.365154373835962E-03  3.173855872541367E-05 1806772
 116     115.00     116.00  3.790437047529295E-03  2.648688719425986E-05 1734251
 117     116.00     117.00  3.369402314149278E-03  2.740078741290471E-05 1658417
 118     117.00     118.00  2.933634030277560E-03  2.380685720733762E-05 1582255
 119     118.00     119.00  2.524372719409164E-03  2.234013543957158E-05 1507255
 120     119.00     120.00  2.045035925567152E-02  5.504790310119171E-05 33366386
 121     120.00     121.00  0.000000000000000E+00  0.000000000000000E+00 0
 122     121.00     122.00  0.000000000000000E+00  0.000000000000000E+00 0
 123     122.00     123.00  0.000000000000000E+00  0.000000000000000E+00 0
 124     123.00     124.00  6.071079443092883E-05  2.878283404574329E-06 15247
 125     124.00     125.00  1.076967224381426E-03  2.610395931435810E-05 229415
 126     125.00     126.00  2.427411899321148E-03  4.918695198881996E-05 507002
 127     126.00     127.00  3.196852854747860E-03  3.372348872161353E-05 702361
 128     127.00     128.00  3.718640629730858E-03  3.986972760909070E-05 836209
 129     128.00     129.00  3.750010058132882E-03  5.022025579135020E-05 922702
 130     129.00     130.00  3.607828842608193E-03  3.428136552071330E-05 972704
 131     130.00     131.00  3.360731777802687E-03  3.511094994871948E-05 999780
 132     131.00     132.00  3.056982459448679E-03  2.906232236237922E-05 1005191
 133     132.00     133.00  2.719968329254451E-03  2.605444153622412E-05 995450
 134     133.00     134.00  2.409642176469206E-03  2.105137524258800E-05 980057
 135     134.00     135.00  2.198813494826684E-03  2.113674597634088E-05 957644
 136     135.00     136.00  1.969382963045896E-03  2.086818661758732E-05 928892
 137     136.00     137.00  1.656378584009377E-02  5.364146080291421E-05 24633730
 138     137.00     138.00  0.000000000000000E+00  0.000000000000000E+00 0
 139     138.00     139.00  0.000000000000000E+00  0.000000000000000E+00 0
 140     139.00     140.00  0.000000000000000E+00  0.000000000000000E+00 0
 141     140.00     141.00  0.000000000000000E+00  0.000000000000000E+00 0
 142     141.00     142.00  2.666979873603601E-05  6.720300694744306E-06 5240
 143     142.00     143.00  4.298193973550832E-04  2.281713028817074E-05 81218
 144     143.00     144.00  1.015366109231566E-03  3.023780688558904E-05 199378
 145     144.00     145.00  1.426346229374243E-03  2.102102325141388E-05 295504
 146     145.00     146.00  1.686327113552318E-03  2.353957400394777E-05 367342
 147     146.00     147.00  1.859726826429431E-03  3.190312446394035E-05 423141
 148     147.00     148.00  1.792811363582404E-03  2.085350652464167E-05 463559
 149     148.00     149.00  1.754022695102013E-03  1.955456075789153E-05 491225
 150     149.00     150.00  1.731530520484513E-03  2.321495701309386E-05 507858
 151     150.00     151.00  1.579241268235513E-03  2.065485811769102E-05 518910
 152     151.00     152.00  1.489756456953023E-03  2.064573392510747E-05 523212
 153     152.00     153.00  1.358010238491890E-03  1.721371362793685E-05 521684
 154     153.00     154.00  1.253878327666317E-02  5.208339987377471E-05 17424285
 155     154.00     155.00  0.000000000000000E+00  0.000000000000000E+00 0
 156     155.00     156.00  0.000000000000000E+00  0.000000000000000E+00 0
 157     156.00     157.00  0.000000000000000E+00  0.000000000000000E+00 0
 158     157.00     158.00  0.000000000000000E+00  0.000000000000000E+00 0
 159     158.00     159.00  0.000000000000000E+00  0.000000000000000E+00 0
 160     159.00     160.00  8.824653066318828E-07  1.816313271387228E-07 250
 161     160.00     161.00  8.420545581373491E-05  4.573639151631347E-06 16715
 162     161.00     162.00  3.324576920814312E-04  2.121311149971044E-05 60464
 163     162.00     163.00  5.331103758187466E-04  1.370151893275906E-05 105123
 164     163.00     164.00  6.990823442659862E-04  2.210577210374490E-05 143534
 165     164.00     165.00  8.002842652801344E-04  1.932441361119486E-05 174657
 166     165.00     166.00  8.267722471007612E-04  1.549159917709791E-05 200010
 167     166.00     167.00  8.823289316005499E-04  1.925288608471098E-05 220275
 168     167.00     168.00  8.225203346084859E-04  1.409824717371589E-05 236546
 169     168.00     169.00  8.386932782848858E-04  1.628985547053018E-05 249166
 170     169.00     170.00  8.302515651421925E-04  2.073898109318768E-05 258214
 171     170.00     171.00  8.804788541195048E-03  4.897232554170519E-05 11759706
 172     171.00     172.00  0.000000000000000E+00  0.000000000000000E+00 0
 173     172.00     173.00  0.000000000000000E+00  0.000000000000000E+00 0
 174     173.00     174.00  0.000000000000000E+00  0.000000000000000E+00 0
 175     174.00     175.00  0.000000000000000E+00  0.000000000000000E+00 0
 176     175.00     176.00  0.000000000000000E+00  0.000000000000000E+00 0
 177     176.00     177.00  0.000000000000000E+00  0.000000000000000E+00 0
 178     177.00     178.00  0.000000000000000E+00  0.000000000000000E+00 0
 179     178.00     179.00  5.286450305976641E-06  1.086107187486709E-06 870
 180     179.00     180.00  4.659759856808109E-05  3.471105913796057E-06 9970
 181     180.00     181.00  1.370735492053455E-04  6.096871923442687E-06 27237
 182     181.00     182.00  2.445025764405217E-04  1.226307047456841E-05 47803
 183     182.00     183.00  3.195839294099764E-04  1.017664076678290E-05 69696
 184     183.00     184.00  3.978313820631415E-04  1.651836343368231E-05 89878
 185     184.00     185.00  4.553271738612055E-04  1.262609374367320E-05 109980
 186     185.00     186.00  5.003736385222228E-04  1.406388787851088E-05 127949
 187     186.00     187.00  5.466971099288182E-04  1.809470441994886E-05 145171
 188     187.00     188.00  1.037484183291090E-02  5.072954761347970E-05 16983742
 189     188.00     189.00  0.000000000000000E+00  0.000000000000000E+00 0
 190     189.00     190.00  0.000000000000000E+00  0.000000000000000E+00 0
 191     190.00     191.00  0.000000000000000E+00  0.000000000000000E+00 0
 192     191.00     192.00  0.000000000000000E+00  0.000000000000000E+00 0
 193     192.00     193.00  0.000000000000000E+00  0.000000000000000E+00 0
 194     193.00     194.00  0.000000000000000E+00  0.000000000000000E+00 0
 195     194.00     195.00  0.000000000000000E+00  0.000000000000000E+00 0
 196     195.00     196.00  0.000000000000000E+00  0.000000000000000E+00 0
 197     196.00     197.00  0.000000000000000E+00  0.000000000000000E+00 0
 198     197.00     198.00  0.000000000000000E+00  0.000000000000000E+00 0
 199     198.00     199.00  0.000000000000000E+00  0.000000000000000E+00 0
 200     199.00     200.00  0.000000000000000E+00  0.000000000000000E+00 0
# Underflow:                 0.0000000000000000E+00  0.0000000000000000E+00 0
# Overflow:                  0.0000000000000000E+00  0.0000000000000000E+00 0
#-------------------------------------------------------------------------------------
# Sum:                       7.5431728697414369E-01  3.9719679142060320E-04 123479000
#=====================================================================================
