# title = Transverse Momentum anti-Muon
# xlabel = $p_{\text{T},\mu^-}\,$[GeV]
# ylabel = $\frac{\text{d}\sigma}{\text{d}p_{\text{T},\mu^-}}\,\left[\frac{\text{fb}}{\text{GeV}}\right]$
# xmin=  0.000E+00
# xmax=  8.000E+02
# ymin=  1.000E-06
# ymax=  1.000E-02
# kmin= -5.000E+01
# kmax=  1.000E+01
# logscale = true
# Renormalization and factorization scale scaled by: 1.0000000000
# Renormalization scaled by: 1.0000000000
#
#
#=====================================================================================
# No.       Left      Right                   Value                   Error Hits
#-------------------------------------------------------------------------------------
   1       0.00      20.00  0.000000000000000E+00  0.000000000000000E+00 0
   2      20.00      40.00  1.673143164135875E-02  1.348897465789937E-04 201828825
   3      40.00      60.00  1.187613573662793E-02  1.112190073391986E-04 152486530
   4      60.00      80.00  7.496712342878010E-03  8.697313465640675E-05 99787374
   5      80.00     100.00  4.930582891034739E-03  6.692473804795458E-05 71188620
   6     100.00     120.00  3.199853878742224E-03  5.850822618874611E-05 53448392
   7     120.00     140.00  2.108549277182835E-03  4.605284684343766E-05 41571162
   8     140.00     160.00  1.489466597249643E-03  4.028337487408504E-05 33197577
   9     160.00     180.00  1.069598594798656E-03  3.359826147260833E-05 27053393
  10     180.00     200.00  7.923760854897322E-04  2.389853087218660E-05 22411908
  11     200.00     220.00  5.765162128659663E-04  2.065421127194885E-05 18823293
  12     220.00     240.00  4.309392444243431E-04  1.739780908758713E-05 15997459
  13     240.00     260.00  3.303587822561481E-04  1.384583584104405E-05 13728423
  14     260.00     280.00  2.564491506655968E-04  1.221922076681172E-05 11877859
  15     280.00     300.00  2.063229780440007E-04  9.768458703755511E-06 10360435
  16     300.00     320.00  1.615078212243861E-04  9.259177442587876E-06 9091293
  17     320.00     340.00  1.274673362423417E-04  7.196416568317774E-06 8028238
  18     340.00     360.00  8.881483536283958E-05  7.084048325670597E-06 7118787
  19     360.00     380.00  6.779316836322796E-05  6.130907220772870E-06 6348994
  20     380.00     400.00  6.265629408991647E-05  5.135079504616413E-06 5681414
  21     400.00     420.00  4.076636347712605E-05  4.373608314952587E-06 5107738
  22     420.00     440.00  3.874571278771080E-05  4.034355693087936E-06 4606363
  23     440.00     460.00  2.732310020374099E-05  4.252732762756854E-06 4172758
  24     460.00     480.00  2.547042729898905E-05  2.670359608370524E-06 3784512
  25     480.00     500.00  1.899370518143070E-05  2.270554980219150E-06 3442703
  26     500.00     520.00  1.430296533762838E-05  1.879604434641009E-06 3140609
  27     520.00     540.00  1.227033253509146E-05  1.880037135088308E-06 2871940
  28     540.00     560.00  1.187466429335180E-05  1.621263515474141E-06 2630182
  29     560.00     580.00  8.153014646013822E-06  1.560629324517506E-06 2415766
  30     580.00     600.00  6.007828732849898E-06  1.370586841141460E-06 2223092
  31     600.00     620.00  4.992142865766155E-06  1.479625710712691E-06 2047000
  32     620.00     640.00  5.503077573993863E-06  8.784130767130680E-07 1894080
  33     640.00     660.00  4.548768502266524E-06  7.390291847248285E-07 1748918
  34     660.00     680.00  4.030928007098453E-06  9.325857966236166E-07 1618464
  35     680.00     700.00  2.286412294866041E-06  9.590133650601259E-07 1501818
  36     700.00     720.00  3.251867678502722E-06  5.104877492013276E-07 1397202
  37     720.00     740.00  2.384933248185124E-06  5.837437876335274E-07 1298792
  38     740.00     760.00  2.123288508770214E-06  4.357013790564556E-07 1206861
  39     760.00     780.00  2.603618720271793E-06  7.423654223258535E-07 1126512
  40     780.00     800.00  1.818929677686068E-06  3.201158679516961E-07 1050869
  41     800.00     820.00  1.595570370758644E-06  4.065600614332843E-07 981377
  42     820.00     840.00  7.754695810952350E-07  3.547958645022686E-07 917749
  43     840.00     860.00  7.765701764737504E-07  2.790440942404535E-07 856260
  44     860.00     880.00  6.892545980790152E-07  1.914497933860285E-07 805105
  45     880.00     900.00  7.068470036162721E-07  1.769130843802732E-07 753579
  46     900.00     920.00  1.990089133156350E-07  1.910856696962554E-07 707906
  47     920.00     940.00  6.644515358587074E-07  1.849321504539408E-07 665026
  48     940.00     960.00  6.295443465512270E-07  3.872037008171715E-07 624398
  49     960.00     980.00  6.279087099730524E-08  4.156771529035825E-07 587669
  50     980.00    1000.00  2.844638296006744E-07  1.111024021658827E-07 553665
  51    1000.00    1020.00  2.645055077910582E-07  9.345191452008798E-08 518604
  52    1020.00    1040.00  1.932989934431936E-07  1.000652891604534E-07 491095
  53    1040.00    1060.00 -3.555954569610986E-07  3.773078568398990E-07 463711
  54    1060.00    1080.00  3.167567987459611E-07  8.405894289704564E-08 436858
  55    1080.00    1100.00  9.766707902964251E-08  5.887877573943669E-08 412219
  56    1100.00    1120.00  7.153866949006008E-08  9.271668135027321E-08 390129
  57    1120.00    1140.00 -4.774857062382819E-08  1.129380751279860E-07 369165
  58    1140.00    1160.00  7.706101401689446E-08  4.319834234070733E-08 348200
  59    1160.00    1180.00  6.106409673970224E-08  4.811962797441474E-08 331261
  60    1180.00    1200.00 -8.046774308942390E-09  7.486751791233049E-08 312691
  61    1200.00    1220.00  1.581718299927075E-07  4.712117333611826E-08 297299
  62    1220.00    1240.00  2.863241789158068E-08  5.771870456814706E-08 280786
  63    1240.00    1260.00 -1.920903685981160E-08  5.773064679043341E-08 266828
  64    1260.00    1280.00  1.078196960239234E-07  3.024269348715690E-08 252636
  65    1280.00    1300.00  9.748739021513363E-09  3.147066100925571E-08 239508
  66    1300.00    1320.00  6.727186577000497E-08  2.599024865183415E-08 227199
  67    1320.00    1340.00  2.813030343044635E-08  3.042019340167243E-08 216527
  68    1340.00    1360.00  4.844152050568503E-08  1.930850423031087E-08 205551
  69    1360.00    1380.00  4.310195988721945E-08  1.606758902673628E-08 195119
  70    1380.00    1400.00  3.335309543050631E-08  1.352261279522675E-08 185903
  71    1400.00    1420.00  1.458304540156560E-08  6.929417479787440E-09 176888
  72    1420.00    1440.00  2.161812082268810E-08  8.765255072323011E-09 168514
  73    1440.00    1460.00  1.832793290139744E-08  1.044925835500237E-08 160816
  74    1460.00    1480.00  1.023153377024915E-08  6.574791404175021E-09 152773
  75    1480.00    1500.00  1.670755107013973E-08  9.324715358744206E-09 145100
  76    1500.00    1520.00  2.026157865780808E-08  7.748624923236036E-09 139410
  77    1520.00    1540.00  1.115903224687507E-08  4.614008539820825E-09 132160
  78    1540.00    1560.00  1.723772033790448E-08  4.140308264904663E-09 126237
  79    1560.00    1580.00  1.508815394815875E-09  3.656191911348968E-09 119903
  80    1580.00    1600.00  1.340264365899520E-08  4.556790074989378E-09 114288
  81    1600.00    1620.00  3.420424330878936E-09  4.309506460141326E-09 109832
  82    1620.00    1640.00  4.919112921413544E-09  4.037751622061156E-09 104281
  83    1640.00    1660.00  4.518397152542036E-09  2.537326804191547E-09 99484
  84    1660.00    1680.00  2.018574986378177E-09  2.263395974773637E-09 95193
  85    1680.00    1700.00  3.244507378630440E-09  2.188493916106178E-09 90827
  86    1700.00    1720.00  1.935672722737284E-09  4.584998900159434E-09 86780
  87    1720.00    1740.00  3.338447712369091E-09  1.032560042717895E-09 82799
  88    1740.00    1760.00  2.793011679798737E-09  3.515293455802393E-09 78846
  89    1760.00    1780.00  5.026441655834664E-09  1.149270733687995E-09 75765
  90    1780.00    1800.00 -2.591443730904752E-09  4.430339077054644E-09 72092
  91    1800.00    1820.00 -3.486305048698615E-09  4.354303152860624E-09 68570
  92    1820.00    1840.00  1.330649574142150E-09  7.012760910096742E-10 65902
  93    1840.00    1860.00  4.593554814701634E-10  9.659176368054115E-10 63025
  94    1860.00    1880.00  1.354997027821909E-09  1.138244030717993E-09 60391
  95    1880.00    1900.00  2.686150049582245E-10  1.704063571408505E-09 57658
  96    1900.00    1920.00  1.156057376771008E-09  4.739446184192879E-10 55429
  97    1920.00    1940.00  1.140555757787462E-09  3.842815456177821E-10 53012
  98    1940.00    1960.00 -4.077684966168475E-10  1.094875985124210E-09 50901
  99    1960.00    1980.00  7.041864834218474E-10  4.538476222828590E-10 48308
 100    1980.00    2000.00 -1.909878054688653E-08  1.496655108731233E-08 46211
 101    2000.00    2020.00  6.685546826879239E-10  2.963068565515985E-10 44456
 102    2020.00    2040.00 -2.890146957480895E-11  1.462500092211821E-09 42378
 103    2040.00    2060.00  6.430744452269316E-10  1.489654224943553E-09 40819
 104    2060.00    2080.00 -2.850505259297256E-09  3.371815756759597E-09 38869
 105    2080.00    2100.00  7.047608477651462E-10  4.669158699170928E-10 37586
 106    2100.00    2120.00  4.851840089782553E-10  1.581692232554471E-10 35788
 107    2120.00    2140.00  1.916270424445752E-10  2.517896718292128E-10 34373
 108    2140.00    2160.00  3.867022279123000E-10  1.824773550164518E-10 32903
 109    2160.00    2180.00  1.606529801952415E-10  8.853164397357832E-11 31536
 110    2180.00    2200.00  7.034636312261332E-10  2.788853306808896E-10 30287
 111    2200.00    2220.00  3.690675643408544E-10  7.317962769533110E-11 28834
 112    2220.00    2240.00  1.031360281816999E-10  3.377093004412809E-10 27902
 113    2240.00    2260.00  1.462834931730872E-10  1.629301552542051E-10 26560
 114    2260.00    2280.00  1.089938145789653E-10  7.891242830611249E-11 25132
 115    2280.00    2300.00  1.253834282588276E-10  1.048090696196311E-10 24492
 116    2300.00    2320.00  1.472923274736953E-10  6.589289871358560E-11 23505
 117    2320.00    2340.00 -4.765665896744579E-10  5.924468931170373E-10 22336
 118    2340.00    2360.00  1.631539063915410E-10  5.000285087478541E-11 21538
 119    2360.00    2380.00  1.638220067308439E-10  3.685054838620614E-11 20632
 120    2380.00    2400.00 -1.896046628832848E-10  2.919209201452755E-10 19752
 121    2400.00    2420.00  2.057204551016755E-10  1.097508355384586E-10 18980
 122    2420.00    2440.00  2.620466006920013E-11  5.177989296960355E-11 18253
 123    2440.00    2460.00  2.024804868073184E-10  8.037032647442210E-11 17533
 124    2460.00    2480.00  3.603472728958299E-11  3.648582585170797E-11 16755
 125    2480.00    2500.00 -2.698489299751886E-11  7.171767152643698E-11 16162
 126    2500.00    2520.00  2.932779169269860E-11  3.469372071910270E-11 15289
 127    2520.00    2540.00  4.293531102038602E-11  4.411272895301446E-11 14848
 128    2540.00    2560.00 -5.199289095709595E-13  4.134836632083546E-11 14072
 129    2560.00    2580.00  5.686868417424151E-11  2.615420727692260E-11 13592
 130    2580.00    2600.00  2.247613306674625E-12  1.455641341311273E-11 12952
 131    2600.00    2620.00  2.497636678039112E-12  1.409466285274269E-11 12298
 132    2620.00    2640.00  6.375120634703840E-12  1.528519635931922E-11 12022
 133    2640.00    2660.00 -3.310456829168777E-12  1.347945709836684E-11 11780
 134    2660.00    2680.00  2.537213465764879E-11  8.281379240291112E-12 11243
 135    2680.00    2700.00 -1.505357476430055E-11  1.957547156579277E-11 10598
 136    2700.00    2720.00  2.383481910721421E-11  9.648926076005701E-12 10201
 137    2720.00    2740.00  2.849694439036557E-11  1.152965805851232E-11 9644
 138    2740.00    2760.00  1.273032815370068E-11  1.276964863836230E-11 9434
 139    2760.00    2780.00  1.574728211637115E-11  5.787643975945731E-12 9009
 140    2780.00    2800.00  1.915127001909221E-11  9.747530767930547E-12 8701
 141    2800.00    2820.00 -2.555934431770113E-11  2.135788839015752E-11 8143
 142    2820.00    2840.00  7.393636544188729E-12  4.050737096960050E-12 7914
 143    2840.00    2860.00 -5.897676724447182E-13  4.886111065325701E-12 7424
 144    2860.00    2880.00 -2.048486705545983E-11  1.940313669487229E-11 7335
 145    2880.00    2900.00 -6.434741034643051E-12  2.645715563329497E-11 6915
 146    2900.00    2920.00  1.579572665211538E-11  1.155558246628317E-11 6736
 147    2920.00    2940.00  7.919751002827048E-12  3.194968481866656E-12 6407
 148    2940.00    2960.00  3.240991117327227E-12  2.371799435137268E-12 6097
 149    2960.00    2980.00  4.659768338257220E-12  3.677170058991624E-12 5858
 150    2980.00    3000.00 -3.661312967654566E-12  4.085576126772466E-12 5565
 151    3000.00    3020.00 -1.403103822203811E-11  1.796188038075644E-11 5462
 152    3020.00    3040.00  2.217676048739350E-11  1.586916558260979E-11 5088
 153    3040.00    3060.00 -7.278979527602155E-13  5.483932175974408E-12 4903
 154    3060.00    3080.00 -1.439856563528108E-13  1.781031666576608E-12 4806
 155    3080.00    3100.00  3.379301407167808E-12  2.348484388009638E-12 4719
 156    3100.00    3120.00 -3.282990547102124E-12  3.761428747521188E-12 4479
 157    3120.00    3140.00  4.119896260114580E-12  1.931675773479421E-12 4273
 158    3140.00    3160.00  3.507573537742711E-13  1.166728689886904E-12 4061
 159    3160.00    3180.00  2.094349863862602E-13  1.297958527913752E-12 3956
 160    3180.00    3200.00  1.273419182650996E-12  1.321325735531359E-12 3736
 161    3200.00    3220.00  4.334673580345679E-13  2.416922390928673E-13 3464
 162    3220.00    3240.00  1.090855517099783E-12  3.184168447872977E-13 3449
 163    3240.00    3260.00 -5.567841808164287E-12  3.799849164710244E-12 3302
 164    3260.00    3280.00  5.240713673047942E-13  1.273698936426774E-13 3173
 165    3280.00    3300.00  3.903371288739964E-14  5.733248445876932E-13 3051
 166    3300.00    3320.00  8.611957777841611E-13  7.581171985931551E-13 2805
 167    3320.00    3340.00  1.039700133212227E-14  5.003192132165390E-13 2856
 168    3340.00    3360.00  9.755289867258148E-14  6.888435056270025E-13 2663
 169    3360.00    3380.00 -1.252306239935464E-13  7.661753347948867E-13 2563
 170    3380.00    3400.00  4.343821291814247E-13  4.989370889411600E-13 2488
 171    3400.00    3420.00  2.911202290822979E-13  5.884591233575422E-14 2389
 172    3420.00    3440.00  1.848308879228039E-13  1.033701036805765E-13 2238
 173    3440.00    3460.00  1.849622954633394E-13  8.171843286406164E-14 2111
 174    3460.00    3480.00  8.394363246002014E-13  6.571294472752796E-13 1988
 175    3480.00    3500.00  2.949158358221561E-13  1.238836137131620E-13 1947
 176    3500.00    3520.00  2.170446672234527E-13  9.413286987954926E-14 1900
 177    3520.00    3540.00  1.855055305723876E-13  1.739454647971419E-13 1801
 178    3540.00    3560.00  2.490786464971805E-13  1.368027083949335E-13 1647
 179    3560.00    3580.00  4.570008087021985E-13  2.223748240054089E-13 1663
 180    3580.00    3600.00  1.880630219948465E-13  7.049964563225976E-14 1593
 181    3600.00    3620.00  1.249459030068956E-13  3.894086664459925E-14 1522
 182    3620.00    3640.00  5.437052575513193E-14  3.130334427658327E-14 1452
 183    3640.00    3660.00  1.381142910338047E-13  1.387863009915293E-13 1401
 184    3660.00    3680.00  2.506244003686402E-13  1.493667825190254E-13 1308
 185    3680.00    3700.00  1.110423910125134E-13  4.737298512827857E-14 1254
 186    3700.00    3720.00  9.116101217101239E-14  1.257410743526758E-13 1159
 187    3720.00    3740.00  1.951038028569423E-14  3.923889067337760E-14 1145
 188    3740.00    3760.00  3.943137564937689E-13  2.113920648322240E-13 1083
 189    3760.00    3780.00 -7.101844419821507E-14  1.916643581820078E-13 1025
 190    3780.00    3800.00 -2.007207614669790E-15  1.987581542046767E-14 1003
 191    3800.00    3820.00  5.735534234881414E-14  1.542722304028600E-13 913
 192    3820.00    3840.00  5.209100668120272E-14  1.011139848379682E-13 857
 193    3840.00    3860.00  3.448384715981420E-14  1.851300180940505E-14 909
 194    3860.00    3880.00  1.305594621923599E-13  1.141241998311180E-13 805
 195    3880.00    3900.00 -3.936240797875371E-13  3.432718261712191E-13 826
 196    3900.00    3920.00  2.625463519015707E-14  1.003648653924374E-14 771
 197    3920.00    3940.00 -1.436532438044920E-14  2.499534094266780E-14 699
 198    3940.00    3960.00  2.990341963783292E-14  1.444250894990197E-14 664
 199    3960.00    3980.00  3.225643445480089E-14  2.062366378778701E-14 646
 200    3980.00    4000.00  3.907396476007784E-12  3.893256290261927E-12 647
 201    4000.00    4020.00 -3.766163288913785E-14  5.304810350527312E-14 538
 202    4020.00    4040.00 -4.713253899334211E-15  8.993976413455717E-15 538
 203    4040.00    4060.00  2.414675476744501E-15  1.280473084852932E-15 555
 204    4060.00    4080.00  2.043719523294788E-16  1.368903841280918E-14 480
 205    4080.00    4100.00  1.567753829737374E-14  4.249692209242465E-14 519
 206    4100.00    4120.00  1.584535434645579E-14  1.427447444964254E-14 512
 207    4120.00    4140.00  5.312821951788899E-15  2.708749544427672E-15 418
 208    4140.00    4160.00  2.998999601588137E-15  1.309562526706399E-15 399
 209    4160.00    4180.00  4.862150824356517E-15  1.707703803741624E-15 411
 210    4180.00    4200.00  1.159073755453679E-15  4.560245066561807E-16 371
 211    4200.00    4220.00  1.230359668899719E-15  5.077537409674445E-16 331
 212    4220.00    4240.00  2.162822666167457E-15  1.322881882985758E-15 327
 213    4240.00    4260.00  2.845222178847006E-14  2.740294225155215E-14 331
 214    4260.00    4280.00  4.379014963719362E-15  2.180990862720225E-15 309
 215    4280.00    4300.00  1.702210558330602E-14  1.451085841385468E-14 311
 216    4300.00    4320.00  3.318186288696529E-15  2.588175942259855E-15 306
 217    4320.00    4340.00  1.331386476716565E-15  9.872132726296315E-16 242
 218    4340.00    4360.00  3.742289815572854E-16  4.047843394497611E-16 229
 219    4360.00    4380.00  4.056185909213583E-16  1.460887185980354E-16 263
 220    4380.00    4400.00  1.074615145710666E-15  8.752493584855267E-16 238
 221    4400.00    4420.00  2.392962838741570E-15  2.772259349345564E-15 227
 222    4420.00    4440.00  2.650129470991679E-15  2.244946769433903E-15 199
 223    4440.00    4460.00  2.605813107931895E-16  1.468617079768916E-16 174
 224    4460.00    4480.00  9.482756023817670E-15  8.598492178271298E-15 184
 225    4480.00    4500.00  3.848312785051479E-16  4.764089267656507E-16 173
 226    4500.00    4520.00  1.262924792942351E-16  4.926022689022649E-17 144
 227    4520.00    4540.00  3.595628226114946E-16  3.446574938620316E-16 149
 228    4540.00    4560.00  1.492147414824040E-16  8.516636448976219E-16 127
 229    4560.00    4580.00  2.337429073506795E-16  1.697177427388933E-16 131
 230    4580.00    4600.00  1.942565923638719E-15  1.572230072618820E-15 136
 231    4600.00    4620.00  3.882954574285045E-17  6.911531659178319E-17 109
 232    4620.00    4640.00  3.421464957014386E-16  2.004993930017128E-16 109
 233    4640.00    4660.00  4.811097322172365E-17  2.815304653658032E-17 104
 234    4660.00    4680.00  3.138618267180017E-17  2.600201518684868E-17 89
 235    4680.00    4700.00 -8.988891726542385E-15  9.007739643102357E-15 98
 236    4700.00    4720.00  1.284775683806123E-16  7.210502298197200E-17 75
 237    4720.00    4740.00  1.938003587768992E-16  1.162924011899199E-16 86
 238    4740.00    4760.00  5.775875028871113E-18  3.902651887714870E-18 83
 239    4760.00    4780.00  4.432333852309961E-17  3.024516561240078E-17 76
 240    4780.00    4800.00  8.983810917272426E-17  8.248623163406251E-17 64
 241    4800.00    4820.00  3.283686524863624E-17  2.612748701836292E-17 61
 242    4820.00    4840.00  8.398263613860690E-18  5.751752385492372E-18 56
 243    4840.00    4860.00  1.932309697629397E-17  1.730135707511443E-17 57
 244    4860.00    4880.00  5.707208826674081E-18  4.709107473074679E-18 47
 245    4880.00    4900.00  6.191947587483457E-18  4.166726611751901E-18 49
 246    4900.00    4920.00  3.078891015583297E-18  2.561887552610115E-18 42
 247    4920.00    4940.00  2.695293448786444E-18  1.829832535818777E-18 38
 248    4940.00    4960.00  1.076917397925169E-18  5.257693718194844E-19 29
 249    4960.00    4980.00  6.298026857405944E-19  4.491725259890033E-19 33
 250    4980.00    5000.00  3.416336914898041E-17  2.720610207527873E-17 35
 251    5000.00    5020.00  1.920623055355529E-18  1.702344693385744E-18 25
 252    5020.00    5040.00  4.295935265239707E-19  3.056706575749250E-19 14
 253    5040.00    5060.00  1.430259903006911E-19  1.313283023214722E-19 28
 254    5060.00    5080.00  9.446612658258754E-18  8.756118546389476E-18 25
 255    5080.00    5100.00  5.308511832164591E-18  5.220919878392025E-18 28
 256    5100.00    5120.00  8.136280565356990E-19  6.138926868326231E-19 23
 257    5120.00    5140.00  4.423136425315242E-19  4.784562506484298E-19 22
 258    5140.00    5160.00  3.889232325215504E-18  3.883069114195425E-18 22
 259    5160.00    5180.00  6.585086086543264E-18  5.845421941874979E-18 18
 260    5180.00    5200.00  6.124573978898803E-20  4.292233012608912E-20 12
 261    5200.00    5220.00  8.537763028724268E-20  9.048570759600480E-20 12
 262    5220.00    5240.00  5.097808525930683E-20  3.727170064028137E-20 11
 263    5240.00    5260.00 -3.637766100686618E-22  5.139489560909784E-22 9
 264    5260.00    5280.00  1.042903636822280E-19  7.121223355388125E-20 12
 265    5280.00    5300.00 -5.206178532244574E-22  4.694481401072922E-22 9
 266    5300.00    5320.00 -1.860756079167938E-23  1.876634151630154E-23 6
 267    5320.00    5340.00  3.226462008371618E-22  2.828195711404620E-22 7
 268    5340.00    5360.00  1.395776446329675E-21  1.388033403269535E-21 6
 269    5360.00    5380.00  1.653579542125757E-18  1.664754265704598E-18 5
 270    5380.00    5400.00  3.643945592947928E-21  3.196612335106841E-21 11
 271    5400.00    5420.00 -5.321643641114640E-21  5.345148640493969E-21 8
 272    5420.00    5440.00 -2.189151392330703E-23  2.189117593630316E-23 2
 273    5440.00    5460.00 -4.933062254590593E-20  4.858924855894217E-20 8
 274    5460.00    5480.00 -3.156936143059413E-28  1.058461348352091E-26 2
 275    5480.00    5500.00  0.000000000000000E+00  0.000000000000000E+00 0
 276    5500.00    5520.00  1.589889890420692E-25  1.776301567912435E-25 3
 277    5520.00    5540.00 -8.222049592285250E-23  8.297618883716087E-23 2
 278    5540.00    5560.00 -5.942568229291039E-21  5.938355328638657E-21 2
 279    5560.00    5580.00  9.740786938269292E-23  9.741041019277557E-23 4
 280    5580.00    5600.00  0.000000000000000E+00  0.000000000000000E+00 0
 281    5600.00    5620.00 -4.028660913859000E-21  4.028660913173178E-21 1
 282    5620.00    5640.00 -7.552077103687793E-21  7.552441734893351E-21 3
 283    5640.00    5660.00  5.445558534441768E-24  5.445558640530376E-24 2
 284    5660.00    5680.00  0.000000000000000E+00  0.000000000000000E+00 0
 285    5680.00    5700.00 -3.551808890310447E-26  3.551808889799240E-26 1
 286    5700.00    5720.00  0.000000000000000E+00  0.000000000000000E+00 0
 287    5720.00    5740.00 -3.411526717208727E-23  3.411526716627963E-23 1
 288    5740.00    5760.00  0.000000000000000E+00  0.000000000000000E+00 0
 289    5760.00    5780.00  6.688792928914617E-25  6.688792927685998E-25 1
 290    5780.00    5800.00 -4.944164608528891E-27  4.944164607279144E-27 1
 291    5800.00    5820.00 -2.857064701433817E-27  2.857064697582828E-27 1
 292    5820.00    5840.00  0.000000000000000E+00  0.000000000000000E+00 0
 293    5840.00    5860.00  0.000000000000000E+00  0.000000000000000E+00 0
 294    5860.00    5880.00  0.000000000000000E+00  0.000000000000000E+00 0
 295    5880.00    5900.00  0.000000000000000E+00  0.000000000000000E+00 0
 296    5900.00    5920.00 -1.619886091131970E-22  1.619886090856208E-22 1
 297    5920.00    5940.00  0.000000000000000E+00  0.000000000000000E+00 0
 298    5940.00    5960.00 -9.261012285718471E-23  9.261012284141915E-23 1
 299    5960.00    5980.00  2.684331429813535E-24  2.684331427920933E-24 1
 300    5980.00    6000.00  0.000000000000000E+00  0.000000000000000E+00 0
 301    6000.00    6020.00  0.000000000000000E+00  0.000000000000000E+00 0
 302    6020.00    6040.00  0.000000000000000E+00  0.000000000000000E+00 0
 303    6040.00    6060.00  0.000000000000000E+00  0.000000000000000E+00 0
 304    6060.00    6080.00  0.000000000000000E+00  0.000000000000000E+00 0
 305    6080.00    6100.00  0.000000000000000E+00  0.000000000000000E+00 0
 306    6100.00    6120.00  0.000000000000000E+00  0.000000000000000E+00 0
 307    6120.00    6140.00  0.000000000000000E+00  0.000000000000000E+00 0
 308    6140.00    6160.00  0.000000000000000E+00  0.000000000000000E+00 0
 309    6160.00    6180.00  0.000000000000000E+00  0.000000000000000E+00 0
 310    6180.00    6200.00  0.000000000000000E+00  0.000000000000000E+00 0
 311    6200.00    6220.00  0.000000000000000E+00  0.000000000000000E+00 0
 312    6220.00    6240.00  0.000000000000000E+00  0.000000000000000E+00 0
 313    6240.00    6260.00  0.000000000000000E+00  0.000000000000000E+00 0
 314    6260.00    6280.00  0.000000000000000E+00  0.000000000000000E+00 0
 315    6280.00    6300.00  0.000000000000000E+00  0.000000000000000E+00 0
 316    6300.00    6320.00  0.000000000000000E+00  0.000000000000000E+00 0
 317    6320.00    6340.00  0.000000000000000E+00  0.000000000000000E+00 0
 318    6340.00    6360.00  0.000000000000000E+00  0.000000000000000E+00 0
 319    6360.00    6380.00  0.000000000000000E+00  0.000000000000000E+00 0
 320    6380.00    6400.00  0.000000000000000E+00  0.000000000000000E+00 0
 321    6400.00    6420.00  0.000000000000000E+00  0.000000000000000E+00 0
 322    6420.00    6440.00  0.000000000000000E+00  0.000000000000000E+00 0
 323    6440.00    6460.00  0.000000000000000E+00  0.000000000000000E+00 0
 324    6460.00    6480.00  0.000000000000000E+00  0.000000000000000E+00 0
 325    6480.00    6500.00  0.000000000000000E+00  0.000000000000000E+00 0
 326    6500.00    6520.00  0.000000000000000E+00  0.000000000000000E+00 0
 327    6520.00    6540.00  0.000000000000000E+00  0.000000000000000E+00 0
 328    6540.00    6560.00  0.000000000000000E+00  0.000000000000000E+00 0
 329    6560.00    6580.00  0.000000000000000E+00  0.000000000000000E+00 0
 330    6580.00    6600.00  0.000000000000000E+00  0.000000000000000E+00 0
 331    6600.00    6620.00  0.000000000000000E+00  0.000000000000000E+00 0
 332    6620.00    6640.00  0.000000000000000E+00  0.000000000000000E+00 0
 333    6640.00    6660.00  0.000000000000000E+00  0.000000000000000E+00 0
 334    6660.00    6680.00  0.000000000000000E+00  0.000000000000000E+00 0
 335    6680.00    6700.00  0.000000000000000E+00  0.000000000000000E+00 0
 336    6700.00    6720.00  0.000000000000000E+00  0.000000000000000E+00 0
 337    6720.00    6740.00  0.000000000000000E+00  0.000000000000000E+00 0
 338    6740.00    6760.00  0.000000000000000E+00  0.000000000000000E+00 0
 339    6760.00    6780.00  0.000000000000000E+00  0.000000000000000E+00 0
 340    6780.00    6800.00  0.000000000000000E+00  0.000000000000000E+00 0
 341    6800.00    6820.00  0.000000000000000E+00  0.000000000000000E+00 0
 342    6820.00    6840.00  0.000000000000000E+00  0.000000000000000E+00 0
 343    6840.00    6860.00  0.000000000000000E+00  0.000000000000000E+00 0
 344    6860.00    6880.00  0.000000000000000E+00  0.000000000000000E+00 0
 345    6880.00    6900.00  0.000000000000000E+00  0.000000000000000E+00 0
 346    6900.00    6920.00  0.000000000000000E+00  0.000000000000000E+00 0
 347    6920.00    6940.00  0.000000000000000E+00  0.000000000000000E+00 0
 348    6940.00    6960.00  0.000000000000000E+00  0.000000000000000E+00 0
 349    6960.00    6980.00  0.000000000000000E+00  0.000000000000000E+00 0
 350    6980.00    7000.00  0.000000000000000E+00  0.000000000000000E+00 0
 351    7000.00    7020.00  0.000000000000000E+00  0.000000000000000E+00 0
 352    7020.00    7040.00  0.000000000000000E+00  0.000000000000000E+00 0
 353    7040.00    7060.00  0.000000000000000E+00  0.000000000000000E+00 0
 354    7060.00    7080.00  0.000000000000000E+00  0.000000000000000E+00 0
 355    7080.00    7100.00  0.000000000000000E+00  0.000000000000000E+00 0
 356    7100.00    7120.00  0.000000000000000E+00  0.000000000000000E+00 0
 357    7120.00    7140.00  0.000000000000000E+00  0.000000000000000E+00 0
 358    7140.00    7160.00  0.000000000000000E+00  0.000000000000000E+00 0
 359    7160.00    7180.00  0.000000000000000E+00  0.000000000000000E+00 0
 360    7180.00    7200.00  0.000000000000000E+00  0.000000000000000E+00 0
 361    7200.00    7220.00  0.000000000000000E+00  0.000000000000000E+00 0
 362    7220.00    7240.00  0.000000000000000E+00  0.000000000000000E+00 0
 363    7240.00    7260.00  0.000000000000000E+00  0.000000000000000E+00 0
 364    7260.00    7280.00  0.000000000000000E+00  0.000000000000000E+00 0
 365    7280.00    7300.00  0.000000000000000E+00  0.000000000000000E+00 0
 366    7300.00    7320.00  0.000000000000000E+00  0.000000000000000E+00 0
 367    7320.00    7340.00  0.000000000000000E+00  0.000000000000000E+00 0
 368    7340.00    7360.00  0.000000000000000E+00  0.000000000000000E+00 0
 369    7360.00    7380.00  0.000000000000000E+00  0.000000000000000E+00 0
 370    7380.00    7400.00  0.000000000000000E+00  0.000000000000000E+00 0
 371    7400.00    7420.00  0.000000000000000E+00  0.000000000000000E+00 0
 372    7420.00    7440.00  0.000000000000000E+00  0.000000000000000E+00 0
 373    7440.00    7460.00  0.000000000000000E+00  0.000000000000000E+00 0
 374    7460.00    7480.00  0.000000000000000E+00  0.000000000000000E+00 0
 375    7480.00    7500.00  0.000000000000000E+00  0.000000000000000E+00 0
 376    7500.00    7520.00  0.000000000000000E+00  0.000000000000000E+00 0
 377    7520.00    7540.00  0.000000000000000E+00  0.000000000000000E+00 0
 378    7540.00    7560.00  0.000000000000000E+00  0.000000000000000E+00 0
 379    7560.00    7580.00  0.000000000000000E+00  0.000000000000000E+00 0
 380    7580.00    7600.00  0.000000000000000E+00  0.000000000000000E+00 0
 381    7600.00    7620.00  0.000000000000000E+00  0.000000000000000E+00 0
 382    7620.00    7640.00  0.000000000000000E+00  0.000000000000000E+00 0
 383    7640.00    7660.00  0.000000000000000E+00  0.000000000000000E+00 0
 384    7660.00    7680.00  0.000000000000000E+00  0.000000000000000E+00 0
 385    7680.00    7700.00  0.000000000000000E+00  0.000000000000000E+00 0
 386    7700.00    7720.00  0.000000000000000E+00  0.000000000000000E+00 0
 387    7720.00    7740.00  0.000000000000000E+00  0.000000000000000E+00 0
 388    7740.00    7760.00  0.000000000000000E+00  0.000000000000000E+00 0
 389    7760.00    7780.00  0.000000000000000E+00  0.000000000000000E+00 0
 390    7780.00    7800.00  0.000000000000000E+00  0.000000000000000E+00 0
 391    7800.00    7820.00  0.000000000000000E+00  0.000000000000000E+00 0
 392    7820.00    7840.00  0.000000000000000E+00  0.000000000000000E+00 0
 393    7840.00    7860.00  0.000000000000000E+00  0.000000000000000E+00 0
 394    7860.00    7880.00  0.000000000000000E+00  0.000000000000000E+00 0
 395    7880.00    7900.00  0.000000000000000E+00  0.000000000000000E+00 0
 396    7900.00    7920.00  0.000000000000000E+00  0.000000000000000E+00 0
 397    7920.00    7940.00  0.000000000000000E+00  0.000000000000000E+00 0
 398    7940.00    7960.00  0.000000000000000E+00  0.000000000000000E+00 0
 399    7960.00    7980.00  0.000000000000000E+00  0.000000000000000E+00 0
 400    7980.00    8000.00  0.000000000000000E+00  0.000000000000000E+00 0
 401    8000.00    8020.00  0.000000000000000E+00  0.000000000000000E+00 0
 402    8020.00    8040.00  0.000000000000000E+00  0.000000000000000E+00 0
 403    8040.00    8060.00  0.000000000000000E+00  0.000000000000000E+00 0
 404    8060.00    8080.00  0.000000000000000E+00  0.000000000000000E+00 0
 405    8080.00    8100.00  0.000000000000000E+00  0.000000000000000E+00 0
 406    8100.00    8120.00  0.000000000000000E+00  0.000000000000000E+00 0
 407    8120.00    8140.00  0.000000000000000E+00  0.000000000000000E+00 0
 408    8140.00    8160.00  0.000000000000000E+00  0.000000000000000E+00 0
 409    8160.00    8180.00  0.000000000000000E+00  0.000000000000000E+00 0
 410    8180.00    8200.00  0.000000000000000E+00  0.000000000000000E+00 0
 411    8200.00    8220.00  0.000000000000000E+00  0.000000000000000E+00 0
 412    8220.00    8240.00  0.000000000000000E+00  0.000000000000000E+00 0
 413    8240.00    8260.00  0.000000000000000E+00  0.000000000000000E+00 0
 414    8260.00    8280.00  0.000000000000000E+00  0.000000000000000E+00 0
 415    8280.00    8300.00  0.000000000000000E+00  0.000000000000000E+00 0
 416    8300.00    8320.00  0.000000000000000E+00  0.000000000000000E+00 0
 417    8320.00    8340.00  0.000000000000000E+00  0.000000000000000E+00 0
 418    8340.00    8360.00  0.000000000000000E+00  0.000000000000000E+00 0
 419    8360.00    8380.00  0.000000000000000E+00  0.000000000000000E+00 0
 420    8380.00    8400.00  0.000000000000000E+00  0.000000000000000E+00 0
 421    8400.00    8420.00  0.000000000000000E+00  0.000000000000000E+00 0
 422    8420.00    8440.00  0.000000000000000E+00  0.000000000000000E+00 0
 423    8440.00    8460.00  0.000000000000000E+00  0.000000000000000E+00 0
 424    8460.00    8480.00  0.000000000000000E+00  0.000000000000000E+00 0
 425    8480.00    8500.00  0.000000000000000E+00  0.000000000000000E+00 0
 426    8500.00    8520.00  0.000000000000000E+00  0.000000000000000E+00 0
 427    8520.00    8540.00  0.000000000000000E+00  0.000000000000000E+00 0
 428    8540.00    8560.00  0.000000000000000E+00  0.000000000000000E+00 0
 429    8560.00    8580.00  0.000000000000000E+00  0.000000000000000E+00 0
 430    8580.00    8600.00  0.000000000000000E+00  0.000000000000000E+00 0
 431    8600.00    8620.00  0.000000000000000E+00  0.000000000000000E+00 0
 432    8620.00    8640.00  0.000000000000000E+00  0.000000000000000E+00 0
 433    8640.00    8660.00  0.000000000000000E+00  0.000000000000000E+00 0
 434    8660.00    8680.00  0.000000000000000E+00  0.000000000000000E+00 0
 435    8680.00    8700.00  0.000000000000000E+00  0.000000000000000E+00 0
 436    8700.00    8720.00  0.000000000000000E+00  0.000000000000000E+00 0
 437    8720.00    8740.00  0.000000000000000E+00  0.000000000000000E+00 0
 438    8740.00    8760.00  0.000000000000000E+00  0.000000000000000E+00 0
 439    8760.00    8780.00  0.000000000000000E+00  0.000000000000000E+00 0
 440    8780.00    8800.00  0.000000000000000E+00  0.000000000000000E+00 0
 441    8800.00    8820.00  0.000000000000000E+00  0.000000000000000E+00 0
 442    8820.00    8840.00  0.000000000000000E+00  0.000000000000000E+00 0
 443    8840.00    8860.00  0.000000000000000E+00  0.000000000000000E+00 0
 444    8860.00    8880.00  0.000000000000000E+00  0.000000000000000E+00 0
 445    8880.00    8900.00  0.000000000000000E+00  0.000000000000000E+00 0
 446    8900.00    8920.00  0.000000000000000E+00  0.000000000000000E+00 0
 447    8920.00    8940.00  0.000000000000000E+00  0.000000000000000E+00 0
 448    8940.00    8960.00  0.000000000000000E+00  0.000000000000000E+00 0
 449    8960.00    8980.00  0.000000000000000E+00  0.000000000000000E+00 0
 450    8980.00    9000.00  0.000000000000000E+00  0.000000000000000E+00 0
 451    9000.00    9020.00  0.000000000000000E+00  0.000000000000000E+00 0
 452    9020.00    9040.00  0.000000000000000E+00  0.000000000000000E+00 0
 453    9040.00    9060.00  0.000000000000000E+00  0.000000000000000E+00 0
 454    9060.00    9080.00  0.000000000000000E+00  0.000000000000000E+00 0
 455    9080.00    9100.00  0.000000000000000E+00  0.000000000000000E+00 0
 456    9100.00    9120.00  0.000000000000000E+00  0.000000000000000E+00 0
 457    9120.00    9140.00  0.000000000000000E+00  0.000000000000000E+00 0
 458    9140.00    9160.00  0.000000000000000E+00  0.000000000000000E+00 0
 459    9160.00    9180.00  0.000000000000000E+00  0.000000000000000E+00 0
 460    9180.00    9200.00  0.000000000000000E+00  0.000000000000000E+00 0
 461    9200.00    9220.00  0.000000000000000E+00  0.000000000000000E+00 0
 462    9220.00    9240.00  0.000000000000000E+00  0.000000000000000E+00 0
 463    9240.00    9260.00  0.000000000000000E+00  0.000000000000000E+00 0
 464    9260.00    9280.00  0.000000000000000E+00  0.000000000000000E+00 0
 465    9280.00    9300.00  0.000000000000000E+00  0.000000000000000E+00 0
 466    9300.00    9320.00  0.000000000000000E+00  0.000000000000000E+00 0
 467    9320.00    9340.00  0.000000000000000E+00  0.000000000000000E+00 0
 468    9340.00    9360.00  0.000000000000000E+00  0.000000000000000E+00 0
 469    9360.00    9380.00  0.000000000000000E+00  0.000000000000000E+00 0
 470    9380.00    9400.00  0.000000000000000E+00  0.000000000000000E+00 0
 471    9400.00    9420.00  0.000000000000000E+00  0.000000000000000E+00 0
 472    9420.00    9440.00  0.000000000000000E+00  0.000000000000000E+00 0
 473    9440.00    9460.00  0.000000000000000E+00  0.000000000000000E+00 0
 474    9460.00    9480.00  0.000000000000000E+00  0.000000000000000E+00 0
 475    9480.00    9500.00  0.000000000000000E+00  0.000000000000000E+00 0
 476    9500.00    9520.00  0.000000000000000E+00  0.000000000000000E+00 0
 477    9520.00    9540.00  0.000000000000000E+00  0.000000000000000E+00 0
 478    9540.00    9560.00  0.000000000000000E+00  0.000000000000000E+00 0
 479    9560.00    9580.00  0.000000000000000E+00  0.000000000000000E+00 0
 480    9580.00    9600.00  0.000000000000000E+00  0.000000000000000E+00 0
 481    9600.00    9620.00  0.000000000000000E+00  0.000000000000000E+00 0
 482    9620.00    9640.00  0.000000000000000E+00  0.000000000000000E+00 0
 483    9640.00    9660.00  0.000000000000000E+00  0.000000000000000E+00 0
 484    9660.00    9680.00  0.000000000000000E+00  0.000000000000000E+00 0
 485    9680.00    9700.00  0.000000000000000E+00  0.000000000000000E+00 0
 486    9700.00    9720.00  0.000000000000000E+00  0.000000000000000E+00 0
 487    9720.00    9740.00  0.000000000000000E+00  0.000000000000000E+00 0
 488    9740.00    9760.00  0.000000000000000E+00  0.000000000000000E+00 0
 489    9760.00    9780.00  0.000000000000000E+00  0.000000000000000E+00 0
 490    9780.00    9800.00  0.000000000000000E+00  0.000000000000000E+00 0
 491    9800.00    9820.00  0.000000000000000E+00  0.000000000000000E+00 0
 492    9820.00    9840.00  0.000000000000000E+00  0.000000000000000E+00 0
 493    9840.00    9860.00  0.000000000000000E+00  0.000000000000000E+00 0
 494    9860.00    9880.00  0.000000000000000E+00  0.000000000000000E+00 0
 495    9880.00    9900.00  0.000000000000000E+00  0.000000000000000E+00 0
 496    9900.00    9920.00  0.000000000000000E+00  0.000000000000000E+00 0
 497    9920.00    9940.00  0.000000000000000E+00  0.000000000000000E+00 0
 498    9940.00    9960.00  0.000000000000000E+00  0.000000000000000E+00 0
 499    9960.00    9980.00  0.000000000000000E+00  0.000000000000000E+00 0
 500    9980.00   10000.00  0.000000000000000E+00  0.000000000000000E+00 0
 501   10000.00   10020.00  0.000000000000000E+00  0.000000000000000E+00 0
 502   10020.00   10040.00  0.000000000000000E+00  0.000000000000000E+00 0
 503   10040.00   10060.00  0.000000000000000E+00  0.000000000000000E+00 0
 504   10060.00   10080.00  0.000000000000000E+00  0.000000000000000E+00 0
 505   10080.00   10100.00  0.000000000000000E+00  0.000000000000000E+00 0
 506   10100.00   10120.00  0.000000000000000E+00  0.000000000000000E+00 0
 507   10120.00   10140.00  0.000000000000000E+00  0.000000000000000E+00 0
 508   10140.00   10160.00  0.000000000000000E+00  0.000000000000000E+00 0
 509   10160.00   10180.00  0.000000000000000E+00  0.000000000000000E+00 0
 510   10180.00   10200.00  0.000000000000000E+00  0.000000000000000E+00 0
 511   10200.00   10220.00  0.000000000000000E+00  0.000000000000000E+00 0
 512   10220.00   10240.00  0.000000000000000E+00  0.000000000000000E+00 0
 513   10240.00   10260.00  0.000000000000000E+00  0.000000000000000E+00 0
 514   10260.00   10280.00  0.000000000000000E+00  0.000000000000000E+00 0
 515   10280.00   10300.00  0.000000000000000E+00  0.000000000000000E+00 0
 516   10300.00   10320.00  0.000000000000000E+00  0.000000000000000E+00 0
 517   10320.00   10340.00  0.000000000000000E+00  0.000000000000000E+00 0
 518   10340.00   10360.00  0.000000000000000E+00  0.000000000000000E+00 0
 519   10360.00   10380.00  0.000000000000000E+00  0.000000000000000E+00 0
 520   10380.00   10400.00  0.000000000000000E+00  0.000000000000000E+00 0
 521   10400.00   10420.00  0.000000000000000E+00  0.000000000000000E+00 0
 522   10420.00   10440.00  0.000000000000000E+00  0.000000000000000E+00 0
 523   10440.00   10460.00  0.000000000000000E+00  0.000000000000000E+00 0
 524   10460.00   10480.00  0.000000000000000E+00  0.000000000000000E+00 0
 525   10480.00   10500.00  0.000000000000000E+00  0.000000000000000E+00 0
 526   10500.00   10520.00  0.000000000000000E+00  0.000000000000000E+00 0
 527   10520.00   10540.00  0.000000000000000E+00  0.000000000000000E+00 0
 528   10540.00   10560.00  0.000000000000000E+00  0.000000000000000E+00 0
 529   10560.00   10580.00  0.000000000000000E+00  0.000000000000000E+00 0
 530   10580.00   10600.00  0.000000000000000E+00  0.000000000000000E+00 0
 531   10600.00   10620.00  0.000000000000000E+00  0.000000000000000E+00 0
 532   10620.00   10640.00  0.000000000000000E+00  0.000000000000000E+00 0
 533   10640.00   10660.00  0.000000000000000E+00  0.000000000000000E+00 0
 534   10660.00   10680.00  0.000000000000000E+00  0.000000000000000E+00 0
 535   10680.00   10700.00  0.000000000000000E+00  0.000000000000000E+00 0
 536   10700.00   10720.00  0.000000000000000E+00  0.000000000000000E+00 0
 537   10720.00   10740.00  0.000000000000000E+00  0.000000000000000E+00 0
 538   10740.00   10760.00  0.000000000000000E+00  0.000000000000000E+00 0
 539   10760.00   10780.00  0.000000000000000E+00  0.000000000000000E+00 0
 540   10780.00   10800.00  0.000000000000000E+00  0.000000000000000E+00 0
 541   10800.00   10820.00  0.000000000000000E+00  0.000000000000000E+00 0
 542   10820.00   10840.00  0.000000000000000E+00  0.000000000000000E+00 0
 543   10840.00   10860.00  0.000000000000000E+00  0.000000000000000E+00 0
 544   10860.00   10880.00  0.000000000000000E+00  0.000000000000000E+00 0
 545   10880.00   10900.00  0.000000000000000E+00  0.000000000000000E+00 0
 546   10900.00   10920.00  0.000000000000000E+00  0.000000000000000E+00 0
 547   10920.00   10940.00  0.000000000000000E+00  0.000000000000000E+00 0
 548   10940.00   10960.00  0.000000000000000E+00  0.000000000000000E+00 0
 549   10960.00   10980.00  0.000000000000000E+00  0.000000000000000E+00 0
 550   10980.00   11000.00  0.000000000000000E+00  0.000000000000000E+00 0
 551   11000.00   11020.00  0.000000000000000E+00  0.000000000000000E+00 0
 552   11020.00   11040.00  0.000000000000000E+00  0.000000000000000E+00 0
 553   11040.00   11060.00  0.000000000000000E+00  0.000000000000000E+00 0
 554   11060.00   11080.00  0.000000000000000E+00  0.000000000000000E+00 0
 555   11080.00   11100.00  0.000000000000000E+00  0.000000000000000E+00 0
 556   11100.00   11120.00  0.000000000000000E+00  0.000000000000000E+00 0
 557   11120.00   11140.00  0.000000000000000E+00  0.000000000000000E+00 0
 558   11140.00   11160.00  0.000000000000000E+00  0.000000000000000E+00 0
 559   11160.00   11180.00  0.000000000000000E+00  0.000000000000000E+00 0
 560   11180.00   11200.00  0.000000000000000E+00  0.000000000000000E+00 0
 561   11200.00   11220.00  0.000000000000000E+00  0.000000000000000E+00 0
 562   11220.00   11240.00  0.000000000000000E+00  0.000000000000000E+00 0
 563   11240.00   11260.00  0.000000000000000E+00  0.000000000000000E+00 0
 564   11260.00   11280.00  0.000000000000000E+00  0.000000000000000E+00 0
 565   11280.00   11300.00  0.000000000000000E+00  0.000000000000000E+00 0
 566   11300.00   11320.00  0.000000000000000E+00  0.000000000000000E+00 0
 567   11320.00   11340.00  0.000000000000000E+00  0.000000000000000E+00 0
 568   11340.00   11360.00  0.000000000000000E+00  0.000000000000000E+00 0
 569   11360.00   11380.00  0.000000000000000E+00  0.000000000000000E+00 0
 570   11380.00   11400.00  0.000000000000000E+00  0.000000000000000E+00 0
 571   11400.00   11420.00  0.000000000000000E+00  0.000000000000000E+00 0
 572   11420.00   11440.00  0.000000000000000E+00  0.000000000000000E+00 0
 573   11440.00   11460.00  0.000000000000000E+00  0.000000000000000E+00 0
 574   11460.00   11480.00  0.000000000000000E+00  0.000000000000000E+00 0
 575   11480.00   11500.00  0.000000000000000E+00  0.000000000000000E+00 0
 576   11500.00   11520.00  0.000000000000000E+00  0.000000000000000E+00 0
 577   11520.00   11540.00  0.000000000000000E+00  0.000000000000000E+00 0
 578   11540.00   11560.00  0.000000000000000E+00  0.000000000000000E+00 0
 579   11560.00   11580.00  0.000000000000000E+00  0.000000000000000E+00 0
 580   11580.00   11600.00  0.000000000000000E+00  0.000000000000000E+00 0
 581   11600.00   11620.00  0.000000000000000E+00  0.000000000000000E+00 0
 582   11620.00   11640.00  0.000000000000000E+00  0.000000000000000E+00 0
 583   11640.00   11660.00  0.000000000000000E+00  0.000000000000000E+00 0
 584   11660.00   11680.00  0.000000000000000E+00  0.000000000000000E+00 0
 585   11680.00   11700.00  0.000000000000000E+00  0.000000000000000E+00 0
 586   11700.00   11720.00  0.000000000000000E+00  0.000000000000000E+00 0
 587   11720.00   11740.00  0.000000000000000E+00  0.000000000000000E+00 0
 588   11740.00   11760.00  0.000000000000000E+00  0.000000000000000E+00 0
 589   11760.00   11780.00  0.000000000000000E+00  0.000000000000000E+00 0
 590   11780.00   11800.00  0.000000000000000E+00  0.000000000000000E+00 0
 591   11800.00   11820.00  0.000000000000000E+00  0.000000000000000E+00 0
 592   11820.00   11840.00  0.000000000000000E+00  0.000000000000000E+00 0
 593   11840.00   11860.00  0.000000000000000E+00  0.000000000000000E+00 0
 594   11860.00   11880.00  0.000000000000000E+00  0.000000000000000E+00 0
 595   11880.00   11900.00  0.000000000000000E+00  0.000000000000000E+00 0
 596   11900.00   11920.00  0.000000000000000E+00  0.000000000000000E+00 0
 597   11920.00   11940.00  0.000000000000000E+00  0.000000000000000E+00 0
 598   11940.00   11960.00  0.000000000000000E+00  0.000000000000000E+00 0
 599   11960.00   11980.00  0.000000000000000E+00  0.000000000000000E+00 0
 600   11980.00   12000.00  0.000000000000000E+00  0.000000000000000E+00 0
 601   12000.00   12020.00  0.000000000000000E+00  0.000000000000000E+00 0
 602   12020.00   12040.00  0.000000000000000E+00  0.000000000000000E+00 0
 603   12040.00   12060.00  0.000000000000000E+00  0.000000000000000E+00 0
 604   12060.00   12080.00  0.000000000000000E+00  0.000000000000000E+00 0
 605   12080.00   12100.00  0.000000000000000E+00  0.000000000000000E+00 0
 606   12100.00   12120.00  0.000000000000000E+00  0.000000000000000E+00 0
 607   12120.00   12140.00  0.000000000000000E+00  0.000000000000000E+00 0
 608   12140.00   12160.00  0.000000000000000E+00  0.000000000000000E+00 0
 609   12160.00   12180.00  0.000000000000000E+00  0.000000000000000E+00 0
 610   12180.00   12200.00  0.000000000000000E+00  0.000000000000000E+00 0
 611   12200.00   12220.00  0.000000000000000E+00  0.000000000000000E+00 0
 612   12220.00   12240.00  0.000000000000000E+00  0.000000000000000E+00 0
 613   12240.00   12260.00  0.000000000000000E+00  0.000000000000000E+00 0
 614   12260.00   12280.00  0.000000000000000E+00  0.000000000000000E+00 0
 615   12280.00   12300.00  0.000000000000000E+00  0.000000000000000E+00 0
 616   12300.00   12320.00  0.000000000000000E+00  0.000000000000000E+00 0
 617   12320.00   12340.00  0.000000000000000E+00  0.000000000000000E+00 0
 618   12340.00   12360.00  0.000000000000000E+00  0.000000000000000E+00 0
 619   12360.00   12380.00  0.000000000000000E+00  0.000000000000000E+00 0
 620   12380.00   12400.00  0.000000000000000E+00  0.000000000000000E+00 0
 621   12400.00   12420.00  0.000000000000000E+00  0.000000000000000E+00 0
 622   12420.00   12440.00  0.000000000000000E+00  0.000000000000000E+00 0
 623   12440.00   12460.00  0.000000000000000E+00  0.000000000000000E+00 0
 624   12460.00   12480.00  0.000000000000000E+00  0.000000000000000E+00 0
 625   12480.00   12500.00  0.000000000000000E+00  0.000000000000000E+00 0
 626   12500.00   12520.00  0.000000000000000E+00  0.000000000000000E+00 0
 627   12520.00   12540.00  0.000000000000000E+00  0.000000000000000E+00 0
 628   12540.00   12560.00  0.000000000000000E+00  0.000000000000000E+00 0
 629   12560.00   12580.00  0.000000000000000E+00  0.000000000000000E+00 0
 630   12580.00   12600.00  0.000000000000000E+00  0.000000000000000E+00 0
 631   12600.00   12620.00  0.000000000000000E+00  0.000000000000000E+00 0
 632   12620.00   12640.00  0.000000000000000E+00  0.000000000000000E+00 0
 633   12640.00   12660.00  0.000000000000000E+00  0.000000000000000E+00 0
 634   12660.00   12680.00  0.000000000000000E+00  0.000000000000000E+00 0
 635   12680.00   12700.00  0.000000000000000E+00  0.000000000000000E+00 0
 636   12700.00   12720.00  0.000000000000000E+00  0.000000000000000E+00 0
 637   12720.00   12740.00  0.000000000000000E+00  0.000000000000000E+00 0
 638   12740.00   12760.00  0.000000000000000E+00  0.000000000000000E+00 0
 639   12760.00   12780.00  0.000000000000000E+00  0.000000000000000E+00 0
 640   12780.00   12800.00  0.000000000000000E+00  0.000000000000000E+00 0
 641   12800.00   12820.00  0.000000000000000E+00  0.000000000000000E+00 0
 642   12820.00   12840.00  0.000000000000000E+00  0.000000000000000E+00 0
 643   12840.00   12860.00  0.000000000000000E+00  0.000000000000000E+00 0
 644   12860.00   12880.00  0.000000000000000E+00  0.000000000000000E+00 0
 645   12880.00   12900.00  0.000000000000000E+00  0.000000000000000E+00 0
 646   12900.00   12920.00  0.000000000000000E+00  0.000000000000000E+00 0
 647   12920.00   12940.00  0.000000000000000E+00  0.000000000000000E+00 0
 648   12940.00   12960.00  0.000000000000000E+00  0.000000000000000E+00 0
 649   12960.00   12980.00  0.000000000000000E+00  0.000000000000000E+00 0
 650   12980.00   13000.00  0.000000000000000E+00  0.000000000000000E+00 0
# Underflow:                 0.0000000000000000E+00  0.0000000000000000E+00 0
# Overflow:                  0.0000000000000000E+00  0.0000000000000000E+00 0
#-------------------------------------------------------------------------------------
# Sum:                       1.0470396855790334E+00  2.3184928168923664E-04 237479000
#=====================================================================================
# Number of generated events: 2722077414
