# title = Invariant Mass j-j-positron System
# xlabel = $M_{\text{j}_1\text{j}_2\text{e}^+}\,$[GeV]
# ylabel = $\frac{\text{d}\sigma}{\text{d}M_{\text{j}_1\text{j}_2\text{e}^+}}\,\left[\frac{\text{fb}}{\text{GeV}}\right]$
# xmin=  0.000E+00
# xmax=  1.600E+03
# ymin=  1.000E-06
# ymax=  1.000E-02
# kmin= -2.000E+01
# kmax=  1.000E+01
# logscale = true
# Renormalization and factorization scale scaled by: 1.0000000000
# Renormalization scaled by: 1.0000000000
#
#
#=====================================================================================
# No.       Left      Right                   Value                   Error Hits
#-------------------------------------------------------------------------------------
   1       0.00      20.00  0.000000000000000E+00  0.000000000000000E+00 0
   2      20.00      40.00  0.000000000000000E+00  0.000000000000000E+00 0
   3      40.00      60.00  0.000000000000000E+00  0.000000000000000E+00 0
   4      60.00      80.00  0.000000000000000E+00  0.000000000000000E+00 0
   5      80.00     100.00  0.000000000000000E+00  0.000000000000000E+00 0
   6     100.00     120.00  0.000000000000000E+00  0.000000000000000E+00 0
   7     120.00     140.00  0.000000000000000E+00  0.000000000000000E+00 0
   8     140.00     160.00  4.898920379159408E-13  4.898920371501682E-13 1
   9     160.00     180.00  7.890642566422370E-17  3.681329780784465E-16 3
  10     180.00     200.00  1.164378096995642E-11  1.157750093202690E-11 5
  11     200.00     220.00  1.066162751114790E-10  7.977829030954302E-11 18
  12     220.00     240.00  1.847784954724641E-09  1.718307127290796E-09 32
  13     240.00     260.00  1.999149829145523E-10  1.672719234820240E-10 27
  14     260.00     280.00  4.622922363510936E-10  3.683920678422449E-10 34
  15     280.00     300.00  3.353016098082034E-10  1.489391195416656E-10 36
  16     300.00     320.00  5.833998136497907E-09  5.802416261714889E-09 44
  17     320.00     340.00  2.856527317434443E-10  1.128018967110244E-10 56
  18     340.00     360.00  4.179519383176188E-10  2.029427833383130E-10 53
  19     360.00     380.00  9.861004769212826E-11  4.269403945507345E-11 50
  20     380.00     400.00  2.100765812992352E-09  1.798500846588988E-09 56
  21     400.00     420.00  1.205803217737805E-10  5.383609134500024E-11 51
  22     420.00     440.00  2.597927936203116E-09  1.908357013418633E-09 51
  23     440.00     460.00  5.434689712051127E-10  4.261323202517692E-10 53
  24     460.00     480.00  2.710809099847108E-10  1.287070455469943E-10 61
  25     480.00     500.00  1.420295626579480E-10  6.046037195060232E-11 52
  26     500.00     520.00  8.374957260116230E-08  1.186886964982876E-06 6448
  27     520.00     540.00  4.307921576360755E-05  5.617597883611461E-06 916247
  28     540.00     560.00  1.484961831211818E-04  1.064414677633959E-05 3486158
  29     560.00     580.00  2.401509737270180E-04  1.741552900037677E-05 5340829
  30     580.00     600.00  3.026802522712066E-04  1.853606033432602E-05 6559268
  31     600.00     620.00  3.419669491460058E-04  1.621435258369306E-05 7410089
  32     620.00     640.00  4.105204407571536E-04  1.566775600871522E-05 8038767
  33     640.00     660.00  4.776259038312646E-04  2.151092696037942E-05 8497414
  34     660.00     680.00  4.521189015262222E-04  2.728963460395986E-05 8839987
  35     680.00     700.00  5.041721124392038E-04  2.054854679336768E-05 9095162
  36     700.00     720.00  4.912544581154839E-04  2.175083080886078E-05 9283253
  37     720.00     740.00  5.278173471256489E-04  2.129489515323132E-05 9417231
  38     740.00     760.00  5.528208786320644E-04  2.188955767614300E-05 9506661
  39     760.00     780.00  5.575574392097719E-04  2.478813877004903E-05 9571565
  40     780.00     800.00  5.613200986309643E-04  2.513075235008968E-05 9604498
  41     800.00     820.00  5.443588406090346E-04  2.404155321846946E-05 9605345
  42     820.00     840.00  6.165341581502853E-04  3.513163947486667E-05 9594814
  43     840.00     860.00  6.075571903574647E-04  4.321510711392932E-05 9568169
  44     860.00     880.00  5.237381922571739E-04  3.615932388496352E-05 9525404
  45     880.00     900.00  5.753382447009521E-04  2.940383346443969E-05 9475515
  46     900.00     920.00  6.214506370265202E-04  3.298742637534761E-05 9414370
  47     920.00     940.00  5.640935228098119E-04  3.437933265010050E-05 9347205
  48     940.00     960.00  6.154562329134216E-04  3.009693982358364E-05 9270548
  49     960.00     980.00  6.121495348610703E-04  4.281581890709337E-05 9189318
  50     980.00    1000.00  6.270538179983026E-04  3.731384005744847E-05 9105664
  51    1000.00    1020.00  6.134054438091531E-04  3.075842246173583E-05 9020833
  52    1020.00    1040.00  5.820051677617225E-04  3.098937998660595E-05 8928885
  53    1040.00    1060.00  5.642619273240789E-04  3.206706103065627E-05 8838670
  54    1060.00    1080.00  6.633866073721817E-04  4.640792371497127E-05 8746761
  55    1080.00    1100.00  5.249933687819647E-04  4.519392241450266E-05 8641548
  56    1100.00    1120.00  5.542092878583315E-04  3.507072830577842E-05 8554111
  57    1120.00    1140.00  6.089284315322507E-04  3.377717981794885E-05 8454333
  58    1140.00    1160.00  5.655492513565487E-04  3.684029662702400E-05 8355183
  59    1160.00    1180.00  5.343123877249912E-04  3.748287183987351E-05 8258759
  60    1180.00    1200.00  5.870366033048580E-04  3.898410645056333E-05 8154720
  61    1200.00    1220.00  5.574370333002140E-04  4.073885597599203E-05 8061341
  62    1220.00    1240.00  5.815717614359021E-04  4.163465553953372E-05 7951309
  63    1240.00    1260.00  5.364581366829329E-04  4.000667577990214E-05 7854403
  64    1260.00    1280.00  5.558965009182076E-04  3.624233812727250E-05 7763636
  65    1280.00    1300.00  5.579031331678829E-04  4.156378698734952E-05 7662798
  66    1300.00    1320.00  4.747567026662789E-04  4.635949067107003E-05 7566637
  67    1320.00    1340.00  6.341729416656119E-04  4.775060620664195E-05 7465736
  68    1340.00    1360.00  5.658833144945262E-04  4.539214759457166E-05 7368431
  69    1360.00    1380.00  4.909469299784654E-04  4.211518861647002E-05 7279564
  70    1380.00    1400.00  5.497344110771548E-04  4.306662928053298E-05 7184087
  71    1400.00    1420.00  5.628959513145622E-04  5.576173642779986E-05 7088875
  72    1420.00    1440.00  4.669240803471865E-04  5.576145381323150E-05 6999831
  73    1440.00    1460.00  5.238090932424104E-04  4.043913149148293E-05 6909899
  74    1460.00    1480.00  4.465898440523988E-04  4.045266631963357E-05 6818354
  75    1480.00    1500.00  5.125412156430758E-04  4.332504113883542E-05 6733925
  76    1500.00    1520.00  5.296370179761314E-04  5.501443610218686E-05 6640769
  77    1520.00    1540.00  3.727573920299806E-04  5.408494926825095E-05 6555514
  78    1540.00    1560.00  4.690261089955247E-04  4.137799376304377E-05 6472079
  79    1560.00    1580.00  4.363160058566426E-04  4.332429740620554E-05 6389057
  80    1580.00    1600.00  4.796156772434580E-04  4.709513389578387E-05 6300908
  81    1600.00    1620.00  5.153046553780817E-04  5.193469094240776E-05 6225494
  82    1620.00    1640.00  3.874903102012242E-04  4.836509280329696E-05 6141384
  83    1640.00    1660.00  4.279019650939589E-04  4.217108205556282E-05 6062513
  84    1660.00    1680.00  3.974229299173463E-04  4.297221700267431E-05 5988583
  85    1680.00    1700.00  4.595714788993836E-04  4.737389878700018E-05 5911274
  86    1700.00    1720.00  4.336566421737398E-04  4.898240868782247E-05 5830676
  87    1720.00    1740.00  3.719260189328436E-04  4.267931476105006E-05 5756420
  88    1740.00    1760.00  3.420643335970710E-04  4.928536348075638E-05 5680919
  89    1760.00    1780.00  4.176647213275377E-04  4.965410286226337E-05 5611780
  90    1780.00    1800.00  4.120839730400065E-04  4.104600399830125E-05 5542020
  91    1800.00    1820.00  4.350118457547071E-04  4.321222714743389E-05 5469082
  92    1820.00    1840.00  3.527913599028933E-04  4.543419091818271E-05 5394902
  93    1840.00    1860.00  3.914165220259581E-04  5.325170535869064E-05 5326468
  94    1860.00    1880.00  2.708785120196313E-04  1.182017060813503E-04 5259059
  95    1880.00    1900.00  4.528128888805858E-04  1.144909138615995E-04 5200213
  96    1900.00    1920.00  4.338776285332508E-04  4.411042442841642E-05 5127750
  97    1920.00    1940.00  3.107517678691796E-04  4.140483739734289E-05 5062590
  98    1940.00    1960.00  3.514976488696600E-04  4.512789112584483E-05 5001962
  99    1960.00    1980.00  3.625168082581861E-04  5.073338475680699E-05 4939317
 100    1980.00    2000.00  3.507191822169921E-04  4.530800813240279E-05 4873042
 101    2000.00    2020.00  3.338559816940523E-04  4.411831644574140E-05 4812853
 102    2020.00    2040.00  3.415959791444698E-04  3.931609022641677E-05 4755126
 103    2040.00    2060.00  3.325728784362260E-04  4.173394644773850E-05 4694776
 104    2060.00    2080.00  3.676820123713947E-04  4.945813880008587E-05 4634765
 105    2080.00    2100.00  2.819517775607806E-04  5.653936602048974E-05 4582216
 106    2100.00    2120.00  2.619007153836193E-04  4.942083520209598E-05 4523112
 107    2120.00    2140.00  3.143658926306003E-04  4.444495893473803E-05 4467154
 108    2140.00    2160.00  3.148016039769883E-04  4.622869247972325E-05 4403707
 109    2160.00    2180.00  2.795794440720743E-04  5.219556735683462E-05 4357465
 110    2180.00    2200.00  2.601381629290358E-04  5.923546978099516E-05 4305230
 111    2200.00    2220.00  2.295981064118541E-04  4.670720290166567E-05 4253670
 112    2220.00    2240.00  2.987659828226051E-04  3.661270511601410E-05 4199608
 113    2240.00    2260.00  2.400104504416898E-04  3.852761372828448E-05 4149645
 114    2260.00    2280.00  2.702110791984290E-04  3.955356530443564E-05 4098615
 115    2280.00    2300.00  3.549843266580639E-04  7.811172196464890E-05 4049571
 116    2300.00    2320.00  1.794630393099822E-04  7.929665820453566E-05 4000097
 117    2320.00    2340.00  3.391611864382569E-04  4.330949880132472E-05 3953760
 118    2340.00    2360.00  2.269041044472071E-04  4.442976950528717E-05 3903533
 119    2360.00    2380.00  1.526410635651072E-04  5.782122993614228E-05 3856250
 120    2380.00    2400.00  3.379839535557927E-04  6.225141177265774E-05 3810727
 121    2400.00    2420.00  2.150643091684330E-04  5.275651655321370E-05 3763171
 122    2420.00    2440.00  2.337693565208757E-04  4.115343265307758E-05 3721791
 123    2440.00    2460.00  1.404366853105600E-04  4.861228174545429E-05 3678809
 124    2460.00    2480.00  2.222521091016127E-04  5.024563747543749E-05 3632392
 125    2480.00    2500.00  2.181181622994672E-04  3.785902656058796E-05 3589073
 126    2500.00    2520.00  2.834055082378775E-04  3.973657920165199E-05 3548838
 127    2520.00    2540.00  2.091095141068715E-04  4.181021868443659E-05 3507514
 128    2540.00    2560.00  1.560223930307656E-04  3.637504505077909E-05 3464907
 129    2560.00    2580.00  2.243699638371364E-04  4.380288331716586E-05 3425046
 130    2580.00    2600.00  1.998031958596569E-04  4.370509078034194E-05 3385972
 131    2600.00    2620.00  2.458576410692148E-04  3.375874518952922E-05 3348697
 132    2620.00    2640.00  9.365945789967227E-05  4.231131695939440E-05 3307010
 133    2640.00    2660.00  1.821448807911604E-04  4.185952004477034E-05 3267063
 134    2660.00    2680.00  4.745268436578769E-04  2.070124418390231E-04 3231912
 135    2680.00    2700.00 -4.434525772764767E-05  2.069214051696387E-04 3196008
 136    2700.00    2720.00  1.666757588923765E-04  4.231317737960679E-05 3155519
 137    2720.00    2740.00  1.699574220553854E-04  4.220757749198880E-05 3120026
 138    2740.00    2760.00  2.186395412947385E-04  4.971043016444426E-05 3086858
 139    2760.00    2780.00  1.440392135720676E-04  4.011138349415147E-05 3048293
 140    2780.00    2800.00  1.064770588621374E-04  4.004772423587132E-05 3011723
 141    2800.00    2820.00  1.587232279468197E-04  3.825875870341718E-05 2979816
 142    2820.00    2840.00  1.415604768170633E-04  4.010047834501152E-05 2947808
 143    2840.00    2860.00  1.820737770173904E-04  5.060560992213034E-05 2912789
 144    2860.00    2880.00  1.584760358013297E-04  4.903352911819717E-05 2881888
 145    2880.00    2900.00  1.563247139854988E-04  3.743196001218128E-05 2847586
 146    2900.00    2920.00  5.575224298025158E-05  3.751386234114159E-05 2814636
 147    2920.00    2940.00  2.248181133929290E-04  4.567964271996717E-05 2785993
 148    2940.00    2960.00  1.444963071412746E-04  4.177915507424179E-05 2752534
 149    2960.00    2980.00  1.829682168805991E-04  3.010514837139993E-05 2720409
 150    2980.00    3000.00  5.213241693607181E-05  3.713013240219651E-05 2690560
 151    3000.00    3020.00  2.009696349829966E-04  2.986064904012774E-05 2660367
 152    3020.00    3040.00  9.295303039158536E-05  2.837694219428013E-05 2631097
 153    3040.00    3060.00  1.689724241043406E-04  3.050879831748290E-05 2605456
 154    3060.00    3080.00  1.374459045047065E-04  3.158563007994309E-05 2574166
 155    3080.00    3100.00  1.366010900441560E-04  3.015766576752935E-05 2545074
 156    3100.00    3120.00  1.748052884631240E-04  9.710952023249233E-05 2518034
 157    3120.00    3140.00 -4.006666697564597E-05  9.821519160329650E-05 2488556
 158    3140.00    3160.00  1.533125776599258E-04  6.705822487178079E-05 2460045
 159    3160.00    3180.00  1.555575089157748E-04  6.999151256816445E-05 2437449
 160    3180.00    3200.00  1.488816683103636E-04  4.358210619803832E-05 2408470
 161    3200.00    3220.00  8.970409682160696E-05  3.350042010713938E-05 2380789
 162    3220.00    3240.00  9.226009236934935E-05  2.968929632324458E-05 2357719
 163    3240.00    3260.00  1.666183088260140E-04  4.026283557598807E-05 2332006
 164    3260.00    3280.00  2.324357375990477E-05  4.942812390127252E-05 2306870
 165    3280.00    3300.00  8.840248633271253E-05  4.178415820166763E-05 2280973
 166    3300.00    3320.00  6.430190551933708E-05  3.349447250304829E-05 2259823
 167    3320.00    3340.00  9.271743441993657E-05  2.353958068869180E-05 2234661
 168    3340.00    3360.00  1.105021319516724E-04  4.301054739874353E-05 2209473
 169    3360.00    3380.00  3.346881486890399E-05  5.383984507565940E-05 2187080
 170    3380.00    3400.00  1.646851537399198E-04  5.896052245323100E-05 2159962
 171    3400.00    3420.00  3.808870253737606E-05  6.477452132227472E-05 2139675
 172    3420.00    3440.00  8.584009146383731E-05  4.824254769647265E-05 2116534
 173    3440.00    3460.00  3.424565349466527E-05  3.342949252076564E-05 2095673
 174    3460.00    3480.00  1.410777248287452E-04  6.974667146976521E-05 2071792
 175    3480.00    3500.00  4.391088975234670E-05  6.729755215562038E-05 2049788
 176    3500.00    3520.00  7.745656999803239E-05  3.143768872373001E-05 2026698
 177    3520.00    3540.00  6.031135706851950E-05  2.918878273169461E-05 2007841
 178    3540.00    3560.00  9.913341511119036E-05  2.376113954822656E-05 1983842
 179    3560.00    3580.00  3.910131915931056E-05  2.750135750080458E-05 1963729
 180    3580.00    3600.00  8.278653643219802E-05  2.936027050829244E-05 1940886
 181    3600.00    3620.00  8.062850565606456E-05  3.999678067821499E-05 1922955
 182    3620.00    3640.00  1.940355732518922E-05  4.479090527396932E-05 1905200
 183    3640.00    3660.00  9.828281667938768E-05  3.372497010708004E-05 1881990
 184    3660.00    3680.00  6.235094733223791E-05  2.014147229320790E-05 1863321
 185    3680.00    3700.00  5.418197518223571E-05  1.912598745312508E-05 1843440
 186    3700.00    3720.00  8.282244909512192E-05  2.096675977740836E-05 1823184
 187    3720.00    3740.00  1.161949911099923E-04  4.299593521149487E-05 1802053
 188    3740.00    3760.00  8.063305720043318E-06  4.098801384193786E-05 1787319
 189    3760.00    3780.00  5.198924931514038E-05  2.065677677290493E-05 1769796
 190    3780.00    3800.00  4.398939341373457E-05  1.841670318761962E-05 1749227
 191    3800.00    3820.00  5.274594412716514E-05  1.719243618858878E-05 1730813
 192    3820.00    3840.00  7.729426593143175E-05  1.972763902241066E-05 1712153
 193    3840.00    3860.00  4.819421026893022E-05  2.807787009080448E-05 1695673
 194    3860.00    3880.00  7.667582765652838E-05  2.866817979927110E-05 1677071
 195    3880.00    3900.00  5.037727111929351E-05  1.909704451810906E-05 1659060
 196    3900.00    3920.00  5.860953382536948E-05  2.063408808234777E-05 1644463
 197    3920.00    3940.00  7.531364005734096E-06  2.220778506198622E-05 1627974
 198    3940.00    3960.00  7.279738162563967E-05  2.201596725696962E-05 1612346
 199    3960.00    3980.00  6.157063035150276E-05  2.151097261373007E-05 1591831
 200    3980.00    4000.00  2.083620208451809E-05  1.757734424073723E-05 1576475
 201    4000.00    4020.00  2.237899797279914E-05  1.944064223532712E-05 1562122
 202    4020.00    4040.00  1.979277106901124E-05  1.744873009428529E-05 1545193
 203    4040.00    4060.00  2.305181674770747E-05  3.029736757879891E-05 1530805
 204    4060.00    4080.00  5.334418919498622E-05  1.617404647872757E-05 1514510
 205    4080.00    4100.00  2.727722991049943E-05  1.484095999873163E-05 1500320
 206    4100.00    4120.00  3.479433140194712E-05  1.774414487275101E-05 1482041
 207    4120.00    4140.00  3.911557884595390E-05  1.389355515437822E-05 1467413
 208    4140.00    4160.00  3.948056969605089E-05  1.600285453730744E-05 1453789
 209    4160.00    4180.00  3.305069161317711E-05  1.726536723912063E-05 1438970
 210    4180.00    4200.00  3.728447673456734E-05  1.929885088302049E-05 1424422
 211    4200.00    4220.00  3.005503774893537E-05  1.509715856857801E-05 1409540
 212    4220.00    4240.00  2.089147768309820E-05  1.866027245509031E-05 1395290
 213    4240.00    4260.00  4.270344756919986E-05  1.856198213351373E-05 1381573
 214    4260.00    4280.00  6.536923403063877E-05  1.477419337842739E-05 1367623
 215    4280.00    4300.00  2.723686914974654E-05  1.484026047851093E-05 1354974
 216    4300.00    4320.00  2.903567986638309E-06  1.550153397932831E-05 1339724
 217    4320.00    4340.00  3.430210189958759E-05  1.342105140822861E-05 1325146
 218    4340.00    4360.00  2.161123656755300E-05  1.399083993953116E-05 1312382
 219    4360.00    4380.00  4.592584209491964E-05  1.696758421905739E-05 1298922
 220    4380.00    4400.00  1.635590221900971E-05  1.390445300957540E-05 1284708
 221    4400.00    4420.00  4.024837420674075E-05  1.179387398685491E-05 1275597
 222    4420.00    4440.00  1.120781650865015E-05  1.160514477483606E-05 1261486
 223    4440.00    4460.00  3.643209817816985E-05  1.850868382179838E-05 1247534
 224    4460.00    4480.00  1.853966109972208E-06  1.629343197216325E-05 1235905
 225    4480.00    4500.00  5.184067755168447E-05  1.481374309687171E-05 1223629
 226    4500.00    4520.00  1.769368002917597E-05  1.346199866146069E-05 1211060
 227    4520.00    4540.00  5.344197223156290E-06  1.441279801244138E-05 1199727
 228    4540.00    4560.00  2.958015909562755E-05  1.030852261163549E-05 1186809
 229    4560.00    4580.00  2.721756832351050E-05  1.398256867932315E-05 1173665
 230    4580.00    4600.00  2.767678983006389E-06  1.242299488956183E-05 1165660
 231    4600.00    4620.00  5.196390658530179E-05  2.261355303717299E-05 1153125
 232    4620.00    4640.00  6.634747623664966E-06  2.296869540384232E-05 1140480
 233    4640.00    4660.00  1.492514025217291E-05  1.257100310759724E-05 1128081
 234    4660.00    4680.00  9.483586450762729E-06  1.134984682816622E-05 1117136
 235    4680.00    4700.00  2.546627615291167E-05  8.423964261839599E-06 1105296
 236    4700.00    4720.00  2.123937072041439E-05  8.143764317330736E-06 1094052
 237    4720.00    4740.00  9.001803345367310E-06  1.218726705617425E-05 1085816
 238    4740.00    4760.00  2.620557700169728E-05  1.115420828569202E-05 1073418
 239    4760.00    4780.00  1.120372440158777E-05  1.209338699141259E-05 1062318
 240    4780.00    4800.00  3.333006992969722E-05  1.578646520817534E-05 1051661
 241    4800.00    4820.00 -7.912235207002390E-06  1.367971466786576E-05 1041426
 242    4820.00    4840.00  2.622285411885075E-05  8.653265258227191E-06 1032108
 243    4840.00    4860.00  7.144306481378185E-06  1.486086866063927E-05 1020950
 244    4860.00    4880.00  5.794170486720155E-05  3.798403170118700E-05 1011243
 245    4880.00    4900.00 -2.470371911078427E-05  3.498266919176031E-05 1001817
 246    4900.00    4920.00  2.067623468702441E-05  9.293239665222364E-06 992565
 247    4920.00    4940.00  2.927126572168836E-06  8.080681161726044E-06 982234
 248    4940.00    4960.00 -4.257387542848452E-06  1.547505604026864E-05 974310
 249    4960.00    4980.00  1.633698387945682E-05  1.292216403442022E-05 961528
 250    4980.00    5000.00  1.874033868125018E-05  1.420435690213577E-05 952674
 251    5000.00    5020.00  1.466914932482553E-05  1.433252661852294E-05 942855
 252    5020.00    5040.00  1.301963994673961E-05  6.131186422384513E-06 936636
 253    5040.00    5060.00  1.754148420067009E-05  9.862857934130890E-06 926326
 254    5060.00    5080.00  1.567719398929590E-05  6.824390014835925E-06 914710
 255    5080.00    5100.00  1.153016430776150E-05  4.715349197789586E-06 905978
 256    5100.00    5120.00 -6.575875328510955E-07  8.034134105605494E-06 898592
 257    5120.00    5140.00  1.004931579088166E-05  7.207338451834170E-06 889852
 258    5140.00    5160.00  6.144071138647373E-06  6.346718380077331E-06 879212
 259    5160.00    5180.00  1.519258788061228E-05  5.938442538844220E-06 871867
 260    5180.00    5200.00  4.749446372965363E-06  9.214354052434774E-06 863698
 261    5200.00    5220.00  2.116478269237858E-06  8.541366214039891E-06 854982
 262    5220.00    5240.00  1.822868295562942E-05  6.250332102021044E-06 847159
 263    5240.00    5260.00  1.376056136074690E-05  4.818609016910665E-06 838865
 264    5260.00    5280.00  9.074550035266455E-06  5.770565296665704E-06 830502
 265    5280.00    5300.00 -2.524689880272247E-06  6.176561174990004E-06 824148
 266    5300.00    5320.00  1.291523811746118E-05  4.605150582125565E-06 812160
 267    5320.00    5340.00  8.433666393092443E-06  4.014736188255197E-06 804441
 268    5340.00    5360.00  5.388881490195488E-06  4.273489946885478E-06 796282
 269    5360.00    5380.00  7.119616955517415E-06  4.423595909474816E-06 789274
 270    5380.00    5400.00  3.946387506276778E-06  5.702974414140842E-06 780886
 271    5400.00    5420.00  1.677543647676426E-05  7.282046115666299E-06 773021
 272    5420.00    5440.00  1.189966071295465E-05  5.019057517814637E-06 767874
 273    5440.00    5460.00 -5.526435005944300E-06  4.090655652356883E-06 759564
 274    5460.00    5480.00  7.642776983168271E-06  3.919452862128116E-06 752060
 275    5480.00    5500.00  6.426371328008026E-06  5.474328666531048E-06 744382
 276    5500.00    5520.00  8.087307867011077E-06  4.857728104689754E-06 736468
 277    5520.00    5540.00  1.243670620974883E-05  3.591889860162895E-06 728641
 278    5540.00    5560.00  6.713418468039269E-06  3.884199976533078E-06 723026
 279    5560.00    5580.00  9.328796366305544E-06  4.217934254799167E-06 714472
 280    5580.00    5600.00  3.433404682305098E-07  4.040258891541409E-06 707611
 281    5600.00    5620.00  5.136014495067102E-06  4.251445772662778E-06 701614
 282    5620.00    5640.00  3.312424226927334E-06  4.326128626497709E-06 693223
 283    5640.00    5660.00  4.184986361856779E-06  2.798818107757095E-06 686846
 284    5660.00    5680.00  2.262075337309404E-06  3.691244279370667E-06 680349
 285    5680.00    5700.00  1.313237274900465E-05  3.853981709884937E-06 673282
 286    5700.00    5720.00  5.009205445631342E-06  4.039013291969618E-06 667576
 287    5720.00    5740.00  6.153969182763688E-06  3.937155632186630E-06 660757
 288    5740.00    5760.00  2.414994456800422E-06  3.236759878159642E-06 652392
 289    5760.00    5780.00  8.050259684628056E-07  2.324525682914315E-06 648994
 290    5780.00    5800.00  1.077256194340972E-05  3.747258117389678E-06 642516
 291    5800.00    5820.00 -2.239809652538486E-06  4.053401503479053E-06 635852
 292    5820.00    5840.00  3.542454169113272E-06  2.915508623703019E-06 629170
 293    5840.00    5860.00  2.139337684606262E-06  2.411406947486815E-06 621749
 294    5860.00    5880.00  5.236192079005483E-06  2.417098385328494E-06 617209
 295    5880.00    5900.00  1.989691898143018E-06  1.936823962847050E-06 610308
 296    5900.00    5920.00 -3.735484450006776E-07  4.446987222737597E-06 604855
 297    5920.00    5940.00  3.266266884462666E-06  4.625911548370411E-06 599740
 298    5940.00    5960.00  3.150275423792865E-06  2.818320939439794E-06 591845
 299    5960.00    5980.00  1.218963693612332E-05  6.840240798081252E-06 587489
 300    5980.00    6000.00 -3.155552365094752E-06  6.482148310687456E-06 581744
 301    6000.00    6020.00  4.255383257676957E-06  2.620656729930257E-06 575160
 302    6020.00    6040.00  1.478779244422856E-06  2.375616277946581E-06 568202
 303    6040.00    6060.00 -4.362942666478192E-07  2.149563139667558E-06 564812
 304    6060.00    6080.00  5.726078099802867E-06  3.711207522238024E-06 556505
 305    6080.00    6100.00  9.045145623480052E-06  4.835002324733460E-06 552152
 306    6100.00    6120.00  1.917769973345426E-06  3.873009886875019E-06 548550
 307    6120.00    6140.00 -6.600858815828504E-07  3.064396878324654E-06 542699
 308    6140.00    6160.00  3.184687473633612E-06  1.980669559785154E-06 535701
 309    6160.00    6180.00  1.633846083665295E-06  1.239857357851219E-06 529777
 310    6180.00    6200.00  4.015247032923029E-06  1.337121596849935E-06 525041
 311    6200.00    6220.00 -9.960007745306231E-07  1.688802152475512E-06 520526
 312    6220.00    6240.00  9.662240092911950E-07  1.365227186451811E-06 514675
 313    6240.00    6260.00  8.693907888673853E-07  1.822954778121427E-06 510206
 314    6260.00    6280.00  2.316172562729117E-06  1.156097694914991E-06 505297
 315    6280.00    6300.00  3.383395899794147E-07  1.885750226183073E-06 499824
 316    6300.00    6320.00  3.149345643698756E-06  1.818731200952464E-06 493722
 317    6320.00    6340.00  2.773961517700425E-06  1.240749429499888E-06 490317
 318    6340.00    6360.00 -1.101573051963454E-08  1.548894581979902E-06 485384
 319    6360.00    6380.00  4.776464710182798E-06  2.530658781607645E-06 479459
 320    6380.00    6400.00 -1.316001251022891E-06  2.459640341333960E-06 474022
 321    6400.00    6420.00  1.182594433371032E-06  1.166519934595164E-06 469814
 322    6420.00    6440.00  2.559046581698329E-06  9.329680419597514E-07 465333
 323    6440.00    6460.00 -2.928178031841823E-08  1.200238414972274E-06 461121
 324    6460.00    6480.00  2.678146906686087E-06  1.132922324504645E-06 456253
 325    6480.00    6500.00  1.448996910207296E-06  1.160054597265679E-06 451973
 326    6500.00    6520.00  1.641047673405764E-06  1.523435271490113E-06 446326
 327    6520.00    6540.00  2.859257909874785E-06  1.410676901307087E-06 443280
 328    6540.00    6560.00  9.076242820849130E-07  1.369870837466783E-06 437740
 329    6560.00    6580.00  5.913404839186327E-07  1.443889714522947E-06 433161
 330    6580.00    6600.00 -4.232108689280253E-07  1.706929812183855E-06 429642
 331    6600.00    6620.00  3.164100437531703E-06  2.439058996483770E-06 423965
 332    6620.00    6640.00  1.472453602074484E-06  1.267632373994201E-06 420593
 333    6640.00    6660.00 -1.935764276171339E-07  8.882404920336456E-07 416537
 334    6660.00    6680.00  2.092345417303139E-06  7.161903148746309E-07 412015
 335    6680.00    6700.00 -3.590319378267653E-07  8.867740865952498E-07 408054
 336    6700.00    6720.00  1.522092642566854E-06  9.164588991690224E-07 403972
 337    6720.00    6740.00  1.669779479267965E-06  7.873983223593095E-07 400459
 338    6740.00    6760.00  1.732256573361447E-06  8.729875114452869E-07 394178
 339    6760.00    6780.00  5.754956732475746E-09  9.491835306908044E-07 392083
 340    6780.00    6800.00 -4.983008841563480E-07  7.422602924552855E-07 389406
 341    6800.00    6820.00  1.519738090928940E-06  7.114522409752664E-07 384062
 342    6820.00    6840.00  9.058106718641380E-07  8.265513971223463E-07 378954
 343    6840.00    6860.00  4.131471042913646E-07  7.236636016269233E-07 374286
 344    6860.00    6880.00  9.721035230163807E-07  5.627516729487730E-07 371195
 345    6880.00    6900.00  2.246409203971912E-07  4.589403861322723E-07 369172
 346    6900.00    6920.00  1.017200473785860E-06  4.545259350979121E-07 363897
 347    6920.00    6940.00 -1.672835248864378E-07  5.313132625541179E-07 359963
 348    6940.00    6960.00 -6.413063142894770E-07  1.461230626718356E-06 356345
 349    6960.00    6980.00  2.233315013681692E-06  1.459882735138382E-06 350752
 350    6980.00    7000.00  1.509694325310668E-06  2.315039820092863E-06 348301
 351    7000.00    7020.00 -9.913698282515198E-08  2.086057428548532E-06 346092
 352    7020.00    7040.00  5.673978400813520E-07  6.264131371166415E-07 342432
 353    7040.00    7060.00 -4.271132607869765E-08  5.574224037942981E-07 338783
 354    7060.00    7080.00  1.277387132065168E-06  6.854551528932012E-07 334614
 355    7080.00    7100.00  1.037509245714459E-06  6.966344704685085E-07 330984
 356    7100.00    7120.00  1.277136745574104E-06  6.746397774252182E-07 327658
 357    7120.00    7140.00 -1.325261180140496E-07  6.143439713558061E-07 325270
 358    7140.00    7160.00 -7.618560113940540E-08  4.305288357411897E-07 321990
 359    7160.00    7180.00  2.518489886372059E-07  5.751489089964015E-07 318153
 360    7180.00    7200.00  4.453541545329026E-07  3.797956068794838E-07 315432
 361    7200.00    7220.00  1.987977839113482E-07  3.307119412788718E-07 310246
 362    7220.00    7240.00  7.938185102250806E-07  4.400363776886469E-07 307632
 363    7240.00    7260.00  2.916265390585182E-07  4.063391141411966E-07 303823
 364    7260.00    7280.00  7.574302937490716E-07  4.374069308542958E-07 301129
 365    7280.00    7300.00  1.100220478633604E-07  4.234360770330315E-07 297933
 366    7300.00    7320.00  3.410732263323806E-07  2.734626952729758E-07 294847
 367    7320.00    7340.00  2.199008717115907E-07  3.673087464475057E-07 291672
 368    7340.00    7360.00  2.523375854801921E-07  3.765641756412092E-07 289571
 369    7360.00    7380.00  6.844547517495397E-08  3.849606103514280E-07 285077
 370    7380.00    7400.00  5.870967163159408E-07  2.868093801977854E-07 282239
 371    7400.00    7420.00 -2.762350831763667E-07  5.554978403108645E-07 280286
 372    7420.00    7440.00  3.917243926749641E-07  5.756997992550234E-07 276840
 373    7440.00    7460.00  4.398837939616620E-07  4.740499746810830E-07 273856
 374    7460.00    7480.00 -3.293078721311843E-07  4.751946271623058E-07 270517
 375    7480.00    7500.00  4.186027817807247E-07  1.814833351739543E-07 268020
 376    7500.00    7520.00  1.783441042027548E-07  1.815155787936895E-07 265076
 377    7520.00    7540.00 -4.101082595367889E-08  1.960301229201690E-07 262149
 378    7540.00    7560.00  3.128539956986949E-07  1.949296190685567E-07 259760
 379    7560.00    7580.00  6.168568560630152E-08  3.751482440956426E-07 255641
 380    7580.00    7600.00 -1.516535670919736E-07  2.921244367844718E-07 253638
 381    7600.00    7620.00  5.775717132802676E-07  2.809394677855819E-07 250990
 382    7620.00    7640.00  1.637073817613358E-07  1.755186054224740E-07 247741
 383    7640.00    7660.00  1.748098608017622E-07  1.783617245867626E-07 245650
 384    7660.00    7680.00  4.329901598854270E-07  1.432609533698864E-07 243037
 385    7680.00    7700.00 -5.216048405378511E-08  1.397397293961304E-07 240681
 386    7700.00    7720.00  3.203972366878127E-07  3.792084547277876E-07 236982
 387    7720.00    7740.00  1.164703827403170E-07  4.002488740310496E-07 234815
 388    7740.00    7760.00 -2.441891431053506E-07  1.823277242816558E-07 231753
 389    7760.00    7780.00  2.510190395948731E-07  9.316573177132324E-08 230613
 390    7780.00    7800.00 -4.604712225523828E-08  9.284489662438424E-08 226638
 391    7800.00    7820.00  9.064868267609166E-08  1.334520672181736E-07 223792
 392    7820.00    7840.00  1.346181633471097E-07  1.416174381777285E-07 221840
 393    7840.00    7860.00  1.012208198232959E-07  1.536299568094961E-07 219053
 394    7860.00    7880.00  1.936907764454065E-07  1.339633760834820E-07 217449
 395    7880.00    7900.00  3.927006764235857E-07  1.383323852937437E-07 215133
 396    7900.00    7920.00  2.392407324123541E-09  1.207415481870084E-07 212654
 397    7920.00    7940.00  9.107665522279344E-08  7.647181447664231E-08 209851
 398    7940.00    7960.00  5.476134944039376E-09  9.820942591656559E-08 207448
 399    7960.00    7980.00  7.685457561848142E-08  1.243195850412944E-07 205294
 400    7980.00    8000.00  1.412573212542863E-07  1.231391636942538E-07 202534
 401    8000.00    8020.00  1.704541116206206E-08  5.120754524754639E-08 200415
 402    8020.00    8040.00  4.363738246193096E-08  8.855571125037497E-08 198643
 403    8040.00    8060.00  2.117206408137859E-08  7.353028438271238E-08 196115
 404    8060.00    8080.00  2.399845472219799E-08  6.906901131077131E-08 193331
 405    8080.00    8100.00  4.942301011981733E-08  6.803772362734000E-08 191288
 406    8100.00    8120.00  2.120328315370080E-07  8.939960973899317E-08 189476
 407    8120.00    8140.00 -4.695990188334176E-09  8.116319687718766E-08 187512
 408    8140.00    8160.00  3.120371478588275E-09  5.477967727620758E-08 185101
 409    8160.00    8180.00  1.350472545868134E-07  7.564545561501078E-08 183465
 410    8180.00    8200.00 -2.273489763132797E-09  5.404004825557786E-08 181100
 411    8200.00    8220.00  1.277183570330051E-07  4.407070094734562E-08 178231
 412    8220.00    8240.00  3.060742060604854E-08  4.212054057899013E-08 176079
 413    8240.00    8260.00  3.971823530540291E-09  4.336165340289616E-08 175572
 414    8260.00    8280.00  1.254685647033398E-07  7.564790844396085E-08 172060
 415    8280.00    8300.00 -2.868091409159586E-08  7.594381114902969E-08 169874
 416    8300.00    8320.00  2.937421838254260E-08  4.024000333639362E-08 168503
 417    8320.00    8340.00  4.553741468198555E-08  2.947383255753161E-08 166918
 418    8340.00    8360.00  7.110303040234996E-08  3.715444415373467E-08 164235
 419    8360.00    8380.00  4.251486973837425E-08  8.124768634804126E-08 163005
 420    8380.00    8400.00 -7.427135732158595E-08  7.833931618232771E-08 160335
 421    8400.00    8420.00  3.417591526327773E-08  3.162563000162827E-08 157973
 422    8420.00    8440.00 -1.933807578346791E-08  4.262857629551466E-08 156753
 423    8440.00    8460.00  7.057859882596792E-08  3.771944314283614E-08 155080
 424    8460.00    8480.00  1.492264594162151E-07  1.044479484862970E-07 153549
 425    8480.00    8500.00 -6.684384285189391E-08  1.041548488438509E-07 150728
 426    8500.00    8520.00  2.530642306017479E-08  2.143247365589509E-08 149304
 427    8520.00    8540.00  1.742985814256153E-09  2.789825355563645E-08 148268
 428    8540.00    8560.00  2.562043147152443E-08  2.223136345564405E-08 145503
 429    8560.00    8580.00 -1.175647715971887E-07  7.984516852803876E-08 143680
 430    8580.00    8600.00  6.930158757849832E-08  4.293335806605183E-08 142130
 431    8600.00    8620.00  1.037377761519108E-07  7.605152423338400E-08 140488
 432    8620.00    8640.00  5.342016331720318E-08  9.835776403812898E-08 138629
 433    8640.00    8660.00 -1.354783647892287E-08  2.742577019879045E-08 137463
 434    8660.00    8680.00  1.558441266770898E-08  1.270670447845705E-08 134790
 435    8680.00    8700.00 -2.120548751421402E-09  1.543012580222322E-08 133142
 436    8700.00    8720.00  4.164504927416014E-08  1.182937493888111E-08 132435
 437    8720.00    8740.00  9.140249084283268E-09  2.186344333489332E-08 129970
 438    8740.00    8760.00 -1.021516116844346E-08  2.353794419185868E-08 128991
 439    8760.00    8780.00  1.714740374155678E-08  2.111596191713989E-08 127589
 440    8780.00    8800.00  7.855855595395838E-09  2.120157609704931E-08 125469
 441    8800.00    8820.00  1.893616962805860E-08  9.703488832756909E-09 123915
 442    8820.00    8840.00 -3.224033771670851E-09  1.892791777879313E-08 122336
 443    8840.00    8860.00 -7.537826184242119E-09  2.142786482751466E-08 120911
 444    8860.00    8880.00  3.223246491507556E-08  1.068396999771565E-08 118686
 445    8880.00    8900.00  1.326121692483976E-09  1.132607879587308E-08 116939
 446    8900.00    8920.00 -9.916557435145604E-09  1.323710014903403E-08 116136
 447    8920.00    8940.00  2.816988959034185E-08  2.357849063376322E-08 114644
 448    8940.00    8960.00 -2.482136779364859E-08  2.431943078794531E-08 112735
 449    8960.00    8980.00  1.781093845980581E-08  1.035252702921056E-08 112024
 450    8980.00    9000.00  2.361178513517852E-08  1.143478621398567E-08 109870
 451    9000.00    9020.00 -3.235017148055082E-10  9.933603131055906E-09 108780
 452    9020.00    9040.00  2.322129000885323E-08  8.419905622475296E-09 106999
 453    9040.00    9060.00  1.328168920324341E-08  7.391963712358954E-09 105436
 454    9060.00    9080.00  7.753581289541398E-09  5.097851578122631E-09 104196
 455    9080.00    9100.00 -2.281262352091307E-09  6.221494319469450E-09 102552
 456    9100.00    9120.00 -2.844662152335597E-09  6.037560441899118E-09 101513
 457    9120.00    9140.00  1.256391558316145E-08  6.479557808715151E-09 99497
 458    9140.00    9160.00 -1.874613638219505E-09  5.143605875004167E-09 98661
 459    9160.00    9180.00  1.201237979977780E-08  4.501438360176134E-09 96600
 460    9180.00    9200.00  2.901752089506197E-09  4.578310996509938E-09 95903
 461    9200.00    9220.00 -5.446981430963298E-09  6.033130537587472E-09 94723
 462    9220.00    9240.00  7.054030590431896E-09  3.200375994097400E-09 93584
 463    9240.00    9260.00 -4.924220207308069E-09  5.429174526986266E-09 92093
 464    9260.00    9280.00  2.977167752915227E-10  4.117258344795570E-09 91164
 465    9280.00    9300.00  4.070747812584471E-09  5.048770794400756E-09 89954
 466    9300.00    9320.00 -2.292629012437347E-10  3.330217495631615E-09 87588
 467    9320.00    9340.00  7.776879652666616E-09  2.710984961564193E-09 87432
 468    9340.00    9360.00  3.870604133171168E-09  1.778710264065949E-09 84993
 469    9360.00    9380.00  3.377320168452835E-09  1.404261565966675E-09 84459
 470    9380.00    9400.00  2.145236159469811E-09  2.455524312348242E-09 83572
 471    9400.00    9420.00  7.165297931637661E-10  2.043369941474441E-09 81760
 472    9420.00    9440.00 -1.269455776583417E-09  2.494335254730095E-09 80533
 473    9440.00    9460.00  6.493723708816574E-09  2.680909046289586E-09 79566
 474    9460.00    9480.00 -5.538971280826502E-10  2.627605569380211E-09 78551
 475    9480.00    9500.00  4.092335859771942E-09  2.459951406580898E-09 77100
 476    9500.00    9520.00 -8.827581156252724E-10  5.592015539600415E-09 75965
 477    9520.00    9540.00  6.254245578475397E-09  6.040127099269595E-09 75624
 478    9540.00    9560.00  4.048634038619898E-09  2.410847342160313E-09 74243
 479    9560.00    9580.00 -4.089618928074155E-09  2.614457581801537E-09 73297
 480    9580.00    9600.00  6.254964357716774E-11  2.330303318277314E-09 72107
 481    9600.00    9620.00  1.292460905302952E-09  1.194900379494868E-09 71075
 482    9620.00    9640.00  1.653335915857935E-09  1.169324094317887E-09 69324
 483    9640.00    9660.00 -1.154299377999749E-09  2.070592729226492E-09 68762
 484    9660.00    9680.00  2.935403725365604E-09  2.170015315215508E-09 67099
 485    9680.00    9700.00  5.951134412855754E-09  6.023515345991023E-09 66255
 486    9700.00    9720.00 -5.121258485373264E-09  5.212432944102499E-09 65304
 487    9720.00    9740.00  1.711035376315368E-10  6.254510813388561E-10 64773
 488    9740.00    9760.00  3.074568417374278E-09  1.002497428109057E-09 63201
 489    9760.00    9780.00 -2.017796133193835E-09  1.135911824569334E-09 62635
 490    9780.00    9800.00  2.460177915176003E-09  9.333098746422253E-10 61263
 491    9800.00    9820.00 -7.385048986222822E-10  1.066862571381531E-09 60403
 492    9820.00    9840.00  8.412502319760170E-10  9.316775372490403E-10 59972
 493    9840.00    9860.00  2.139543925704998E-09  9.110501512155713E-10 58293
 494    9860.00    9880.00  7.128939279518346E-10  5.690780709007120E-10 57981
 495    9880.00    9900.00 -9.434756491640724E-10  9.108904594177162E-10 56577
 496    9900.00    9920.00  6.247984872653260E-10  6.013008784865415E-10 55135
 497    9920.00    9940.00 -8.466647780006398E-10  1.859943237230592E-09 54544
 498    9940.00    9960.00  2.319430550375925E-09  1.795535370424630E-09 53800
 499    9960.00    9980.00  1.483750956116273E-10  3.100831944450327E-10 53198
 500    9980.00   10000.00  3.505770946496163E-09  3.596695200278606E-09 52280
 501   10000.00   10020.00 -3.068682857864354E-09  3.572176143359920E-09 51812
 502   10020.00   10040.00 -3.107956583827810E-10  4.372883818619438E-10 50430
 503   10040.00   10060.00  9.619111629730278E-10  5.795901831326719E-10 49496
 504   10060.00   10080.00  1.730264909805106E-10  2.054314926284268E-10 48877
 505   10080.00   10100.00  4.835569194745723E-10  2.083366414353431E-10 47886
 506   10100.00   10120.00  3.667740560716124E-10  2.138191779725837E-10 46922
 507   10120.00   10140.00 -6.952918771925883E-11  2.595798806642022E-10 46530
 508   10140.00   10160.00  2.646690323005543E-10  1.725988156101103E-10 45315
 509   10160.00   10180.00 -3.137795136303441E-11  2.123066042132200E-10 44677
 510   10180.00   10200.00  2.180873852394681E-10  3.029116373276449E-10 44371
 511   10200.00   10220.00 -1.134367444524478E-10  4.381253578992510E-10 42970
 512   10220.00   10240.00  4.843602795311217E-10  3.360936153644473E-10 42370
 513   10240.00   10260.00  1.872840717071952E-10  6.980821305514618E-11 41473
 514   10260.00   10280.00  1.713404128419767E-10  1.154152628370483E-10 40876
 515   10280.00   10300.00  1.426924345452676E-10  8.673505168463195E-11 39686
 516   10300.00   10320.00  2.532389122204288E-10  2.229682711209526E-10 39130
 517   10320.00   10340.00  2.072086986638405E-10  3.449009515075836E-10 38478
 518   10340.00   10360.00 -2.142758311630580E-10  2.660465882514275E-10 37661
 519   10360.00   10380.00  2.531847145024744E-10  9.400548911265368E-11 37064
 520   10380.00   10400.00  1.494134387154664E-10  1.852400245889712E-10 36535
 521   10400.00   10420.00 -5.582922608097002E-12  5.699824516477135E-11 35840
 522   10420.00   10440.00  1.139089259424886E-11  1.921705019693539E-10 35002
 523   10440.00   10460.00  7.024562283816218E-11  5.772727845598080E-11 34091
 524   10460.00   10480.00 -1.260084790019002E-10  1.060244909897100E-10 33632
 525   10480.00   10500.00  1.058014068255207E-10  1.046766467270302E-10 32744
 526   10500.00   10520.00  1.053124394338829E-10  6.304656512688510E-11 32254
 527   10520.00   10540.00 -1.159541364863610E-11  9.240692002213436E-11 31860
 528   10540.00   10560.00 -2.817883915126326E-10  2.556932710245412E-10 30988
 529   10560.00   10580.00  5.343074118043727E-11  3.581091580553361E-11 30581
 530   10580.00   10600.00  2.885935243276703E-10  2.164926196531164E-10 30016
 531   10600.00   10620.00  3.217667445610739E-11  2.503454183764231E-11 29299
 532   10620.00   10640.00  3.038897874896830E-11  2.184783652604048E-11 28666
 533   10640.00   10660.00 -3.837800254677571E-12  2.916233684394613E-11 27674
 534   10660.00   10680.00  2.726410242468020E-11  1.731091985545656E-11 27148
 535   10680.00   10700.00 -2.741257454747699E-11  2.040156893356674E-11 26694
 536   10700.00   10720.00  1.106183280800258E-11  1.653699012633733E-11 26398
 537   10720.00   10740.00  4.057372426224512E-11  2.190605247547162E-11 25737
 538   10740.00   10760.00  2.532437169509916E-11  1.190562167024065E-11 24905
 539   10760.00   10780.00  1.279439593045820E-11  1.233171038988311E-11 24519
 540   10780.00   10800.00 -8.376861549212696E-12  1.712085036440846E-11 24228
 541   10800.00   10820.00  1.254846324685375E-11  1.057507721899838E-11 23160
 542   10820.00   10840.00  6.188847281179633E-13  1.857677828374952E-11 22831
 543   10840.00   10860.00  2.461053386659814E-12  8.673553152098851E-12 22579
 544   10860.00   10880.00  8.846850046485335E-12  7.433166041264132E-12 22093
 545   10880.00   10900.00  2.841151766109544E-12  7.389017394686020E-12 21163
 546   10900.00   10920.00  2.108889132945274E-12  1.376928870655579E-11 20691
 547   10920.00   10940.00 -1.166437681540286E-11  1.477414557190585E-11 20109
 548   10940.00   10960.00  6.253723929353481E-12  6.169308602068275E-12 19658
 549   10960.00   10980.00  1.446627885161403E-11  4.685526384764263E-12 19417
 550   10980.00   11000.00 -5.409351809773830E-12  5.143413659282556E-12 18744
 551   11000.00   11020.00  1.682945451210667E-11  9.034195252530210E-12 18274
 552   11020.00   11040.00 -8.613644601405492E-13  7.441052200350247E-12 18176
 553   11040.00   11060.00  4.427614071470771E-12  3.219933088206181E-12 17372
 554   11060.00   11080.00  1.215064629275580E-12  3.080864319994245E-12 16873
 555   11080.00   11100.00  1.532066791042002E-12  3.410382724636799E-12 16421
 556   11100.00   11120.00  1.204980378319645E-12  2.752818998604303E-12 15976
 557   11120.00   11140.00  3.118625778444217E-12  4.286413842421049E-12 16056
 558   11140.00   11160.00  4.716904485715540E-12  3.584503113369678E-12 15507
 559   11160.00   11180.00  1.673629175537053E-12  1.559948546531891E-12 14796
 560   11180.00   11200.00 -2.853149895080458E-12  3.923740428011743E-12 14595
 561   11200.00   11220.00  7.545020752418754E-13  9.290489249220321E-13 14094
 562   11220.00   11240.00  5.601300782362847E-13  1.000642804804582E-12 13530
 563   11240.00   11260.00  2.431661411414983E-12  1.247163225531531E-12 13320
 564   11260.00   11280.00 -3.777780420917364E-13  8.564709990382291E-13 12820
 565   11280.00   11300.00  4.875930164173414E-13  8.489665597387719E-13 12633
 566   11300.00   11320.00  1.360247486441883E-12  5.684824566638924E-13 12166
 567   11320.00   11340.00  5.358931775187240E-13  5.084277633684395E-13 11894
 568   11340.00   11360.00 -3.152033055441753E-13  4.898757249980022E-13 11477
 569   11360.00   11380.00  3.941979219985366E-13  6.590898438902563E-13 11157
 570   11380.00   11400.00  2.859600235291940E-13  4.222494801901053E-13 10756
 571   11400.00   11420.00 -7.143013721166627E-13  5.359002494487889E-13 10366
 572   11420.00   11440.00  3.454375824001968E-13  4.354439090855348E-13 10310
 573   11440.00   11460.00  8.142362759918661E-14  2.960293067489222E-13 9731
 574   11460.00   11480.00 -1.052481643675646E-13  6.021279482914516E-13 9690
 575   11480.00   11500.00 -1.108590142798664E-13  3.163062277104927E-13 9209
 576   11500.00   11520.00  4.143446192233188E-13  1.185294604532378E-13 8852
 577   11520.00   11540.00  3.958428122601527E-13  1.303046200127242E-13 8496
 578   11540.00   11560.00 -2.481647865143985E-13  2.517583704021401E-13 8300
 579   11560.00   11580.00  1.930332257162298E-13  1.282895767705956E-13 8025
 580   11580.00   11600.00 -4.024485145418491E-13  3.367001059704695E-13 7657
 581   11600.00   11620.00  3.896745266913093E-13  3.059167982196099E-13 7469
 582   11620.00   11640.00  2.393980276705572E-13  1.071174809362418E-13 7143
 583   11640.00   11660.00  4.603007948050024E-14  1.349246266026372E-13 7006
 584   11660.00   11680.00  9.690022536189511E-14  6.606760007924145E-14 6723
 585   11680.00   11700.00 -1.502500640625156E-13  1.209071299926897E-13 6317
 586   11700.00   11720.00  2.265577677007607E-14  2.685618695003774E-14 6119
 587   11720.00   11740.00  2.415212510064454E-14  6.207911751064942E-14 5954
 588   11740.00   11760.00  2.954589775532781E-14  6.640083689942155E-14 5597
 589   11760.00   11780.00 -1.103030747630653E-14  1.438789788684154E-14 5330
 590   11780.00   11800.00 -1.072676562468427E-14  4.533433273813564E-14 5093
 591   11800.00   11820.00  4.293600172801831E-14  4.091030283475048E-14 4964
 592   11820.00   11840.00 -7.602242925239989E-15  2.392477863919037E-14 4913
 593   11840.00   11860.00  2.582431261665453E-14  2.368692471991706E-14 4616
 594   11860.00   11880.00  5.634081509438156E-15  1.509689770002317E-14 4253
 595   11880.00   11900.00 -2.568024078408101E-15  8.407062260266292E-15 4125
 596   11900.00   11920.00  4.603550219978453E-15  4.764027268840892E-15 3992
 597   11920.00   11940.00  6.552382696508009E-15  5.886253629194608E-15 3845
 598   11940.00   11960.00  3.171560308980312E-17  3.886388349134493E-15 3467
 599   11960.00   11980.00  1.275101873203166E-15  4.289571087357883E-15 3503
 600   11980.00   12000.00  2.538533111138403E-15  4.325295044132825E-15 3217
 601   12000.00   12020.00 -1.092417469789053E-16  1.268385076858626E-15 3117
 602   12020.00   12040.00  7.163283443443853E-14  7.067529168477494E-14 2808
 603   12040.00   12060.00  6.654025097543176E-18  7.482285076235964E-16 2854
 604   12060.00   12080.00 -5.490512125921259E-14  5.528946398468803E-14 2591
 605   12080.00   12100.00  1.442618233015423E-15  1.171557009518170E-15 2408
 606   12100.00   12120.00 -1.495247476638837E-17  1.512118277274884E-15 2307
 607   12120.00   12140.00 -1.162891540102390E-15  1.272869201870910E-15 2187
 608   12140.00   12160.00  4.298184967395786E-16  4.501166612620592E-16 2084
 609   12160.00   12180.00 -2.935936659363261E-16  4.545224641743037E-16 2002
 610   12180.00   12200.00 -1.501107776142429E-15  1.518298498754628E-15 1824
 611   12200.00   12220.00  6.859245517137270E-16  9.794904956477372E-16 1660
 612   12220.00   12240.00  2.128304661207779E-16  1.812207537537259E-15 1587
 613   12240.00   12260.00 -2.206897783705502E-16  1.467486051583629E-16 1440
 614   12260.00   12280.00 -7.039009049249290E-16  5.448162659553639E-16 1379
 615   12280.00   12300.00  4.836261615181584E-16  5.329630634912529E-16 1216
 616   12300.00   12320.00  3.878101780222354E-16  3.255568110639732E-16 1151
 617   12320.00   12340.00 -3.694368848989419E-16  2.437414537414586E-16 1041
 618   12340.00   12360.00 -1.198429977039087E-15  9.605459887148582E-16 980
 619   12360.00   12380.00  9.957424972693967E-16  9.647196781280052E-16 834
 620   12380.00   12400.00 -2.230153997123796E-17  1.697015546813825E-17 806
 621   12400.00   12420.00  2.500124102477203E-17  3.448678325992177E-17 731
 622   12420.00   12440.00  2.566319843226293E-17  1.937603018035384E-17 626
 623   12440.00   12460.00 -8.717745098456340E-18  1.980674457113146E-17 574
 624   12460.00   12480.00 -1.070304756241238E-17  1.657038215137499E-17 522
 625   12480.00   12500.00  1.242999917651027E-17  1.595613223457326E-17 472
 626   12500.00   12520.00 -3.836498961912304E-17  1.905386875472218E-17 440
 627   12520.00   12540.00 -1.336063984770033E-17  5.433588025455541E-18 391
 628   12540.00   12560.00  1.707939973250136E-18  4.414563514725984E-18 299
 629   12560.00   12580.00 -3.540871981848099E-18  2.735099505647712E-18 258
 630   12580.00   12600.00 -3.087319997007060E-18  1.813357730432258E-18 250
 631   12600.00   12620.00 -9.143189276853094E-19  3.803288559864807E-19 220
 632   12620.00   12640.00 -9.328854320726521E-19  8.231353518974281E-19 185
 633   12640.00   12660.00 -1.742709747135838E-18  8.255513553661028E-19 114
 634   12660.00   12680.00  6.894277421308148E-19  7.043995980376851E-19 110
 635   12680.00   12700.00 -6.616286291807813E-19  6.709316132720854E-19 93
 636   12700.00   12720.00 -2.837713764839446E-19  1.505845663702827E-19 78
 637   12720.00   12740.00 -4.624917059018535E-21  1.437126734853824E-20 33
 638   12740.00   12760.00 -1.101582729875698E-20  9.474080636337007E-21 35
 639   12760.00   12780.00 -1.337278312277998E-20  6.021284942662708E-21 32
 640   12780.00   12800.00 -1.010003618959295E-20  9.059360299338727E-21 20
 641   12800.00   12820.00 -1.682583159915851E-21  1.025943401876692E-21 16
 642   12820.00   12840.00  2.984757197810399E-21  2.985126605829939E-21 4
 643   12840.00   12860.00  1.351654940771808E-24  1.351656245280519E-24 4
 644   12860.00   12880.00  0.000000000000000E+00  0.000000000000000E+00 1
 645   12880.00   12900.00  0.000000000000000E+00  0.000000000000000E+00 0
 646   12900.00   12920.00  0.000000000000000E+00  0.000000000000000E+00 0
 647   12920.00   12940.00  0.000000000000000E+00  0.000000000000000E+00 0
 648   12940.00   12960.00  0.000000000000000E+00  0.000000000000000E+00 0
 649   12960.00   12980.00  0.000000000000000E+00  0.000000000000000E+00 0
 650   12980.00   13000.00  0.000000000000000E+00  0.000000000000000E+00 0
# Underflow:                 0.0000000000000000E+00  0.0000000000000000E+00 0
# Overflow:                  0.0000000000000000E+00  0.0000000000000000E+00 0
#-------------------------------------------------------------------------------------
# Sum:                       1.0470396855789061E+00  2.3200210668689083E-04 237479000
#=====================================================================================
# Number of generated events: 2722077414
