# title = Transverse Momentum anti--Muon-Positron
# xlabel = $p_{\text{T},\mu^+\text{e}^+}\,$[GeV]
# ylabel = $\frac{\text{d}\sigma}{\text{d}p_{\text{T},\mu^+\text{e}^+}}\,\left[\frac{\text{fb}}{\text{GeV}}\right]$
# xmin=  0.000E+00
# xmax=  8.000E+02
# ymin=  1.000E-06
# ymax=  1.000E-02
# kmin= -5.000E+01
# kmax=  1.000E+01
# logscale = true
# Renormalization and factorization scale scaled by: 1.0000000000
# Renormalization scaled by: 1.0000000000
#
#
#=====================================================================================
# No.       Left      Right                   Value                   Error Hits
#-------------------------------------------------------------------------------------
   1       0.00      20.00  2.440234125730952E-03  5.355048486592908E-05 22693615
   2      20.00      40.00  5.803947030468524E-03  7.869945313887365E-05 56190145
   3      40.00      60.00  8.574391313035805E-03  1.011854258919565E-04 86877504
   4      60.00      80.00  8.645778675387288E-03  9.660080384176141E-05 96344418
   5      80.00     100.00  7.093009738897179E-03  8.860297064223452E-05 81981007
   6     100.00     120.00  5.393333994805599E-03  7.243557001739126E-05 67570331
   7     120.00     140.00  3.817354528206173E-03  6.456734067523270E-05 56187979
   8     140.00     160.00  2.694728926911201E-03  4.924445369839131E-05 47179862
   9     160.00     180.00  1.995767771245310E-03  3.763089388040333E-05 40044681
  10     180.00     200.00  1.435117871177391E-03  2.989453384182963E-05 34264795
  11     200.00     220.00  1.019669560050838E-03  2.517455206605159E-05 29547080
  12     220.00     240.00  7.807917399354732E-04  2.271088368596216E-05 25654880
  13     240.00     260.00  5.609913844243587E-04  1.897368272437247E-05 22401789
  14     260.00     280.00  4.243902002107358E-04  1.561953396483528E-05 19673726
  15     280.00     300.00  3.468212320242679E-04  1.411292579820009E-05 17353742
  16     300.00     320.00  2.281858116914646E-04  1.112378301514466E-05 15386233
  17     320.00     340.00  2.258552797841864E-04  8.707976512507805E-06 13691954
  18     340.00     360.00  1.362261484816860E-04  8.967553962088890E-06 12245134
  19     360.00     380.00  1.247816612632398E-04  6.517133345983295E-06 10985078
  20     380.00     400.00  1.037080443755400E-04  5.622256928486114E-06 9884258
  21     400.00     420.00  8.228796348952554E-05  5.033997745729538E-06 8925829
  22     420.00     440.00  5.299229704273169E-05  5.091048759344086E-06 8090145
  23     440.00     460.00  4.711977245995108E-05  4.134345877486267E-06 7344958
  24     460.00     480.00  3.637114916807762E-05  3.738973107262275E-06 6687582
  25     480.00     500.00  3.214534190617628E-05  3.289936108675892E-06 6100689
  26     500.00     520.00  2.895353472137454E-05  2.338550655707096E-06 5582578
  27     520.00     540.00  1.946998502384393E-05  2.440168798193840E-06 5115981
  28     540.00     560.00  1.649469357639500E-05  2.106271534375166E-06 4696139
  29     560.00     580.00  1.364132493380620E-05  1.702372081439882E-06 4317817
  30     580.00     600.00  1.315485749275866E-05  1.425335390554401E-06 3979460
  31     600.00     620.00  8.683066156970145E-06  1.574313533587373E-06 3672557
  32     620.00     640.00  8.272714680241385E-06  1.117712201469807E-06 3392115
  33     640.00     660.00  6.292204318184475E-06  1.098945667086392E-06 3143286
  34     660.00     680.00  6.589675761917328E-06  1.338428683687073E-06 2908864
  35     680.00     700.00  4.572325492287175E-06  7.040122689104830E-07 2702849
  36     700.00     720.00  4.234041112879795E-06  6.686132846952554E-07 2508093
  37     720.00     740.00  4.188815427231201E-06  6.488735122779282E-07 2334046
  38     740.00     760.00  2.808182112076351E-06  5.077185829416728E-07 2175746
  39     760.00     780.00  2.390371586905776E-06  7.490796386695714E-07 2026191
  40     780.00     800.00  2.625951839374246E-06  3.627612952648524E-07 1893287
  41     800.00     820.00  1.929328078539811E-06  3.251501200448896E-07 1766984
  42     820.00     840.00  6.269178223180431E-07  3.656062892270627E-07 1650868
  43     840.00     860.00  1.231442079456863E-06  3.542961557568703E-07 1545635
  44     860.00     880.00  5.340974399367475E-07  5.005745928116785E-07 1449174
  45     880.00     900.00  8.405839498602897E-07  2.099274247716960E-07 1358186
  46     900.00     920.00  4.167478576706020E-07  2.663521795787122E-07 1273251
  47     920.00     940.00  6.900483918383004E-07  1.794611235359454E-07 1193986
  48     940.00     960.00  1.008393469893825E-06  3.767501562262561E-07 1122205
  49     960.00     980.00  4.742114951029026E-07  1.592688199720879E-07 1054436
  50     980.00    1000.00  3.186767585508056E-07  1.761684229292465E-07 991954
  51    1000.00    1020.00  3.465885793808094E-07  1.211427927667580E-07 933842
  52    1020.00    1040.00  4.035506180009764E-07  8.585367535148663E-08 880742
  53    1040.00    1060.00  4.150902729258263E-07  6.701775506311693E-08 831563
  54    1060.00    1080.00 -7.030746505896161E-08  3.533301037480000E-07 781661
  55    1080.00    1100.00  1.514354416087832E-07  8.706868868749574E-08 738984
  56    1100.00    1120.00  8.908654851263303E-08  9.519619394285651E-08 697737
  57    1120.00    1140.00 -3.252872269555252E-08  1.425411902522691E-07 658238
  58    1140.00    1160.00  9.031806477956707E-08  6.787126171197272E-08 621899
  59    1160.00    1180.00  1.020546690978447E-07  5.549317306198426E-08 587601
  60    1180.00    1200.00  7.868067248818303E-08  6.993577858894059E-08 556128
  61    1200.00    1220.00  1.672579504171352E-07  2.825293439447217E-08 527140
  62    1220.00    1240.00  1.034283120208978E-07  4.426495115354412E-08 497866
  63    1240.00    1260.00  9.361098759726573E-08  2.156979363916535E-08 472133
  64    1260.00    1280.00  1.045538246801329E-08  3.735201037064669E-08 448357
  65    1280.00    1300.00  2.324750865411068E-08  3.916352764258355E-08 424505
  66    1300.00    1320.00  4.205461594094397E-08  1.838231227743211E-08 402630
  67    1320.00    1340.00  6.989934884442321E-08  1.666489300668977E-08 381560
  68    1340.00    1360.00  2.924269393729498E-08  3.138049383367777E-08 362440
  69    1360.00    1380.00  3.657427771316530E-08  1.167543503052855E-08 343155
  70    1380.00    1400.00 -1.216592364933233E-08  3.218876716117054E-08 325470
  71    1400.00    1420.00  2.980661644350506E-08  1.073374163144633E-08 310796
  72    1420.00    1440.00 -1.373703365893218E-08  2.219259748238168E-08 294235
  73    1440.00    1460.00  3.168289660631628E-08  1.040885811271486E-08 279839
  74    1460.00    1480.00  3.916931757054468E-10  1.973750832338132E-08 267858
  75    1480.00    1500.00  2.336411981195345E-08  6.517962876834978E-09 253054
  76    1500.00    1520.00  1.015978055272833E-08  7.866313876895289E-09 241455
  77    1520.00    1540.00  9.150663975583508E-09  1.007960918087675E-08 229601
  78    1540.00    1560.00  2.208888766848668E-09  9.763453639938474E-09 218028
  79    1560.00    1580.00  5.848447110984847E-09  1.116193261746662E-08 208539
  80    1580.00    1600.00  1.211825201155357E-08  3.040448889824417E-09 198523
  81    1600.00    1620.00  6.347479212284111E-09  4.351432141843653E-09 189057
  82    1620.00    1640.00  6.249106854348476E-09  3.138404338995207E-09 180423
  83    1640.00    1660.00  8.675439365075413E-10  3.161112244090604E-09 171313
  84    1660.00    1680.00 -7.418937924755950E-09  1.142632139162031E-08 163414
  85    1680.00    1700.00  2.000225578098292E-09  4.707526110922118E-09 155458
  86    1700.00    1720.00 -3.104955571389052E-09  6.079395421816615E-09 148307
  87    1720.00    1740.00  5.269762584156808E-09  1.407048493501212E-09 141268
  88    1740.00    1760.00  4.993725832725541E-09  9.914401941435043E-10 134489
  89    1760.00    1780.00  2.453078404914210E-09  2.170814038373215E-09 128279
  90    1780.00    1800.00 -9.800510948789880E-10  2.793972348277233E-09 123147
  91    1800.00    1820.00  1.236332718554747E-09  4.491730826400512E-09 117228
  92    1820.00    1840.00 -9.617076031546210E-10  2.455402377963338E-09 112391
  93    1840.00    1860.00  4.304074313797157E-09  1.053473262297764E-09 106558
  94    1860.00    1880.00  2.877065549416491E-09  8.903527267070347E-10 102539
  95    1880.00    1900.00  1.330984315376142E-09  9.210079419583171E-10 97176
  96    1900.00    1920.00  1.695692781843203E-09  1.040747950183744E-09 93174
  97    1920.00    1940.00 -1.217875152546036E-08  1.359155823611875E-08 89057
  98    1940.00    1960.00  1.159180708758460E-09  7.747120333170071E-10 84897
  99    1960.00    1980.00  8.031140583794310E-10  5.413823494319518E-10 81773
 100    1980.00    2000.00 -1.696859079081386E-09  1.656272960633491E-09 77468
 101    2000.00    2020.00  1.924669229141857E-09  6.754331064024465E-10 74178
 102    2020.00    2040.00 -4.782301305341431E-09  6.371829922111263E-09 70799
 103    2040.00    2060.00 -6.527980786639433E-10  9.048754111158496E-10 67893
 104    2060.00    2080.00  5.666344570895985E-10  5.243299971554150E-10 64786
 105    2080.00    2100.00 -1.660655292895801E-09  3.420054416313583E-09 61723
 106    2100.00    2120.00  4.091560881195545E-10  2.764629821001042E-10 58970
 107    2120.00    2140.00  5.058761474864588E-10  1.856323122882407E-10 56668
 108    2140.00    2160.00  5.933456939253904E-10  1.776629241996537E-10 54860
 109    2160.00    2180.00  7.537631482483861E-11  2.010948337582408E-10 51861
 110    2180.00    2200.00 -9.716282024342829E-10  1.432477510073473E-09 49844
 111    2200.00    2220.00 -1.464179557706323E-10  3.301638258494176E-10 47097
 112    2220.00    2240.00  2.836127859093279E-10  1.343710498362131E-10 45490
 113    2240.00    2260.00 -6.084313797958650E-10  6.285388323491051E-10 43400
 114    2260.00    2280.00 -6.314160592785999E-10  6.258088096382606E-10 41550
 115    2280.00    2300.00  3.378847814503251E-10  7.208888077832661E-11 39871
 116    2300.00    2320.00  1.641949526613594E-10  4.292435162637662E-11 37522
 117    2320.00    2340.00 -1.555413979298764E-10  2.947136941838685E-10 36719
 118    2340.00    2360.00  1.475254745130880E-10  1.206214347749145E-10 34857
 119    2360.00    2380.00  9.116461130751348E-11  8.278238369827557E-11 33425
 120    2380.00    2400.00  1.143029227449682E-10  6.705893394550939E-11 32138
 121    2400.00    2420.00  2.463477143208040E-11  9.777928350507914E-11 30892
 122    2420.00    2440.00  7.517029763460337E-12  7.414334179174631E-11 29317
 123    2440.00    2460.00 -1.608118575264850E-11  9.651198067451395E-11 27783
 124    2460.00    2480.00 -5.846626414070291E-11  9.057569812890541E-11 26704
 125    2480.00    2500.00  7.868858968309399E-12  6.559415196528770E-11 25583
 126    2500.00    2520.00  5.281635596857526E-11  3.755198038144134E-11 24524
 127    2520.00    2540.00  8.105283365752484E-10  7.171603278153683E-10 23623
 128    2540.00    2560.00  2.000754063994295E-11  4.010154798936980E-11 22245
 129    2560.00    2580.00  1.430047382723213E-11  3.122255761201144E-11 21674
 130    2580.00    2600.00  1.656338289528887E-11  2.706803469656487E-11 20699
 131    2600.00    2620.00  2.162643328871945E-11  2.959773171332801E-11 19992
 132    2620.00    2640.00  4.700250062520324E-11  1.741463078874438E-11 18897
 133    2640.00    2660.00  6.256187978630033E-11  4.703975267738284E-11 18188
 134    2660.00    2680.00  3.189482325898150E-11  3.074623410612041E-11 17305
 135    2680.00    2700.00  5.039915852057314E-12  1.029508398490000E-11 16634
 136    2700.00    2720.00  1.977577979278401E-11  1.299329655192178E-11 16009
 137    2720.00    2740.00  4.217433098012004E-11  1.721891177478519E-11 15482
 138    2740.00    2760.00  2.515628648632941E-11  6.531318622628544E-12 14602
 139    2760.00    2780.00  1.245973465376951E-11  4.181538637461768E-12 13925
 140    2780.00    2800.00 -1.235134514179263E-11  1.299976188003155E-11 13498
 141    2800.00    2820.00  1.353139054681761E-11  1.115420018999005E-11 12899
 142    2820.00    2840.00 -2.396740900956910E-11  2.592971150021321E-11 12244
 143    2840.00    2860.00  5.000481521672905E-11  4.654377914636325E-11 11787
 144    2860.00    2880.00 -2.640811296780117E-12  8.097661632998794E-12 11374
 145    2880.00    2900.00  2.162182144258474E-12  3.982179367918579E-12 10774
 146    2900.00    2920.00 -9.435096227414352E-12  1.812521663601152E-11 10463
 147    2920.00    2940.00  1.362127522544586E-12  6.924439722816940E-12 9966
 148    2940.00    2960.00 -1.063671121647747E-11  1.812401028606999E-11 9479
 149    2960.00    2980.00  2.094092489842246E-11  1.548626073509229E-11 9028
 150    2980.00    3000.00  6.958730672264196E-12  4.344168124441421E-12 8628
 151    3000.00    3020.00 -1.544093528474321E-12  6.640386437716820E-12 8449
 152    3020.00    3040.00  4.724546443192594E-12  1.866663716052856E-12 8028
 153    3040.00    3060.00  2.547965363963276E-12  8.674497216338451E-13 7482
 154    3060.00    3080.00  1.870732708929046E-12  2.698059780005239E-12 7401
 155    3080.00    3100.00  2.995971433517366E-12  2.013160108188197E-12 7081
 156    3100.00    3120.00  2.368572361610592E-13  3.252751567925917E-12 6674
 157    3120.00    3140.00  2.373735721305096E-12  2.369961356602148E-12 6439
 158    3140.00    3160.00  2.162156418515685E-12  1.020178395656072E-12 6110
 159    3160.00    3180.00  4.455080545632780E-12  2.496102471509678E-12 5894
 160    3180.00    3200.00 -1.583292207376021E-12  1.333045974867701E-12 5651
 161    3200.00    3220.00  2.168024104465632E-12  7.723403739033539E-13 5341
 162    3220.00    3240.00  2.927757357208210E-13  6.694338718300595E-13 5128
 163    3240.00    3260.00  1.980525999346318E-12  8.203026706182303E-13 5039
 164    3260.00    3280.00  4.601616053865677E-12  3.918838031878183E-12 4710
 165    3280.00    3300.00 -2.168907003020331E-12  1.879604906408225E-12 4607
 166    3300.00    3320.00  7.869297283048234E-13  3.117902634782562E-13 4406
 167    3320.00    3340.00 -6.495000214878222E-13  9.518834177475590E-13 4025
 168    3340.00    3360.00  4.571682533709779E-13  5.752967928553497E-13 3999
 169    3360.00    3380.00  9.115779573275472E-13  3.060840304216643E-13 3754
 170    3380.00    3400.00  1.450848442190575E-12  2.382830134423753E-12 3712
 171    3400.00    3420.00  1.239830787018186E-13  9.707229531820268E-14 3433
 172    3420.00    3440.00  3.821526375613048E-13  9.717135396583411E-14 3306
 173    3440.00    3460.00  4.399880638639228E-13  1.519405806062708E-13 3138
 174    3460.00    3480.00  3.393676189285086E-13  1.131719794342614E-13 3106
 175    3480.00    3500.00  7.895773839438892E-14  1.836687433689874E-13 2895
 176    3500.00    3520.00 -1.883016308323915E-13  4.933283756150424E-13 2688
 177    3520.00    3540.00 -1.848466075086613E-12  2.077326348922087E-12 2598
 178    3540.00    3560.00  2.644437023613121E-13  1.492283679475216E-13 2586
 179    3560.00    3580.00  2.191485980482721E-13  1.539593837621591E-13 2417
 180    3580.00    3600.00  1.927727735138153E-13  6.080597321803225E-14 2312
 181    3600.00    3620.00  1.537641187496854E-13  5.171282997828716E-14 2225
 182    3620.00    3640.00  1.822802616544469E-13  4.188540430023103E-14 2181
 183    3640.00    3660.00 -2.353684528206479E-13  3.361610145005585E-13 1984
 184    3660.00    3680.00  3.133978653966662E-13  2.046549231631796E-13 1886
 185    3680.00    3700.00 -1.419177528682212E-13  1.357231002587608E-13 1867
 186    3700.00    3720.00 -3.051589210730579E-14  9.854584287046416E-14 1729
 187    3720.00    3740.00  8.827976832391933E-14  6.232377685927796E-14 1658
 188    3740.00    3760.00  3.270813692818705E-14  1.339874651989819E-14 1473
 189    3760.00    3780.00  6.439068899257773E-14  2.481373685796440E-14 1456
 190    3780.00    3800.00  3.044423876359468E-14  1.025458096626834E-14 1433
 191    3800.00    3820.00  1.496074640381011E-13  1.093557743411561E-13 1391
 192    3820.00    3840.00  4.676056999991584E-14  3.945158178916534E-14 1272
 193    3840.00    3860.00  5.296239122325744E-13  4.321419398801638E-13 1203
 194    3860.00    3880.00  2.831803071962410E-14  5.720335464889866E-15 1191
 195    3880.00    3900.00  3.351284816659691E-14  5.372904177392775E-14 1199
 196    3900.00    3920.00  4.084852016153584E-15  1.101702836313422E-14 1026
 197    3920.00    3940.00  9.770426601930617E-15  7.341138220745541E-14 1059
 198    3940.00    3960.00  3.484747591204648E-14  1.687760320328970E-14 1009
 199    3960.00    3980.00 -3.707273726366979E-14  7.629213659949071E-14 950
 200    3980.00    4000.00  1.622349278648256E-14  5.364393552942087E-15 847
 201    4000.00    4020.00  4.133562719270279E-14  3.962344008263084E-14 839
 202    4020.00    4040.00  4.007417476672672E-14  4.169232363962117E-14 771
 203    4040.00    4060.00 -2.535607716238982E-14  4.576825004119518E-14 725
 204    4060.00    4080.00  2.170243049554860E-14  1.446942363884054E-14 701
 205    4080.00    4100.00 -4.466397174926189E-15  1.081217999499160E-14 684
 206    4100.00    4120.00  7.828574402192667E-15  5.271090978053268E-15 655
 207    4120.00    4140.00  2.251462129965597E-14  1.503836490172121E-14 663
 208    4140.00    4160.00  3.064217419419556E-15  1.393185258852082E-15 533
 209    4160.00    4180.00  8.777995400676943E-15  6.378912928357881E-15 583
 210    4180.00    4200.00  1.377404700750659E-15  3.683857543081618E-15 521
 211    4200.00    4220.00  1.705060886518252E-15  8.371896095630439E-15 492
 212    4220.00    4240.00 -7.395709111716119E-15  9.073998795253107E-15 461
 213    4240.00    4260.00  2.959145749337018E-14  2.609201525564228E-14 461
 214    4260.00    4280.00 -3.162966578282913E-16  1.149231711510662E-15 428
 215    4280.00    4300.00 -6.098907327558732E-15  7.301565943476313E-15 410
 216    4300.00    4320.00  3.117632205886286E-15  1.616256208497973E-15 362
 217    4320.00    4340.00  5.305488011587024E-15  3.538615526116743E-15 368
 218    4340.00    4360.00  6.389179359283338E-15  5.019981508688197E-15 379
 219    4360.00    4380.00  5.013559384407174E-15  2.893792471083960E-15 321
 220    4380.00    4400.00  1.012879433760950E-14  9.164385997051948E-15 308
 221    4400.00    4420.00  8.704318566777473E-16  7.794013953544017E-16 302
 222    4420.00    4440.00  5.290618282582244E-16  2.233257917156349E-16 280
 223    4440.00    4460.00  1.174699712656782E-15  7.400336479209947E-16 255
 224    4460.00    4480.00  6.798611303746660E-16  4.001114283942068E-16 262
 225    4480.00    4500.00  3.080068869253640E-16  1.162297315479137E-16 238
 226    4500.00    4520.00  6.919590809274526E-17  8.738188772515950E-17 208
 227    4520.00    4540.00  6.312437664370503E-16  5.241842873037486E-16 227
 228    4540.00    4560.00  3.169266309945799E-16  1.905604829349956E-16 205
 229    4560.00    4580.00  4.608331389409118E-17  1.548777177193335E-17 202
 230    4580.00    4600.00  2.120943096048394E-16  1.210240624715927E-16 183
 231    4600.00    4620.00  1.888415249153861E-16  7.799320693971363E-17 150
 232    4620.00    4640.00  4.622795388902793E-17  1.745433715493293E-17 129
 233    4640.00    4660.00  5.522151052950508E-16  5.869141145315783E-16 134
 234    4660.00    4680.00  2.250667239622186E-17  1.402002448425200E-17 124
 235    4680.00    4700.00  2.723634083085431E-16  1.100211412541949E-16 132
 236    4700.00    4720.00  1.990195961664943E-17  7.043177704590322E-17 127
 237    4720.00    4740.00  5.128028075458270E-17  2.818090547640626E-17 109
 238    4740.00    4760.00  3.938548104771927E-18  3.820034584145429E-17 119
 239    4760.00    4780.00  3.076543849927814E-17  2.441688635106708E-17 91
 240    4780.00    4800.00  2.605312201887115E-17  1.750680592346435E-17 89
 241    4800.00    4820.00 -5.311265817868024E-16  5.414860290405592E-16 99
 242    4820.00    4840.00  5.048441492796950E-17  3.769833000877351E-17 69
 243    4840.00    4860.00  1.180968273006828E-17  7.071674266598000E-18 61
 244    4860.00    4880.00  1.751550723583504E-17  1.656542612419347E-17 80
 245    4880.00    4900.00  5.311627862888459E-17  4.754939522828151E-17 70
 246    4900.00    4920.00 -3.193609554885727E-16  3.211752774692007E-16 51
 247    4920.00    4940.00  5.342289455275322E-18  3.680951908107478E-18 50
 248    4940.00    4960.00  2.131349851361730E-16  2.010434060429103E-16 53
 249    4960.00    4980.00  9.110967337828218E-18  6.586460814009646E-18 54
 250    4980.00    5000.00  1.528172873868505E-18  8.931397013719361E-19 40
 251    5000.00    5020.00  5.829396280841075E-17  3.565159042597380E-17 47
 252    5020.00    5040.00  1.371523713241355E-19  9.805776428718083E-20 33
 253    5040.00    5060.00  5.835201916721576E-18  5.794495911439144E-18 33
 254    5060.00    5080.00  5.931172869060144E-19  5.952526792707683E-19 36
 255    5080.00    5100.00  1.700022759308922E-16  1.708609688232205E-16 40
 256    5100.00    5120.00  6.587648683456605E-18  6.510789353276882E-18 23
 257    5120.00    5140.00  7.433029225764198E-18  4.928223464471996E-18 33
 258    5140.00    5160.00 -2.508894543941085E-21  4.131645912200527E-20 30
 259    5160.00    5180.00  2.632155161651585E-20  2.167984498046433E-20 23
 260    5180.00    5200.00  3.332490908545541E-18  3.111717467315511E-18 13
 261    5200.00    5220.00  1.051485255177921E-19  9.792184015551446E-20 18
 262    5220.00    5240.00  3.058118615050353E-20  2.819889847165512E-20 18
 263    5240.00    5260.00  3.139746152922589E-20  2.325177175575464E-20 17
 264    5260.00    5280.00  1.059426434849280E-17  1.056034395364542E-17 14
 265    5280.00    5300.00  1.208621371930646E-21  1.396587728711911E-21 19
 266    5300.00    5320.00  1.664528275328211E-18  1.664717393731395E-18 12
 267    5320.00    5340.00  6.247366192307599E-22  9.561459345766438E-22 8
 268    5340.00    5360.00  3.402418556563761E-22  5.009577879888959E-22 7
 269    5360.00    5380.00  3.699292853597666E-23  3.331478978414682E-22 8
 270    5380.00    5400.00 -6.194232310551891E-21  4.551165020857156E-21 8
 271    5400.00    5420.00 -2.301348142884878E-23  3.008909174750343E-23 4
 272    5420.00    5440.00  3.940937172755594E-21  3.255207891514079E-21 8
 273    5440.00    5460.00  6.425167581202520E-21  5.965331639355949E-21 9
 274    5460.00    5480.00 -6.622864358058286E-21  6.097562919245487E-21 6
 275    5480.00    5500.00 -1.710276616937754E-22  1.296809032497197E-22 6
 276    5500.00    5520.00  1.251221168895488E-22  1.251221166939647E-22 1
 277    5520.00    5540.00 -4.817683822288280E-30  4.817683817707466E-30 1
 278    5540.00    5560.00  5.870462456857924E-26  1.022770464479384E-24 4
 279    5560.00    5580.00  3.328725554838038E-25  4.085533161619829E-25 3
 280    5580.00    5600.00 -1.660926797436510E-22  1.620435009749558E-22 5
 281    5600.00    5620.00  0.000000000000000E+00  0.000000000000000E+00 0
 282    5620.00    5640.00 -4.037667336878206E-21  4.028670980479816E-21 2
 283    5640.00    5660.00  2.168671855571726E-24  2.174319067346510E-24 2
 284    5660.00    5680.00 -2.505643870732693E-30  2.505643867355379E-30 1
 285    5680.00    5700.00 -3.127025954628858E-27  3.127025953838434E-27 1
 286    5700.00    5720.00  6.688792928914617E-25  6.688792927685998E-25 1
 287    5720.00    5740.00 -4.944164608528891E-27  4.944164607279144E-27 1
 288    5740.00    5760.00 -2.857064701433817E-27  2.857064697582828E-27 1
 289    5760.00    5780.00 -2.221962232183246E-24  2.221962228709994E-24 1
 290    5780.00    5800.00  0.000000000000000E+00  0.000000000000000E+00 0
 291    5800.00    5820.00  0.000000000000000E+00  0.000000000000000E+00 0
 292    5820.00    5840.00 -7.869780464064344E-25  7.869780462618798E-25 1
 293    5840.00    5860.00  0.000000000000000E+00  0.000000000000000E+00 0
 294    5860.00    5880.00  0.000000000000000E+00  0.000000000000000E+00 0
 295    5880.00    5900.00  0.000000000000000E+00  0.000000000000000E+00 0
 296    5900.00    5920.00  0.000000000000000E+00  0.000000000000000E+00 0
 297    5920.00    5940.00  0.000000000000000E+00  0.000000000000000E+00 0
 298    5940.00    5960.00  0.000000000000000E+00  0.000000000000000E+00 0
 299    5960.00    5980.00  0.000000000000000E+00  0.000000000000000E+00 0
 300    5980.00    6000.00  0.000000000000000E+00  0.000000000000000E+00 0
 301    6000.00    6020.00  0.000000000000000E+00  0.000000000000000E+00 0
 302    6020.00    6040.00  0.000000000000000E+00  0.000000000000000E+00 0
 303    6040.00    6060.00  0.000000000000000E+00  0.000000000000000E+00 0
 304    6060.00    6080.00  0.000000000000000E+00  0.000000000000000E+00 0
 305    6080.00    6100.00  0.000000000000000E+00  0.000000000000000E+00 0
 306    6100.00    6120.00  0.000000000000000E+00  0.000000000000000E+00 0
 307    6120.00    6140.00  0.000000000000000E+00  0.000000000000000E+00 0
 308    6140.00    6160.00  0.000000000000000E+00  0.000000000000000E+00 0
 309    6160.00    6180.00  0.000000000000000E+00  0.000000000000000E+00 0
 310    6180.00    6200.00  0.000000000000000E+00  0.000000000000000E+00 0
 311    6200.00    6220.00  0.000000000000000E+00  0.000000000000000E+00 0
 312    6220.00    6240.00  0.000000000000000E+00  0.000000000000000E+00 0
 313    6240.00    6260.00  0.000000000000000E+00  0.000000000000000E+00 0
 314    6260.00    6280.00  0.000000000000000E+00  0.000000000000000E+00 0
 315    6280.00    6300.00  0.000000000000000E+00  0.000000000000000E+00 0
 316    6300.00    6320.00  0.000000000000000E+00  0.000000000000000E+00 0
 317    6320.00    6340.00  0.000000000000000E+00  0.000000000000000E+00 0
 318    6340.00    6360.00  0.000000000000000E+00  0.000000000000000E+00 0
 319    6360.00    6380.00  0.000000000000000E+00  0.000000000000000E+00 0
 320    6380.00    6400.00  0.000000000000000E+00  0.000000000000000E+00 0
 321    6400.00    6420.00  0.000000000000000E+00  0.000000000000000E+00 0
 322    6420.00    6440.00  0.000000000000000E+00  0.000000000000000E+00 0
 323    6440.00    6460.00  0.000000000000000E+00  0.000000000000000E+00 0
 324    6460.00    6480.00  0.000000000000000E+00  0.000000000000000E+00 0
 325    6480.00    6500.00  0.000000000000000E+00  0.000000000000000E+00 0
 326    6500.00    6520.00  0.000000000000000E+00  0.000000000000000E+00 0
 327    6520.00    6540.00  0.000000000000000E+00  0.000000000000000E+00 0
 328    6540.00    6560.00  0.000000000000000E+00  0.000000000000000E+00 0
 329    6560.00    6580.00  0.000000000000000E+00  0.000000000000000E+00 0
 330    6580.00    6600.00  0.000000000000000E+00  0.000000000000000E+00 0
 331    6600.00    6620.00  0.000000000000000E+00  0.000000000000000E+00 0
 332    6620.00    6640.00  0.000000000000000E+00  0.000000000000000E+00 0
 333    6640.00    6660.00  0.000000000000000E+00  0.000000000000000E+00 0
 334    6660.00    6680.00  0.000000000000000E+00  0.000000000000000E+00 0
 335    6680.00    6700.00  0.000000000000000E+00  0.000000000000000E+00 0
 336    6700.00    6720.00  0.000000000000000E+00  0.000000000000000E+00 0
 337    6720.00    6740.00  0.000000000000000E+00  0.000000000000000E+00 0
 338    6740.00    6760.00  0.000000000000000E+00  0.000000000000000E+00 0
 339    6760.00    6780.00  0.000000000000000E+00  0.000000000000000E+00 0
 340    6780.00    6800.00  0.000000000000000E+00  0.000000000000000E+00 0
 341    6800.00    6820.00  0.000000000000000E+00  0.000000000000000E+00 0
 342    6820.00    6840.00  0.000000000000000E+00  0.000000000000000E+00 0
 343    6840.00    6860.00  0.000000000000000E+00  0.000000000000000E+00 0
 344    6860.00    6880.00  0.000000000000000E+00  0.000000000000000E+00 0
 345    6880.00    6900.00  0.000000000000000E+00  0.000000000000000E+00 0
 346    6900.00    6920.00  0.000000000000000E+00  0.000000000000000E+00 0
 347    6920.00    6940.00  0.000000000000000E+00  0.000000000000000E+00 0
 348    6940.00    6960.00  0.000000000000000E+00  0.000000000000000E+00 0
 349    6960.00    6980.00  0.000000000000000E+00  0.000000000000000E+00 0
 350    6980.00    7000.00  0.000000000000000E+00  0.000000000000000E+00 0
 351    7000.00    7020.00  0.000000000000000E+00  0.000000000000000E+00 0
 352    7020.00    7040.00  0.000000000000000E+00  0.000000000000000E+00 0
 353    7040.00    7060.00  0.000000000000000E+00  0.000000000000000E+00 0
 354    7060.00    7080.00  0.000000000000000E+00  0.000000000000000E+00 0
 355    7080.00    7100.00  0.000000000000000E+00  0.000000000000000E+00 0
 356    7100.00    7120.00  0.000000000000000E+00  0.000000000000000E+00 0
 357    7120.00    7140.00  0.000000000000000E+00  0.000000000000000E+00 0
 358    7140.00    7160.00  0.000000000000000E+00  0.000000000000000E+00 0
 359    7160.00    7180.00  0.000000000000000E+00  0.000000000000000E+00 0
 360    7180.00    7200.00  0.000000000000000E+00  0.000000000000000E+00 0
 361    7200.00    7220.00  0.000000000000000E+00  0.000000000000000E+00 0
 362    7220.00    7240.00  0.000000000000000E+00  0.000000000000000E+00 0
 363    7240.00    7260.00  0.000000000000000E+00  0.000000000000000E+00 0
 364    7260.00    7280.00  0.000000000000000E+00  0.000000000000000E+00 0
 365    7280.00    7300.00  0.000000000000000E+00  0.000000000000000E+00 0
 366    7300.00    7320.00  0.000000000000000E+00  0.000000000000000E+00 0
 367    7320.00    7340.00  0.000000000000000E+00  0.000000000000000E+00 0
 368    7340.00    7360.00  0.000000000000000E+00  0.000000000000000E+00 0
 369    7360.00    7380.00  0.000000000000000E+00  0.000000000000000E+00 0
 370    7380.00    7400.00  0.000000000000000E+00  0.000000000000000E+00 0
 371    7400.00    7420.00  0.000000000000000E+00  0.000000000000000E+00 0
 372    7420.00    7440.00  0.000000000000000E+00  0.000000000000000E+00 0
 373    7440.00    7460.00  0.000000000000000E+00  0.000000000000000E+00 0
 374    7460.00    7480.00  0.000000000000000E+00  0.000000000000000E+00 0
 375    7480.00    7500.00  0.000000000000000E+00  0.000000000000000E+00 0
 376    7500.00    7520.00  0.000000000000000E+00  0.000000000000000E+00 0
 377    7520.00    7540.00  0.000000000000000E+00  0.000000000000000E+00 0
 378    7540.00    7560.00  0.000000000000000E+00  0.000000000000000E+00 0
 379    7560.00    7580.00  0.000000000000000E+00  0.000000000000000E+00 0
 380    7580.00    7600.00  0.000000000000000E+00  0.000000000000000E+00 0
 381    7600.00    7620.00  0.000000000000000E+00  0.000000000000000E+00 0
 382    7620.00    7640.00  0.000000000000000E+00  0.000000000000000E+00 0
 383    7640.00    7660.00  0.000000000000000E+00  0.000000000000000E+00 0
 384    7660.00    7680.00  0.000000000000000E+00  0.000000000000000E+00 0
 385    7680.00    7700.00  0.000000000000000E+00  0.000000000000000E+00 0
 386    7700.00    7720.00  0.000000000000000E+00  0.000000000000000E+00 0
 387    7720.00    7740.00  0.000000000000000E+00  0.000000000000000E+00 0
 388    7740.00    7760.00  0.000000000000000E+00  0.000000000000000E+00 0
 389    7760.00    7780.00  0.000000000000000E+00  0.000000000000000E+00 0
 390    7780.00    7800.00  0.000000000000000E+00  0.000000000000000E+00 0
 391    7800.00    7820.00  0.000000000000000E+00  0.000000000000000E+00 0
 392    7820.00    7840.00  0.000000000000000E+00  0.000000000000000E+00 0
 393    7840.00    7860.00  0.000000000000000E+00  0.000000000000000E+00 0
 394    7860.00    7880.00  0.000000000000000E+00  0.000000000000000E+00 0
 395    7880.00    7900.00  0.000000000000000E+00  0.000000000000000E+00 0
 396    7900.00    7920.00  0.000000000000000E+00  0.000000000000000E+00 0
 397    7920.00    7940.00  0.000000000000000E+00  0.000000000000000E+00 0
 398    7940.00    7960.00  0.000000000000000E+00  0.000000000000000E+00 0
 399    7960.00    7980.00  0.000000000000000E+00  0.000000000000000E+00 0
 400    7980.00    8000.00  0.000000000000000E+00  0.000000000000000E+00 0
 401    8000.00    8020.00  0.000000000000000E+00  0.000000000000000E+00 0
 402    8020.00    8040.00  0.000000000000000E+00  0.000000000000000E+00 0
 403    8040.00    8060.00  0.000000000000000E+00  0.000000000000000E+00 0
 404    8060.00    8080.00  0.000000000000000E+00  0.000000000000000E+00 0
 405    8080.00    8100.00  0.000000000000000E+00  0.000000000000000E+00 0
 406    8100.00    8120.00  0.000000000000000E+00  0.000000000000000E+00 0
 407    8120.00    8140.00  0.000000000000000E+00  0.000000000000000E+00 0
 408    8140.00    8160.00  0.000000000000000E+00  0.000000000000000E+00 0
 409    8160.00    8180.00  0.000000000000000E+00  0.000000000000000E+00 0
 410    8180.00    8200.00  0.000000000000000E+00  0.000000000000000E+00 0
 411    8200.00    8220.00  0.000000000000000E+00  0.000000000000000E+00 0
 412    8220.00    8240.00  0.000000000000000E+00  0.000000000000000E+00 0
 413    8240.00    8260.00  0.000000000000000E+00  0.000000000000000E+00 0
 414    8260.00    8280.00  0.000000000000000E+00  0.000000000000000E+00 0
 415    8280.00    8300.00  0.000000000000000E+00  0.000000000000000E+00 0
 416    8300.00    8320.00  0.000000000000000E+00  0.000000000000000E+00 0
 417    8320.00    8340.00  0.000000000000000E+00  0.000000000000000E+00 0
 418    8340.00    8360.00  0.000000000000000E+00  0.000000000000000E+00 0
 419    8360.00    8380.00  0.000000000000000E+00  0.000000000000000E+00 0
 420    8380.00    8400.00  0.000000000000000E+00  0.000000000000000E+00 0
 421    8400.00    8420.00  0.000000000000000E+00  0.000000000000000E+00 0
 422    8420.00    8440.00  0.000000000000000E+00  0.000000000000000E+00 0
 423    8440.00    8460.00  0.000000000000000E+00  0.000000000000000E+00 0
 424    8460.00    8480.00  0.000000000000000E+00  0.000000000000000E+00 0
 425    8480.00    8500.00  0.000000000000000E+00  0.000000000000000E+00 0
 426    8500.00    8520.00  0.000000000000000E+00  0.000000000000000E+00 0
 427    8520.00    8540.00  0.000000000000000E+00  0.000000000000000E+00 0
 428    8540.00    8560.00  0.000000000000000E+00  0.000000000000000E+00 0
 429    8560.00    8580.00  0.000000000000000E+00  0.000000000000000E+00 0
 430    8580.00    8600.00  0.000000000000000E+00  0.000000000000000E+00 0
 431    8600.00    8620.00  0.000000000000000E+00  0.000000000000000E+00 0
 432    8620.00    8640.00  0.000000000000000E+00  0.000000000000000E+00 0
 433    8640.00    8660.00  0.000000000000000E+00  0.000000000000000E+00 0
 434    8660.00    8680.00  0.000000000000000E+00  0.000000000000000E+00 0
 435    8680.00    8700.00  0.000000000000000E+00  0.000000000000000E+00 0
 436    8700.00    8720.00  0.000000000000000E+00  0.000000000000000E+00 0
 437    8720.00    8740.00  0.000000000000000E+00  0.000000000000000E+00 0
 438    8740.00    8760.00  0.000000000000000E+00  0.000000000000000E+00 0
 439    8760.00    8780.00  0.000000000000000E+00  0.000000000000000E+00 0
 440    8780.00    8800.00  0.000000000000000E+00  0.000000000000000E+00 0
 441    8800.00    8820.00  0.000000000000000E+00  0.000000000000000E+00 0
 442    8820.00    8840.00  0.000000000000000E+00  0.000000000000000E+00 0
 443    8840.00    8860.00  0.000000000000000E+00  0.000000000000000E+00 0
 444    8860.00    8880.00  0.000000000000000E+00  0.000000000000000E+00 0
 445    8880.00    8900.00  0.000000000000000E+00  0.000000000000000E+00 0
 446    8900.00    8920.00  0.000000000000000E+00  0.000000000000000E+00 0
 447    8920.00    8940.00  0.000000000000000E+00  0.000000000000000E+00 0
 448    8940.00    8960.00  0.000000000000000E+00  0.000000000000000E+00 0
 449    8960.00    8980.00  0.000000000000000E+00  0.000000000000000E+00 0
 450    8980.00    9000.00  0.000000000000000E+00  0.000000000000000E+00 0
 451    9000.00    9020.00  0.000000000000000E+00  0.000000000000000E+00 0
 452    9020.00    9040.00  0.000000000000000E+00  0.000000000000000E+00 0
 453    9040.00    9060.00  0.000000000000000E+00  0.000000000000000E+00 0
 454    9060.00    9080.00  0.000000000000000E+00  0.000000000000000E+00 0
 455    9080.00    9100.00  0.000000000000000E+00  0.000000000000000E+00 0
 456    9100.00    9120.00  0.000000000000000E+00  0.000000000000000E+00 0
 457    9120.00    9140.00  0.000000000000000E+00  0.000000000000000E+00 0
 458    9140.00    9160.00  0.000000000000000E+00  0.000000000000000E+00 0
 459    9160.00    9180.00  0.000000000000000E+00  0.000000000000000E+00 0
 460    9180.00    9200.00  0.000000000000000E+00  0.000000000000000E+00 0
 461    9200.00    9220.00  0.000000000000000E+00  0.000000000000000E+00 0
 462    9220.00    9240.00  0.000000000000000E+00  0.000000000000000E+00 0
 463    9240.00    9260.00  0.000000000000000E+00  0.000000000000000E+00 0
 464    9260.00    9280.00  0.000000000000000E+00  0.000000000000000E+00 0
 465    9280.00    9300.00  0.000000000000000E+00  0.000000000000000E+00 0
 466    9300.00    9320.00  0.000000000000000E+00  0.000000000000000E+00 0
 467    9320.00    9340.00  0.000000000000000E+00  0.000000000000000E+00 0
 468    9340.00    9360.00  0.000000000000000E+00  0.000000000000000E+00 0
 469    9360.00    9380.00  0.000000000000000E+00  0.000000000000000E+00 0
 470    9380.00    9400.00  0.000000000000000E+00  0.000000000000000E+00 0
 471    9400.00    9420.00  0.000000000000000E+00  0.000000000000000E+00 0
 472    9420.00    9440.00  0.000000000000000E+00  0.000000000000000E+00 0
 473    9440.00    9460.00  0.000000000000000E+00  0.000000000000000E+00 0
 474    9460.00    9480.00  0.000000000000000E+00  0.000000000000000E+00 0
 475    9480.00    9500.00  0.000000000000000E+00  0.000000000000000E+00 0
 476    9500.00    9520.00  0.000000000000000E+00  0.000000000000000E+00 0
 477    9520.00    9540.00  0.000000000000000E+00  0.000000000000000E+00 0
 478    9540.00    9560.00  0.000000000000000E+00  0.000000000000000E+00 0
 479    9560.00    9580.00  0.000000000000000E+00  0.000000000000000E+00 0
 480    9580.00    9600.00  0.000000000000000E+00  0.000000000000000E+00 0
 481    9600.00    9620.00  0.000000000000000E+00  0.000000000000000E+00 0
 482    9620.00    9640.00  0.000000000000000E+00  0.000000000000000E+00 0
 483    9640.00    9660.00  0.000000000000000E+00  0.000000000000000E+00 0
 484    9660.00    9680.00  0.000000000000000E+00  0.000000000000000E+00 0
 485    9680.00    9700.00  0.000000000000000E+00  0.000000000000000E+00 0
 486    9700.00    9720.00  0.000000000000000E+00  0.000000000000000E+00 0
 487    9720.00    9740.00  0.000000000000000E+00  0.000000000000000E+00 0
 488    9740.00    9760.00  0.000000000000000E+00  0.000000000000000E+00 0
 489    9760.00    9780.00  0.000000000000000E+00  0.000000000000000E+00 0
 490    9780.00    9800.00  0.000000000000000E+00  0.000000000000000E+00 0
 491    9800.00    9820.00  0.000000000000000E+00  0.000000000000000E+00 0
 492    9820.00    9840.00  0.000000000000000E+00  0.000000000000000E+00 0
 493    9840.00    9860.00  0.000000000000000E+00  0.000000000000000E+00 0
 494    9860.00    9880.00  0.000000000000000E+00  0.000000000000000E+00 0
 495    9880.00    9900.00  0.000000000000000E+00  0.000000000000000E+00 0
 496    9900.00    9920.00  0.000000000000000E+00  0.000000000000000E+00 0
 497    9920.00    9940.00  0.000000000000000E+00  0.000000000000000E+00 0
 498    9940.00    9960.00  0.000000000000000E+00  0.000000000000000E+00 0
 499    9960.00    9980.00  0.000000000000000E+00  0.000000000000000E+00 0
 500    9980.00   10000.00  0.000000000000000E+00  0.000000000000000E+00 0
 501   10000.00   10020.00  0.000000000000000E+00  0.000000000000000E+00 0
 502   10020.00   10040.00  0.000000000000000E+00  0.000000000000000E+00 0
 503   10040.00   10060.00  0.000000000000000E+00  0.000000000000000E+00 0
 504   10060.00   10080.00  0.000000000000000E+00  0.000000000000000E+00 0
 505   10080.00   10100.00  0.000000000000000E+00  0.000000000000000E+00 0
 506   10100.00   10120.00  0.000000000000000E+00  0.000000000000000E+00 0
 507   10120.00   10140.00  0.000000000000000E+00  0.000000000000000E+00 0
 508   10140.00   10160.00  0.000000000000000E+00  0.000000000000000E+00 0
 509   10160.00   10180.00  0.000000000000000E+00  0.000000000000000E+00 0
 510   10180.00   10200.00  0.000000000000000E+00  0.000000000000000E+00 0
 511   10200.00   10220.00  0.000000000000000E+00  0.000000000000000E+00 0
 512   10220.00   10240.00  0.000000000000000E+00  0.000000000000000E+00 0
 513   10240.00   10260.00  0.000000000000000E+00  0.000000000000000E+00 0
 514   10260.00   10280.00  0.000000000000000E+00  0.000000000000000E+00 0
 515   10280.00   10300.00  0.000000000000000E+00  0.000000000000000E+00 0
 516   10300.00   10320.00  0.000000000000000E+00  0.000000000000000E+00 0
 517   10320.00   10340.00  0.000000000000000E+00  0.000000000000000E+00 0
 518   10340.00   10360.00  0.000000000000000E+00  0.000000000000000E+00 0
 519   10360.00   10380.00  0.000000000000000E+00  0.000000000000000E+00 0
 520   10380.00   10400.00  0.000000000000000E+00  0.000000000000000E+00 0
 521   10400.00   10420.00  0.000000000000000E+00  0.000000000000000E+00 0
 522   10420.00   10440.00  0.000000000000000E+00  0.000000000000000E+00 0
 523   10440.00   10460.00  0.000000000000000E+00  0.000000000000000E+00 0
 524   10460.00   10480.00  0.000000000000000E+00  0.000000000000000E+00 0
 525   10480.00   10500.00  0.000000000000000E+00  0.000000000000000E+00 0
 526   10500.00   10520.00  0.000000000000000E+00  0.000000000000000E+00 0
 527   10520.00   10540.00  0.000000000000000E+00  0.000000000000000E+00 0
 528   10540.00   10560.00  0.000000000000000E+00  0.000000000000000E+00 0
 529   10560.00   10580.00  0.000000000000000E+00  0.000000000000000E+00 0
 530   10580.00   10600.00  0.000000000000000E+00  0.000000000000000E+00 0
 531   10600.00   10620.00  0.000000000000000E+00  0.000000000000000E+00 0
 532   10620.00   10640.00  0.000000000000000E+00  0.000000000000000E+00 0
 533   10640.00   10660.00  0.000000000000000E+00  0.000000000000000E+00 0
 534   10660.00   10680.00  0.000000000000000E+00  0.000000000000000E+00 0
 535   10680.00   10700.00  0.000000000000000E+00  0.000000000000000E+00 0
 536   10700.00   10720.00  0.000000000000000E+00  0.000000000000000E+00 0
 537   10720.00   10740.00  0.000000000000000E+00  0.000000000000000E+00 0
 538   10740.00   10760.00  0.000000000000000E+00  0.000000000000000E+00 0
 539   10760.00   10780.00  0.000000000000000E+00  0.000000000000000E+00 0
 540   10780.00   10800.00  0.000000000000000E+00  0.000000000000000E+00 0
 541   10800.00   10820.00  0.000000000000000E+00  0.000000000000000E+00 0
 542   10820.00   10840.00  0.000000000000000E+00  0.000000000000000E+00 0
 543   10840.00   10860.00  0.000000000000000E+00  0.000000000000000E+00 0
 544   10860.00   10880.00  0.000000000000000E+00  0.000000000000000E+00 0
 545   10880.00   10900.00  0.000000000000000E+00  0.000000000000000E+00 0
 546   10900.00   10920.00  0.000000000000000E+00  0.000000000000000E+00 0
 547   10920.00   10940.00  0.000000000000000E+00  0.000000000000000E+00 0
 548   10940.00   10960.00  0.000000000000000E+00  0.000000000000000E+00 0
 549   10960.00   10980.00  0.000000000000000E+00  0.000000000000000E+00 0
 550   10980.00   11000.00  0.000000000000000E+00  0.000000000000000E+00 0
 551   11000.00   11020.00  0.000000000000000E+00  0.000000000000000E+00 0
 552   11020.00   11040.00  0.000000000000000E+00  0.000000000000000E+00 0
 553   11040.00   11060.00  0.000000000000000E+00  0.000000000000000E+00 0
 554   11060.00   11080.00  0.000000000000000E+00  0.000000000000000E+00 0
 555   11080.00   11100.00  0.000000000000000E+00  0.000000000000000E+00 0
 556   11100.00   11120.00  0.000000000000000E+00  0.000000000000000E+00 0
 557   11120.00   11140.00  0.000000000000000E+00  0.000000000000000E+00 0
 558   11140.00   11160.00  0.000000000000000E+00  0.000000000000000E+00 0
 559   11160.00   11180.00  0.000000000000000E+00  0.000000000000000E+00 0
 560   11180.00   11200.00  0.000000000000000E+00  0.000000000000000E+00 0
 561   11200.00   11220.00  0.000000000000000E+00  0.000000000000000E+00 0
 562   11220.00   11240.00  0.000000000000000E+00  0.000000000000000E+00 0
 563   11240.00   11260.00  0.000000000000000E+00  0.000000000000000E+00 0
 564   11260.00   11280.00  0.000000000000000E+00  0.000000000000000E+00 0
 565   11280.00   11300.00  0.000000000000000E+00  0.000000000000000E+00 0
 566   11300.00   11320.00  0.000000000000000E+00  0.000000000000000E+00 0
 567   11320.00   11340.00  0.000000000000000E+00  0.000000000000000E+00 0
 568   11340.00   11360.00  0.000000000000000E+00  0.000000000000000E+00 0
 569   11360.00   11380.00  0.000000000000000E+00  0.000000000000000E+00 0
 570   11380.00   11400.00  0.000000000000000E+00  0.000000000000000E+00 0
 571   11400.00   11420.00  0.000000000000000E+00  0.000000000000000E+00 0
 572   11420.00   11440.00  0.000000000000000E+00  0.000000000000000E+00 0
 573   11440.00   11460.00  0.000000000000000E+00  0.000000000000000E+00 0
 574   11460.00   11480.00  0.000000000000000E+00  0.000000000000000E+00 0
 575   11480.00   11500.00  0.000000000000000E+00  0.000000000000000E+00 0
 576   11500.00   11520.00  0.000000000000000E+00  0.000000000000000E+00 0
 577   11520.00   11540.00  0.000000000000000E+00  0.000000000000000E+00 0
 578   11540.00   11560.00  0.000000000000000E+00  0.000000000000000E+00 0
 579   11560.00   11580.00  0.000000000000000E+00  0.000000000000000E+00 0
 580   11580.00   11600.00  0.000000000000000E+00  0.000000000000000E+00 0
 581   11600.00   11620.00  0.000000000000000E+00  0.000000000000000E+00 0
 582   11620.00   11640.00  0.000000000000000E+00  0.000000000000000E+00 0
 583   11640.00   11660.00  0.000000000000000E+00  0.000000000000000E+00 0
 584   11660.00   11680.00  0.000000000000000E+00  0.000000000000000E+00 0
 585   11680.00   11700.00  0.000000000000000E+00  0.000000000000000E+00 0
 586   11700.00   11720.00  0.000000000000000E+00  0.000000000000000E+00 0
 587   11720.00   11740.00  0.000000000000000E+00  0.000000000000000E+00 0
 588   11740.00   11760.00  0.000000000000000E+00  0.000000000000000E+00 0
 589   11760.00   11780.00  0.000000000000000E+00  0.000000000000000E+00 0
 590   11780.00   11800.00  0.000000000000000E+00  0.000000000000000E+00 0
 591   11800.00   11820.00  0.000000000000000E+00  0.000000000000000E+00 0
 592   11820.00   11840.00  0.000000000000000E+00  0.000000000000000E+00 0
 593   11840.00   11860.00  0.000000000000000E+00  0.000000000000000E+00 0
 594   11860.00   11880.00  0.000000000000000E+00  0.000000000000000E+00 0
 595   11880.00   11900.00  0.000000000000000E+00  0.000000000000000E+00 0
 596   11900.00   11920.00  0.000000000000000E+00  0.000000000000000E+00 0
 597   11920.00   11940.00  0.000000000000000E+00  0.000000000000000E+00 0
 598   11940.00   11960.00  0.000000000000000E+00  0.000000000000000E+00 0
 599   11960.00   11980.00  0.000000000000000E+00  0.000000000000000E+00 0
 600   11980.00   12000.00  0.000000000000000E+00  0.000000000000000E+00 0
 601   12000.00   12020.00  0.000000000000000E+00  0.000000000000000E+00 0
 602   12020.00   12040.00  0.000000000000000E+00  0.000000000000000E+00 0
 603   12040.00   12060.00  0.000000000000000E+00  0.000000000000000E+00 0
 604   12060.00   12080.00  0.000000000000000E+00  0.000000000000000E+00 0
 605   12080.00   12100.00  0.000000000000000E+00  0.000000000000000E+00 0
 606   12100.00   12120.00  0.000000000000000E+00  0.000000000000000E+00 0
 607   12120.00   12140.00  0.000000000000000E+00  0.000000000000000E+00 0
 608   12140.00   12160.00  0.000000000000000E+00  0.000000000000000E+00 0
 609   12160.00   12180.00  0.000000000000000E+00  0.000000000000000E+00 0
 610   12180.00   12200.00  0.000000000000000E+00  0.000000000000000E+00 0
 611   12200.00   12220.00  0.000000000000000E+00  0.000000000000000E+00 0
 612   12220.00   12240.00  0.000000000000000E+00  0.000000000000000E+00 0
 613   12240.00   12260.00  0.000000000000000E+00  0.000000000000000E+00 0
 614   12260.00   12280.00  0.000000000000000E+00  0.000000000000000E+00 0
 615   12280.00   12300.00  0.000000000000000E+00  0.000000000000000E+00 0
 616   12300.00   12320.00  0.000000000000000E+00  0.000000000000000E+00 0
 617   12320.00   12340.00  0.000000000000000E+00  0.000000000000000E+00 0
 618   12340.00   12360.00  0.000000000000000E+00  0.000000000000000E+00 0
 619   12360.00   12380.00  0.000000000000000E+00  0.000000000000000E+00 0
 620   12380.00   12400.00  0.000000000000000E+00  0.000000000000000E+00 0
 621   12400.00   12420.00  0.000000000000000E+00  0.000000000000000E+00 0
 622   12420.00   12440.00  0.000000000000000E+00  0.000000000000000E+00 0
 623   12440.00   12460.00  0.000000000000000E+00  0.000000000000000E+00 0
 624   12460.00   12480.00  0.000000000000000E+00  0.000000000000000E+00 0
 625   12480.00   12500.00  0.000000000000000E+00  0.000000000000000E+00 0
 626   12500.00   12520.00  0.000000000000000E+00  0.000000000000000E+00 0
 627   12520.00   12540.00  0.000000000000000E+00  0.000000000000000E+00 0
 628   12540.00   12560.00  0.000000000000000E+00  0.000000000000000E+00 0
 629   12560.00   12580.00  0.000000000000000E+00  0.000000000000000E+00 0
 630   12580.00   12600.00  0.000000000000000E+00  0.000000000000000E+00 0
 631   12600.00   12620.00  0.000000000000000E+00  0.000000000000000E+00 0
 632   12620.00   12640.00  0.000000000000000E+00  0.000000000000000E+00 0
 633   12640.00   12660.00  0.000000000000000E+00  0.000000000000000E+00 0
 634   12660.00   12680.00  0.000000000000000E+00  0.000000000000000E+00 0
 635   12680.00   12700.00  0.000000000000000E+00  0.000000000000000E+00 0
 636   12700.00   12720.00  0.000000000000000E+00  0.000000000000000E+00 0
 637   12720.00   12740.00  0.000000000000000E+00  0.000000000000000E+00 0
 638   12740.00   12760.00  0.000000000000000E+00  0.000000000000000E+00 0
 639   12760.00   12780.00  0.000000000000000E+00  0.000000000000000E+00 0
 640   12780.00   12800.00  0.000000000000000E+00  0.000000000000000E+00 0
 641   12800.00   12820.00  0.000000000000000E+00  0.000000000000000E+00 0
 642   12820.00   12840.00  0.000000000000000E+00  0.000000000000000E+00 0
 643   12840.00   12860.00  0.000000000000000E+00  0.000000000000000E+00 0
 644   12860.00   12880.00  0.000000000000000E+00  0.000000000000000E+00 0
 645   12880.00   12900.00  0.000000000000000E+00  0.000000000000000E+00 0
 646   12900.00   12920.00  0.000000000000000E+00  0.000000000000000E+00 0
 647   12920.00   12940.00  0.000000000000000E+00  0.000000000000000E+00 0
 648   12940.00   12960.00  0.000000000000000E+00  0.000000000000000E+00 0
 649   12960.00   12980.00  0.000000000000000E+00  0.000000000000000E+00 0
 650   12980.00   13000.00  0.000000000000000E+00  0.000000000000000E+00 0
# Underflow:                 0.0000000000000000E+00  0.0000000000000000E+00 0
# Overflow:                  0.0000000000000000E+00  0.0000000000000000E+00 0
#-------------------------------------------------------------------------------------
# Sum:                       1.0470396855789708E+00  2.3191713483830360E-04 237479000
#=====================================================================================
# Number of generated events: 2722077414
