# title = Transverse Momentum Jet Pair
# xlabel = $p_{\text{T},\text{j}_1\text{j}_2}\,$[GeV]
# ylabel = $\frac{\text{d}\sigma}{\text{d}p_{\text{T},\text{j}_1\text{j}_2}}\,\left[\frac{\text{fb}}{\text{GeV}}\right]$
# xmin=  0.000E+00
# xmax=  8.000E+02
# ymin=  1.000E-06
# ymax=  1.000E-02
# kmin= -5.000E+01
# kmax=  1.000E+01
# logscale = true
# Renormalization and factorization scale scaled by: 1.0000000000
# Renormalization scaled by: 1.0000000000
#
#
#=====================================================================================
# No.       Left      Right                   Value                   Error Hits
#-------------------------------------------------------------------------------------
   1       0.00      20.00  1.010852718290054E-03  3.419099270164275E-05 15760819
   2      20.00      40.00  2.647325963982075E-03  6.115136465615676E-05 30407755
   3      40.00      60.00  3.954405865154284E-03  7.995876012719899E-05 36891684
   4      60.00      80.00  4.646375893462635E-03  8.321745577446282E-05 40529234
   5      80.00     100.00  4.845849622935173E-03  8.513178046782339E-05 42490286
   6     100.00     120.00  4.653753417352803E-03  7.844817983205282E-05 43114641
   7     120.00     140.00  4.481392518326242E-03  7.407471141598138E-05 42639672
   8     140.00     160.00  3.876197768592599E-03  7.958015509203128E-05 41372834
   9     160.00     180.00  3.293775057274099E-03  6.712518595332996E-05 39557956
  10     180.00     200.00  2.947161328187269E-03  5.714509158145796E-05 37403528
  11     200.00     220.00  2.520954120648838E-03  6.996613763197681E-05 35126930
  12     220.00     240.00  2.088406584050209E-03  6.879507220040162E-05 32779395
  13     240.00     260.00  1.870132654274995E-03  4.577874835137161E-05 30502465
  14     260.00     280.00  1.419931811349397E-03  3.810707648529987E-05 28316349
  15     280.00     300.00  1.309000806110421E-03  3.531604677169901E-05 26230300
  16     300.00     320.00  1.063195084904480E-03  3.383719912001378E-05 24278563
  17     320.00     340.00  9.139381862481854E-04  3.250109859785837E-05 22437565
  18     340.00     360.00  7.370325115299668E-04  2.963210961254381E-05 20725807
  19     360.00     380.00  6.077615043302722E-04  2.768625698254591E-05 19171872
  20     380.00     400.00  5.096611479214205E-04  2.282026370803055E-05 17737442
  21     400.00     420.00  4.419733456926643E-04  1.968292497572755E-05 16438348
  22     420.00     440.00  3.727884176196489E-04  1.850373777991969E-05 15254712
  23     440.00     460.00  2.956284862484460E-04  1.763461929180683E-05 14179822
  24     460.00     480.00  2.580912141900534E-04  1.517644343985437E-05 13189074
  25     480.00     500.00  2.146385597751117E-04  1.279077254443681E-05 12286042
  26     500.00     520.00  1.659799322593351E-04  1.299328442301268E-05 11467385
  27     520.00     540.00  1.534843662044267E-04  1.211784131526235E-05 10705412
  28     540.00     560.00  1.411989842817938E-04  9.586643121285259E-06 10017303
  29     560.00     580.00  1.076023382477290E-04  1.027459959790254E-05 9379559
  30     580.00     600.00  9.574004610275695E-05  9.261043848625119E-06 8788231
  31     600.00     620.00  7.699751109794157E-05  7.537152939243524E-06 8242421
  32     620.00     640.00  6.908025946012150E-05  8.721019714175278E-06 7738503
  33     640.00     660.00  4.779645909676740E-05  7.469001727875946E-06 7273238
  34     660.00     680.00  5.339059292313994E-05  6.187938837641290E-06 6840426
  35     680.00     700.00  4.959094856170328E-05  5.355299552160259E-06 6445047
  36     700.00     720.00  3.590611600489487E-05  4.865193756790641E-06 6076308
  37     720.00     740.00  3.698300327935989E-05  4.418054300127550E-06 5732432
  38     740.00     760.00  3.158720939745485E-05  3.819103541413445E-06 5408821
  39     760.00     780.00  2.442042734917315E-05  4.005959327539019E-06 5114370
  40     780.00     800.00  2.122621897281134E-05  3.549905238210083E-06 4835293
  41     800.00     820.00  2.002000054366098E-05  3.784221253974586E-06 4574326
  42     820.00     840.00  1.478573556338516E-05  3.065363612035025E-06 4329709
  43     840.00     860.00  1.301636466586543E-05  2.565541617949987E-06 4103028
  44     860.00     880.00  1.137055127505468E-05  2.466659242044929E-06 3888152
  45     880.00     900.00  1.358934974411785E-05  2.118662759004751E-06 3688509
  46     900.00     920.00  8.164124041801014E-06  3.057380676670881E-06 3498543
  47     920.00     940.00  9.903088847021349E-06  1.819880481209994E-06 3323193
  48     940.00     960.00  7.493119077234477E-06  1.497596708025284E-06 3162032
  49     960.00     980.00  6.433794232518181E-06  1.798728803621999E-06 3003943
  50     980.00    1000.00  5.676189651756738E-06  1.853215083057096E-06 2861058
  51    1000.00    1020.00  4.934936446533600E-06  1.721918256848977E-06 2717352
  52    1020.00    1040.00  3.872541282090861E-06  2.120725228248272E-06 2586144
  53    1040.00    1060.00  3.444236361593487E-06  1.173433211565802E-06 2464405
  54    1060.00    1080.00  4.190360285229720E-06  1.159414863246360E-06 2345905
  55    1080.00    1100.00  2.623074773405004E-06  1.062089056406222E-06 2240102
  56    1100.00    1120.00  3.472500125570810E-06  1.034481000842460E-06 2134287
  57    1120.00    1140.00  3.829921430273872E-06  7.409004682495247E-07 2037125
  58    1140.00    1160.00  2.055255107873650E-06  6.761400601493243E-07 1943660
  59    1160.00    1180.00  2.531109613261312E-06  6.338527382043393E-07 1857836
  60    1180.00    1200.00  1.387699312441436E-06  8.363242825382791E-07 1770039
  61    1200.00    1220.00  2.015492686939351E-06  9.414517334859100E-07 1693884
  62    1220.00    1240.00  1.312794890894842E-06  4.874661009684429E-07 1619198
  63    1240.00    1260.00  7.196872631878582E-07  8.493940164676498E-07 1546519
  64    1260.00    1280.00  9.705629391390521E-07  5.663130395476126E-07 1480971
  65    1280.00    1300.00  1.083446986118238E-06  4.134314690226431E-07 1417761
  66    1300.00    1320.00  5.170942246914704E-07  3.517985999270776E-07 1355998
  67    1320.00    1340.00  1.272756244722844E-06  3.491971137268300E-07 1299420
  68    1340.00    1360.00  1.049455746550937E-06  2.655136447493912E-07 1243261
  69    1360.00    1380.00  9.857462262696672E-07  3.138233567871926E-07 1191681
  70    1380.00    1400.00  5.610683294076271E-07  2.646174658308281E-07 1140096
  71    1400.00    1420.00  5.453840239722880E-07  3.213905929534244E-07 1094328
  72    1420.00    1440.00  6.093668107771215E-07  2.311037862443797E-07 1048302
  73    1440.00    1460.00 -1.747544080075999E-07  4.235485930675862E-07 1005317
  74    1460.00    1480.00  5.380632585941019E-07  2.887269348968638E-07 966003
  75    1480.00    1500.00  1.752514060899247E-07  2.863065171902990E-07 924655
  76    1500.00    1520.00  2.321409250969110E-07  2.143222229832275E-07 888196
  77    1520.00    1540.00  3.074177904393970E-07  1.619973125057913E-07 850466
  78    1540.00    1560.00  7.697109570478775E-08  2.392383880534532E-07 818378
  79    1560.00    1580.00  2.724754287036594E-08  1.684427778719182E-07 784530
  80    1580.00    1600.00  2.753167458142893E-07  1.750493449433648E-07 753029
  81    1600.00    1620.00  4.215116265686819E-07  1.269956002423617E-07 725098
  82    1620.00    1640.00  2.093839755127221E-07  1.011737312342588E-07 695723
  83    1640.00    1660.00  1.554323202074652E-07  2.556107040859852E-07 668305
  84    1660.00    1680.00 -8.240592896645980E-08  1.943746479345770E-07 643639
  85    1680.00    1700.00 -5.139418182338977E-08  1.378225866114560E-07 617479
  86    1700.00    1720.00  9.735187877883851E-08  7.533097332486629E-08 594959
  87    1720.00    1740.00  5.601650193049775E-08  7.088546784591070E-08 570508
  88    1740.00    1760.00  1.347608266903262E-08  1.048481940412594E-07 549743
  89    1760.00    1780.00  5.496088265451376E-08  7.896502024077749E-08 528251
  90    1780.00    1800.00  1.718836595913757E-07  4.331442036220217E-08 507060
  91    1800.00    1820.00 -6.246445457465663E-08  1.319366885573298E-07 489653
  92    1820.00    1840.00 -1.033241140282905E-07  6.677155924279090E-08 469638
  93    1840.00    1860.00  1.410624739287299E-07  3.136904768976495E-08 453188
  94    1860.00    1880.00  5.148862488294004E-08  6.554914955416580E-08 435229
  95    1880.00    1900.00  2.447978385957381E-08  5.668683636045397E-08 419057
  96    1900.00    1920.00  8.230425161713107E-08  4.813112617100678E-08 403028
  97    1920.00    1940.00  2.169874824208679E-08  4.533947334953189E-08 389181
  98    1940.00    1960.00 -4.051063953411121E-08  8.585918525882549E-08 375469
  99    1960.00    1980.00  6.083739852002486E-08  2.467016916356606E-08 360174
 100    1980.00    2000.00  6.466304671138310E-09  5.412991278605119E-08 346278
 101    2000.00    2020.00  1.066545375969139E-08  2.491670289946555E-08 334434
 102    2020.00    2040.00  4.526103406262517E-08  2.141105594237900E-08 321931
 103    2040.00    2060.00  1.398300790657865E-08  2.131252554439832E-08 309697
 104    2060.00    2080.00  5.013884319922588E-08  1.547924427110565E-08 299093
 105    2080.00    2100.00  7.916411412862260E-08  3.338182998097741E-08 288249
 106    2100.00    2120.00 -5.943156100836153E-08  4.121033646277321E-08 277847
 107    2120.00    2140.00  3.069658020944511E-08  2.052482861639153E-08 267815
 108    2140.00    2160.00  2.986667407245076E-08  1.603546626958952E-08 257449
 109    2160.00    2180.00 -9.068211196058405E-09  1.645512388128034E-08 248110
 110    2180.00    2200.00  4.460564039937553E-08  1.598785631140521E-08 239295
 111    2200.00    2220.00  3.168222099204708E-08  1.542620438252835E-08 230587
 112    2220.00    2240.00 -5.618150915236165E-09  1.412294195033041E-08 222345
 113    2240.00    2260.00  1.194214909458602E-08  1.663980405367053E-08 213836
 114    2260.00    2280.00  1.351140223780306E-08  1.230822324354220E-08 207011
 115    2280.00    2300.00  9.427134052622442E-09  1.012943274228863E-08 199194
 116    2300.00    2320.00  1.705227414699942E-08  7.491607489030173E-09 192470
 117    2320.00    2340.00  6.106784895021548E-09  1.081447386710088E-08 186969
 118    2340.00    2360.00 -8.462355969609527E-09  9.511801955566719E-09 179070
 119    2360.00    2380.00  1.851008336935874E-08  9.578911033468256E-09 172647
 120    2380.00    2400.00 -4.440632419019199E-08  5.004279316274668E-08 166375
 121    2400.00    2420.00  1.866120089199025E-08  6.418135722618635E-09 160480
 122    2420.00    2440.00 -9.359855432303744E-10  6.026916723405245E-09 155334
 123    2440.00    2460.00  6.627427121600149E-09  5.155922800310718E-09 149393
 124    2460.00    2480.00  3.691958343794182E-09  5.372010404444565E-09 144756
 125    2480.00    2500.00  5.279525642292951E-09  2.448999561998289E-09 138790
 126    2500.00    2520.00  3.736435562940758E-09  2.676068850888226E-09 133775
 127    2520.00    2540.00 -9.121122284251412E-10  6.877687589100659E-09 130050
 128    2540.00    2560.00  8.340493725801706E-09  4.546584114344218E-09 124530
 129    2560.00    2580.00  5.978211359475888E-09  2.588035459623912E-09 120779
 130    2580.00    2600.00  2.444181331823607E-09  2.316069014781162E-09 116296
 131    2600.00    2620.00  2.589179738453222E-11  2.339158407153451E-09 112302
 132    2620.00    2640.00  4.357186746716997E-09  2.884914759414672E-09 108070
 133    2640.00    2660.00  4.268497799397677E-09  2.363317681061275E-09 104506
 134    2660.00    2680.00  1.802376157317825E-09  1.540105803756143E-09 100170
 135    2680.00    2700.00  4.081498340244475E-09  2.393006312755548E-09 97147
 136    2700.00    2720.00  1.338010079543060E-09  2.436857976154606E-09 93715
 137    2720.00    2740.00  2.397645916890098E-09  1.331023575302805E-09 90612
 138    2740.00    2760.00  1.886836598391201E-09  1.069578199555168E-09 87191
 139    2760.00    2780.00  1.514344244871846E-10  1.510514579245817E-09 84465
 140    2780.00    2800.00  1.754915172119537E-09  1.720326299436460E-09 81466
 141    2800.00    2820.00  2.538878090321277E-09  8.486334421641087E-10 78567
 142    2820.00    2840.00 -9.828605479488682E-10  1.258164465731774E-09 75883
 143    2840.00    2860.00 -1.302812284382878E-09  2.468660780748543E-09 72951
 144    2860.00    2880.00  1.477372165349431E-09  5.878652081805522E-10 70597
 145    2880.00    2900.00  9.215103939482142E-10  6.793785513818857E-10 67740
 146    2900.00    2920.00  1.048436663898218E-09  5.572768696331709E-10 65659
 147    2920.00    2940.00  8.247794120631302E-10  8.138075360776426E-10 63400
 148    2940.00    2960.00  7.623596687893445E-10  4.744241033965119E-10 61159
 149    2960.00    2980.00  1.151952716398576E-09  5.775337308488813E-10 59121
 150    2980.00    3000.00  2.833331099650440E-10  6.371409173812392E-10 56546
 151    3000.00    3020.00 -2.162564633219420E-09  2.138205016095260E-09 54785
 152    3020.00    3040.00  5.854556411334343E-10  1.038645389102736E-09 52846
 153    3040.00    3060.00  1.498320283327105E-09  8.483836973471006E-10 50958
 154    3060.00    3080.00  2.056135365260041E-09  1.424652186032291E-09 49503
 155    3080.00    3100.00  2.909088362504678E-10  3.478205890535340E-10 47525
 156    3100.00    3120.00  4.227062143281589E-10  1.954006756764317E-10 45739
 157    3120.00    3140.00  6.285792150184403E-10  3.019500788698598E-10 43444
 158    3140.00    3160.00  5.349234340841592E-10  2.450110863766571E-10 42504
 159    3160.00    3180.00  2.876247657720522E-10  3.201176643014005E-10 41323
 160    3180.00    3200.00  2.189998254322087E-10  1.869660908729138E-10 39764
 161    3200.00    3220.00 -3.010504928733572E-10  2.963931077756594E-10 38384
 162    3220.00    3240.00  5.318990080802108E-10  1.080452914777195E-10 36994
 163    3240.00    3260.00  8.117507666386038E-11  1.074870551853268E-10 35452
 164    3260.00    3280.00  1.757039527592707E-10  1.058518568233587E-10 34633
 165    3280.00    3300.00 -1.573070505452842E-10  2.828194057403973E-10 33026
 166    3300.00    3320.00  2.278542365327989E-10  3.065084639820537E-10 31584
 167    3320.00    3340.00  2.514410115351433E-10  1.176559492109752E-10 30828
 168    3340.00    3360.00  2.674389504072216E-10  8.570930962940539E-11 29842
 169    3360.00    3380.00 -4.862239989553134E-10  4.034216491998803E-10 28566
 170    3380.00    3400.00  9.685638863049607E-11  5.738856092669982E-11 27479
 171    3400.00    3420.00 -6.944242357637492E-11  2.344225684831431E-10 26304
 172    3420.00    3440.00  8.876410846694155E-11  8.369156269236873E-11 25372
 173    3440.00    3460.00  9.214894564387220E-11  3.542841304852361E-11 24967
 174    3460.00    3480.00  5.321463134184677E-11  2.607072148227760E-11 23783
 175    3480.00    3500.00  5.076574396378625E-11  4.107184397145050E-11 22685
 176    3500.00    3520.00  3.497459592513515E-11  3.503511156730325E-11 21752
 177    3520.00    3540.00  5.409751653674338E-11  2.107642980807786E-11 21287
 178    3540.00    3560.00  6.019703743722936E-11  3.054550894281263E-11 20366
 179    3560.00    3580.00 -2.952386646903954E-11  4.706140628902959E-11 19910
 180    3580.00    3600.00 -1.169955342732579E-11  5.255407273297950E-11 19112
 181    3600.00    3620.00  1.906803344159673E-11  1.855525856355616E-11 18613
 182    3620.00    3640.00  3.422041595846435E-11  2.295263312579339E-11 17781
 183    3640.00    3660.00  3.717100287698952E-11  3.965451727767474E-11 17172
 184    3660.00    3680.00 -9.854945502053615E-11  1.284341758971684E-10 16326
 185    3680.00    3700.00  4.019792472883147E-11  1.167097844297844E-11 15747
 186    3700.00    3720.00  4.766074114748377E-11  4.008527412511893E-11 15393
 187    3720.00    3740.00  2.946189076851117E-11  5.266918189790813E-11 14737
 188    3740.00    3760.00 -5.487499175743200E-11  4.580886808174313E-11 13993
 189    3760.00    3780.00 -2.620057181094959E-11  3.894987161519216E-11 13670
 190    3780.00    3800.00  1.950687396403268E-11  1.690632797798909E-11 13032
 191    3800.00    3820.00 -1.957891157062551E-11  2.227675962426415E-11 12591
 192    3820.00    3840.00  4.412350759616243E-12  1.025071988834947E-11 12146
 193    3840.00    3860.00  1.939069508635137E-11  9.222082655979805E-12 11705
 194    3860.00    3880.00  2.576470904573505E-12  4.434483899380546E-12 11268
 195    3880.00    3900.00  1.182864875428190E-11  2.687989424834473E-12 10716
 196    3900.00    3920.00  2.740083309059096E-12  6.165064677548617E-12 10437
 197    3920.00    3940.00  5.680300556059145E-12  6.415925221615917E-12 10083
 198    3940.00    3960.00  9.575173973249024E-12  5.573691123466312E-12 9644
 199    3960.00    3980.00 -7.782263252891774E-12  1.635631186069623E-11 9252
 200    3980.00    4000.00 -1.175438274756617E-10  1.225045690421396E-10 8850
 201    4000.00    4020.00 -1.558922582832606E-11  1.487580679565900E-11 8502
 202    4020.00    4040.00  3.925445188304903E-12  5.549818560217277E-12 8000
 203    4040.00    4060.00  3.287409347886119E-12  1.104086825343189E-12 7929
 204    4060.00    4080.00  4.063877794974368E-12  3.880286977815592E-12 7671
 205    4080.00    4100.00  2.576763889738663E-12  3.432213172296444E-12 7210
 206    4100.00    4120.00  1.605145993882636E-12  9.080812908094529E-13 7057
 207    4120.00    4140.00  1.179164457281292E-12  2.298333361461795E-12 6719
 208    4140.00    4160.00 -8.645811794862726E-16  2.435754620875963E-12 6377
 209    4160.00    4180.00  9.030979044627501E-13  2.424382997942839E-12 6206
 210    4180.00    4200.00  2.710663349859854E-13  8.304186519942381E-13 6098
 211    4200.00    4220.00  2.913827247066516E-13  5.488602194390749E-13 5684
 212    4220.00    4240.00  8.987600471476785E-13  4.259095493550619E-13 5522
 213    4240.00    4260.00  5.838286218577326E-13  1.910713852613695E-13 5147
 214    4260.00    4280.00 -5.165000947581889E-13  1.131135151345969E-12 5023
 215    4280.00    4300.00  6.371037366971026E-13  2.675489586575679E-13 4850
 216    4300.00    4320.00  1.572014614712985E-12  9.622529688230510E-13 4687
 217    4320.00    4340.00 -4.323668098395856E-13  9.289732279387537E-13 4477
 218    4340.00    4360.00  4.628914864308110E-13  3.191663159721920E-13 4386
 219    4360.00    4380.00  2.909527203660138E-13  1.820214553794078E-13 4066
 220    4380.00    4400.00  6.545752922652107E-13  4.291645873934172E-13 3786
 221    4400.00    4420.00  1.671013195413806E-13  2.608840319095385E-13 3739
 222    4420.00    4440.00  4.427867311533769E-13  2.242232706633063E-13 3666
 223    4440.00    4460.00 -7.720049761870184E-13  8.551748331136972E-13 3403
 224    4460.00    4480.00  1.363670188247468E-13  9.449733246490923E-14 3275
 225    4480.00    4500.00  1.250764253751172E-13  1.057395365584154E-13 3125
 226    4500.00    4520.00 -2.765716088860818E-14  1.253314616131784E-13 2982
 227    4520.00    4540.00  2.123402544222325E-13  1.094976738026222E-13 3062
 228    4540.00    4560.00  5.180579363951567E-14  1.804942418035071E-13 2687
 229    4560.00    4580.00  7.643543608534487E-13  5.114494466364284E-13 2632
 230    4580.00    4600.00  5.867088771977340E-14  4.729357176726237E-14 2496
 231    4600.00    4620.00 -7.465396777306221E-14  1.339313791606881E-13 2286
 232    4620.00    4640.00  1.083774889912146E-13  5.265930349621305E-14 2241
 233    4640.00    4660.00  9.272683858782874E-14  4.362544659926202E-14 2151
 234    4660.00    4680.00  6.129430575143233E-14  2.689509785133752E-13 2033
 235    4680.00    4700.00  4.766257807043357E-13  3.172424967173414E-13 1949
 236    4700.00    4720.00  1.007642430623404E-14  7.314449552866235E-14 1857
 237    4720.00    4740.00  4.216767756633468E-14  2.088933860083905E-14 1730
 238    4740.00    4760.00  8.690043028058221E-15  7.069694816779414E-15 1692
 239    4760.00    4780.00  2.256469462496040E-14  6.816943941940449E-15 1650
 240    4780.00    4800.00  9.345723203493814E-15  2.299357839192167E-15 1510
 241    4800.00    4820.00  4.558556004926380E-17  6.167626646667513E-15 1439
 242    4820.00    4840.00  7.061086206668024E-15  7.700785801412561E-15 1361
 243    4840.00    4860.00  1.362364831726417E-14  6.898331324045854E-15 1294
 244    4860.00    4880.00  1.120808200850287E-14  3.448760033435483E-15 1236
 245    4880.00    4900.00  1.024385997250920E-14  4.346127098472819E-15 1189
 246    4900.00    4920.00 -1.585978700610088E-15  3.507620876738487E-15 1131
 247    4920.00    4940.00  3.519492420842134E-15  3.335717414328256E-15 1000
 248    4940.00    4960.00  1.393920740577714E-15  4.132866314500121E-15 1036
 249    4960.00    4980.00  7.935063315773530E-15  3.971817197475078E-15 941
 250    4980.00    5000.00  4.384912532886478E-15  2.015017426525272E-15 881
 251    5000.00    5020.00  9.712918071987998E-16  2.956744440517469E-16 847
 252    5020.00    5040.00  5.266522853468605E-16  7.301061919937331E-16 766
 253    5040.00    5060.00  6.565864110132368E-15  4.946203914978581E-15 774
 254    5060.00    5080.00  2.331405775860318E-14  1.576177014454442E-14 698
 255    5080.00    5100.00 -3.546100654249499E-16  1.270525648513967E-15 696
 256    5100.00    5120.00  1.807769364928527E-14  1.525649852660200E-14 652
 257    5120.00    5140.00  2.059166165871007E-15  1.762228079236514E-15 587
 258    5140.00    5160.00 -1.047816414217962E-15  1.168318548464713E-15 590
 259    5160.00    5180.00  2.592147827533257E-15  2.237005575917317E-15 499
 260    5180.00    5200.00  9.139560754020077E-16  4.244548939758853E-16 467
 261    5200.00    5220.00  7.143595983048206E-17  1.489809318192744E-16 440
 262    5220.00    5240.00  1.140549214078813E-15  8.831524859500078E-16 421
 263    5240.00    5260.00 -2.964033300550854E-15  2.701077390551636E-15 410
 264    5260.00    5280.00  8.104843691697619E-17  6.229093205559414E-17 367
 265    5280.00    5300.00  2.723223205601643E-16  1.357329393643516E-16 379
 266    5300.00    5320.00  7.839218065245586E-17  3.269787329262695E-17 337
 267    5320.00    5340.00  4.768631755718386E-17  2.030306288463038E-17 282
 268    5340.00    5360.00  2.667100244797805E-17  1.956637363940236E-17 312
 269    5360.00    5380.00  5.552712338091164E-17  2.742713859391829E-17 256
 270    5380.00    5400.00 -3.315534303570307E-16  3.432141763637005E-16 267
 271    5400.00    5420.00  4.669673120488325E-18  2.253870902343389E-18 181
 272    5420.00    5440.00  6.402416745233010E-18  6.224272556977109E-18 216
 273    5440.00    5460.00  7.327144231726841E-19  2.986527204031076E-18 207
 274    5460.00    5480.00  4.577519294381244E-18  3.499570342893279E-18 151
 275    5480.00    5500.00  1.193321362973050E-17  7.535613275683894E-18 150
 276    5500.00    5520.00  1.010784287482126E-18  8.601878303065942E-19 141
 277    5520.00    5540.00  9.863813335082231E-19  8.391364629539502E-19 128
 278    5540.00    5560.00  1.564888238306085E-18  2.142026931490810E-18 118
 279    5560.00    5580.00  4.638762940900647E-20  1.997702208566738E-19 114
 280    5580.00    5600.00  3.570702362037752E-19  1.784864216400758E-19 95
 281    5600.00    5620.00  5.771309810821401E-19  4.663726409726780E-19 94
 282    5620.00    5640.00 -3.655928711797854E-19  2.053311025268208E-18 81
 283    5640.00    5660.00  1.242402283203529E-17  9.079278707456215E-18 75
 284    5660.00    5680.00  1.641892160601298E-18  1.413752017062184E-18 72
 285    5680.00    5700.00 -2.591925457455791E-20  6.424348159748986E-20 63
 286    5700.00    5720.00 -9.759160411887708E-20  7.036049730146130E-20 47
 287    5720.00    5740.00  7.530734864954759E-19  5.550805123391381E-19 46
 288    5740.00    5760.00 -4.469627091697494E-20  2.936867284290078E-20 30
 289    5760.00    5780.00 -1.533950845202424E-20  6.382066866997653E-20 43
 290    5780.00    5800.00  6.016168413030091E-19  6.038339215606009E-19 32
 291    5800.00    5820.00 -6.151795337255470E-22  5.694197996222470E-20 35
 292    5820.00    5840.00  6.799083843539270E-22  1.601518601349511E-20 30
 293    5840.00    5860.00  2.814860749719490E-21  6.932252053191965E-21 22
 294    5860.00    5880.00  6.692634376531906E-21  5.378144018157291E-21 24
 295    5880.00    5900.00 -2.822466099203502E-21  1.486934863822938E-21 18
 296    5900.00    5920.00  5.388467184487513E-22  5.442265422147337E-22 21
 297    5920.00    5940.00 -5.336858820024103E-21  5.118545946755643E-21 8
 298    5940.00    5960.00 -1.840644328084902E-21  2.066800048825499E-21 16
 299    5960.00    5980.00 -2.099194488190457E-22  2.084756287821334E-22 12
 300    5980.00    6000.00 -4.138451228054178E-23  8.002288054982375E-23 11
 301    6000.00    6020.00  0.000000000000000E+00  0.000000000000000E+00 1
 302    6020.00    6040.00  3.015160892042015E-23  2.916614909660470E-23 3
 303    6040.00    6060.00 -2.175610207692921E-23  2.023540424934864E-23 2
 304    6060.00    6080.00  1.285504957436182E-23  9.517271003264511E-24 3
 305    6080.00    6100.00  0.000000000000000E+00  0.000000000000000E+00 0
 306    6100.00    6120.00  1.004894397882739E-23  1.004894397698157E-23 2
 307    6120.00    6140.00  4.365855464519792E-21  4.365860401862722E-21 2
 308    6140.00    6160.00 -4.371198820929924E-21  4.371198814097104E-21 1
 309    6160.00    6180.00  0.000000000000000E+00  0.000000000000000E+00 1
 310    6180.00    6200.00 -4.249211634250103E-26  4.249211627607965E-26 1
 311    6200.00    6220.00  0.000000000000000E+00  0.000000000000000E+00 0
 312    6220.00    6240.00  0.000000000000000E+00  0.000000000000000E+00 0
 313    6240.00    6260.00  0.000000000000000E+00  0.000000000000000E+00 0
 314    6260.00    6280.00  0.000000000000000E+00  0.000000000000000E+00 0
 315    6280.00    6300.00  0.000000000000000E+00  0.000000000000000E+00 0
 316    6300.00    6320.00  0.000000000000000E+00  0.000000000000000E+00 0
 317    6320.00    6340.00  0.000000000000000E+00  0.000000000000000E+00 0
 318    6340.00    6360.00  0.000000000000000E+00  0.000000000000000E+00 0
 319    6360.00    6380.00  0.000000000000000E+00  0.000000000000000E+00 0
 320    6380.00    6400.00  0.000000000000000E+00  0.000000000000000E+00 0
 321    6400.00    6420.00  0.000000000000000E+00  0.000000000000000E+00 0
 322    6420.00    6440.00  0.000000000000000E+00  0.000000000000000E+00 0
 323    6440.00    6460.00  0.000000000000000E+00  0.000000000000000E+00 0
 324    6460.00    6480.00  0.000000000000000E+00  0.000000000000000E+00 0
 325    6480.00    6500.00  0.000000000000000E+00  0.000000000000000E+00 0
 326    6500.00    6520.00  0.000000000000000E+00  0.000000000000000E+00 0
 327    6520.00    6540.00  0.000000000000000E+00  0.000000000000000E+00 0
 328    6540.00    6560.00  0.000000000000000E+00  0.000000000000000E+00 0
 329    6560.00    6580.00  0.000000000000000E+00  0.000000000000000E+00 0
 330    6580.00    6600.00  0.000000000000000E+00  0.000000000000000E+00 0
 331    6600.00    6620.00  0.000000000000000E+00  0.000000000000000E+00 0
 332    6620.00    6640.00  0.000000000000000E+00  0.000000000000000E+00 0
 333    6640.00    6660.00  0.000000000000000E+00  0.000000000000000E+00 0
 334    6660.00    6680.00  0.000000000000000E+00  0.000000000000000E+00 0
 335    6680.00    6700.00  0.000000000000000E+00  0.000000000000000E+00 0
 336    6700.00    6720.00  0.000000000000000E+00  0.000000000000000E+00 0
 337    6720.00    6740.00  0.000000000000000E+00  0.000000000000000E+00 0
 338    6740.00    6760.00  0.000000000000000E+00  0.000000000000000E+00 0
 339    6760.00    6780.00  0.000000000000000E+00  0.000000000000000E+00 0
 340    6780.00    6800.00  0.000000000000000E+00  0.000000000000000E+00 0
 341    6800.00    6820.00  0.000000000000000E+00  0.000000000000000E+00 0
 342    6820.00    6840.00  0.000000000000000E+00  0.000000000000000E+00 0
 343    6840.00    6860.00  0.000000000000000E+00  0.000000000000000E+00 0
 344    6860.00    6880.00  0.000000000000000E+00  0.000000000000000E+00 0
 345    6880.00    6900.00  0.000000000000000E+00  0.000000000000000E+00 0
 346    6900.00    6920.00  0.000000000000000E+00  0.000000000000000E+00 0
 347    6920.00    6940.00  0.000000000000000E+00  0.000000000000000E+00 0
 348    6940.00    6960.00  0.000000000000000E+00  0.000000000000000E+00 0
 349    6960.00    6980.00  0.000000000000000E+00  0.000000000000000E+00 0
 350    6980.00    7000.00  0.000000000000000E+00  0.000000000000000E+00 0
 351    7000.00    7020.00  0.000000000000000E+00  0.000000000000000E+00 0
 352    7020.00    7040.00  0.000000000000000E+00  0.000000000000000E+00 0
 353    7040.00    7060.00  0.000000000000000E+00  0.000000000000000E+00 0
 354    7060.00    7080.00  0.000000000000000E+00  0.000000000000000E+00 0
 355    7080.00    7100.00  0.000000000000000E+00  0.000000000000000E+00 0
 356    7100.00    7120.00  0.000000000000000E+00  0.000000000000000E+00 0
 357    7120.00    7140.00  0.000000000000000E+00  0.000000000000000E+00 0
 358    7140.00    7160.00  0.000000000000000E+00  0.000000000000000E+00 0
 359    7160.00    7180.00  0.000000000000000E+00  0.000000000000000E+00 0
 360    7180.00    7200.00  0.000000000000000E+00  0.000000000000000E+00 0
 361    7200.00    7220.00  0.000000000000000E+00  0.000000000000000E+00 0
 362    7220.00    7240.00  0.000000000000000E+00  0.000000000000000E+00 0
 363    7240.00    7260.00  0.000000000000000E+00  0.000000000000000E+00 0
 364    7260.00    7280.00  0.000000000000000E+00  0.000000000000000E+00 0
 365    7280.00    7300.00  0.000000000000000E+00  0.000000000000000E+00 0
 366    7300.00    7320.00  0.000000000000000E+00  0.000000000000000E+00 0
 367    7320.00    7340.00  0.000000000000000E+00  0.000000000000000E+00 0
 368    7340.00    7360.00  0.000000000000000E+00  0.000000000000000E+00 0
 369    7360.00    7380.00  0.000000000000000E+00  0.000000000000000E+00 0
 370    7380.00    7400.00  0.000000000000000E+00  0.000000000000000E+00 0
 371    7400.00    7420.00  0.000000000000000E+00  0.000000000000000E+00 0
 372    7420.00    7440.00  0.000000000000000E+00  0.000000000000000E+00 0
 373    7440.00    7460.00  0.000000000000000E+00  0.000000000000000E+00 0
 374    7460.00    7480.00  0.000000000000000E+00  0.000000000000000E+00 0
 375    7480.00    7500.00  0.000000000000000E+00  0.000000000000000E+00 0
 376    7500.00    7520.00  0.000000000000000E+00  0.000000000000000E+00 0
 377    7520.00    7540.00  0.000000000000000E+00  0.000000000000000E+00 0
 378    7540.00    7560.00  0.000000000000000E+00  0.000000000000000E+00 0
 379    7560.00    7580.00  0.000000000000000E+00  0.000000000000000E+00 0
 380    7580.00    7600.00  0.000000000000000E+00  0.000000000000000E+00 0
 381    7600.00    7620.00  0.000000000000000E+00  0.000000000000000E+00 0
 382    7620.00    7640.00  0.000000000000000E+00  0.000000000000000E+00 0
 383    7640.00    7660.00  0.000000000000000E+00  0.000000000000000E+00 0
 384    7660.00    7680.00  0.000000000000000E+00  0.000000000000000E+00 0
 385    7680.00    7700.00  0.000000000000000E+00  0.000000000000000E+00 0
 386    7700.00    7720.00  0.000000000000000E+00  0.000000000000000E+00 0
 387    7720.00    7740.00  0.000000000000000E+00  0.000000000000000E+00 0
 388    7740.00    7760.00  0.000000000000000E+00  0.000000000000000E+00 0
 389    7760.00    7780.00  0.000000000000000E+00  0.000000000000000E+00 0
 390    7780.00    7800.00  0.000000000000000E+00  0.000000000000000E+00 0
 391    7800.00    7820.00  0.000000000000000E+00  0.000000000000000E+00 0
 392    7820.00    7840.00  0.000000000000000E+00  0.000000000000000E+00 0
 393    7840.00    7860.00  0.000000000000000E+00  0.000000000000000E+00 0
 394    7860.00    7880.00  0.000000000000000E+00  0.000000000000000E+00 0
 395    7880.00    7900.00  0.000000000000000E+00  0.000000000000000E+00 0
 396    7900.00    7920.00  0.000000000000000E+00  0.000000000000000E+00 0
 397    7920.00    7940.00  0.000000000000000E+00  0.000000000000000E+00 0
 398    7940.00    7960.00  0.000000000000000E+00  0.000000000000000E+00 0
 399    7960.00    7980.00  0.000000000000000E+00  0.000000000000000E+00 0
 400    7980.00    8000.00  0.000000000000000E+00  0.000000000000000E+00 0
 401    8000.00    8020.00  0.000000000000000E+00  0.000000000000000E+00 0
 402    8020.00    8040.00  0.000000000000000E+00  0.000000000000000E+00 0
 403    8040.00    8060.00  0.000000000000000E+00  0.000000000000000E+00 0
 404    8060.00    8080.00  0.000000000000000E+00  0.000000000000000E+00 0
 405    8080.00    8100.00  0.000000000000000E+00  0.000000000000000E+00 0
 406    8100.00    8120.00  0.000000000000000E+00  0.000000000000000E+00 0
 407    8120.00    8140.00  0.000000000000000E+00  0.000000000000000E+00 0
 408    8140.00    8160.00  0.000000000000000E+00  0.000000000000000E+00 0
 409    8160.00    8180.00  0.000000000000000E+00  0.000000000000000E+00 0
 410    8180.00    8200.00  0.000000000000000E+00  0.000000000000000E+00 0
 411    8200.00    8220.00  0.000000000000000E+00  0.000000000000000E+00 0
 412    8220.00    8240.00  0.000000000000000E+00  0.000000000000000E+00 0
 413    8240.00    8260.00  0.000000000000000E+00  0.000000000000000E+00 0
 414    8260.00    8280.00  0.000000000000000E+00  0.000000000000000E+00 0
 415    8280.00    8300.00  0.000000000000000E+00  0.000000000000000E+00 0
 416    8300.00    8320.00  0.000000000000000E+00  0.000000000000000E+00 0
 417    8320.00    8340.00  0.000000000000000E+00  0.000000000000000E+00 0
 418    8340.00    8360.00  0.000000000000000E+00  0.000000000000000E+00 0
 419    8360.00    8380.00  0.000000000000000E+00  0.000000000000000E+00 0
 420    8380.00    8400.00  0.000000000000000E+00  0.000000000000000E+00 0
 421    8400.00    8420.00  0.000000000000000E+00  0.000000000000000E+00 0
 422    8420.00    8440.00  0.000000000000000E+00  0.000000000000000E+00 0
 423    8440.00    8460.00  0.000000000000000E+00  0.000000000000000E+00 0
 424    8460.00    8480.00  0.000000000000000E+00  0.000000000000000E+00 0
 425    8480.00    8500.00  0.000000000000000E+00  0.000000000000000E+00 0
 426    8500.00    8520.00  0.000000000000000E+00  0.000000000000000E+00 0
 427    8520.00    8540.00  0.000000000000000E+00  0.000000000000000E+00 0
 428    8540.00    8560.00  0.000000000000000E+00  0.000000000000000E+00 0
 429    8560.00    8580.00  0.000000000000000E+00  0.000000000000000E+00 0
 430    8580.00    8600.00  0.000000000000000E+00  0.000000000000000E+00 0
 431    8600.00    8620.00  0.000000000000000E+00  0.000000000000000E+00 0
 432    8620.00    8640.00  0.000000000000000E+00  0.000000000000000E+00 0
 433    8640.00    8660.00  0.000000000000000E+00  0.000000000000000E+00 0
 434    8660.00    8680.00  0.000000000000000E+00  0.000000000000000E+00 0
 435    8680.00    8700.00  0.000000000000000E+00  0.000000000000000E+00 0
 436    8700.00    8720.00  0.000000000000000E+00  0.000000000000000E+00 0
 437    8720.00    8740.00  0.000000000000000E+00  0.000000000000000E+00 0
 438    8740.00    8760.00  0.000000000000000E+00  0.000000000000000E+00 0
 439    8760.00    8780.00  0.000000000000000E+00  0.000000000000000E+00 0
 440    8780.00    8800.00  0.000000000000000E+00  0.000000000000000E+00 0
 441    8800.00    8820.00  0.000000000000000E+00  0.000000000000000E+00 0
 442    8820.00    8840.00  0.000000000000000E+00  0.000000000000000E+00 0
 443    8840.00    8860.00  0.000000000000000E+00  0.000000000000000E+00 0
 444    8860.00    8880.00  0.000000000000000E+00  0.000000000000000E+00 0
 445    8880.00    8900.00  0.000000000000000E+00  0.000000000000000E+00 0
 446    8900.00    8920.00  0.000000000000000E+00  0.000000000000000E+00 0
 447    8920.00    8940.00  0.000000000000000E+00  0.000000000000000E+00 0
 448    8940.00    8960.00  0.000000000000000E+00  0.000000000000000E+00 0
 449    8960.00    8980.00  0.000000000000000E+00  0.000000000000000E+00 0
 450    8980.00    9000.00  0.000000000000000E+00  0.000000000000000E+00 0
 451    9000.00    9020.00  0.000000000000000E+00  0.000000000000000E+00 0
 452    9020.00    9040.00  0.000000000000000E+00  0.000000000000000E+00 0
 453    9040.00    9060.00  0.000000000000000E+00  0.000000000000000E+00 0
 454    9060.00    9080.00  0.000000000000000E+00  0.000000000000000E+00 0
 455    9080.00    9100.00  0.000000000000000E+00  0.000000000000000E+00 0
 456    9100.00    9120.00  0.000000000000000E+00  0.000000000000000E+00 0
 457    9120.00    9140.00  0.000000000000000E+00  0.000000000000000E+00 0
 458    9140.00    9160.00  0.000000000000000E+00  0.000000000000000E+00 0
 459    9160.00    9180.00  0.000000000000000E+00  0.000000000000000E+00 0
 460    9180.00    9200.00  0.000000000000000E+00  0.000000000000000E+00 0
 461    9200.00    9220.00  0.000000000000000E+00  0.000000000000000E+00 0
 462    9220.00    9240.00  0.000000000000000E+00  0.000000000000000E+00 0
 463    9240.00    9260.00  0.000000000000000E+00  0.000000000000000E+00 0
 464    9260.00    9280.00  0.000000000000000E+00  0.000000000000000E+00 0
 465    9280.00    9300.00  0.000000000000000E+00  0.000000000000000E+00 0
 466    9300.00    9320.00  0.000000000000000E+00  0.000000000000000E+00 0
 467    9320.00    9340.00  0.000000000000000E+00  0.000000000000000E+00 0
 468    9340.00    9360.00  0.000000000000000E+00  0.000000000000000E+00 0
 469    9360.00    9380.00  0.000000000000000E+00  0.000000000000000E+00 0
 470    9380.00    9400.00  0.000000000000000E+00  0.000000000000000E+00 0
 471    9400.00    9420.00  0.000000000000000E+00  0.000000000000000E+00 0
 472    9420.00    9440.00  0.000000000000000E+00  0.000000000000000E+00 0
 473    9440.00    9460.00  0.000000000000000E+00  0.000000000000000E+00 0
 474    9460.00    9480.00  0.000000000000000E+00  0.000000000000000E+00 0
 475    9480.00    9500.00  0.000000000000000E+00  0.000000000000000E+00 0
 476    9500.00    9520.00  0.000000000000000E+00  0.000000000000000E+00 0
 477    9520.00    9540.00  0.000000000000000E+00  0.000000000000000E+00 0
 478    9540.00    9560.00  0.000000000000000E+00  0.000000000000000E+00 0
 479    9560.00    9580.00  0.000000000000000E+00  0.000000000000000E+00 0
 480    9580.00    9600.00  0.000000000000000E+00  0.000000000000000E+00 0
 481    9600.00    9620.00  0.000000000000000E+00  0.000000000000000E+00 0
 482    9620.00    9640.00  0.000000000000000E+00  0.000000000000000E+00 0
 483    9640.00    9660.00  0.000000000000000E+00  0.000000000000000E+00 0
 484    9660.00    9680.00  0.000000000000000E+00  0.000000000000000E+00 0
 485    9680.00    9700.00  0.000000000000000E+00  0.000000000000000E+00 0
 486    9700.00    9720.00  0.000000000000000E+00  0.000000000000000E+00 0
 487    9720.00    9740.00  0.000000000000000E+00  0.000000000000000E+00 0
 488    9740.00    9760.00  0.000000000000000E+00  0.000000000000000E+00 0
 489    9760.00    9780.00  0.000000000000000E+00  0.000000000000000E+00 0
 490    9780.00    9800.00  0.000000000000000E+00  0.000000000000000E+00 0
 491    9800.00    9820.00  0.000000000000000E+00  0.000000000000000E+00 0
 492    9820.00    9840.00  0.000000000000000E+00  0.000000000000000E+00 0
 493    9840.00    9860.00  0.000000000000000E+00  0.000000000000000E+00 0
 494    9860.00    9880.00  0.000000000000000E+00  0.000000000000000E+00 0
 495    9880.00    9900.00  0.000000000000000E+00  0.000000000000000E+00 0
 496    9900.00    9920.00  0.000000000000000E+00  0.000000000000000E+00 0
 497    9920.00    9940.00  0.000000000000000E+00  0.000000000000000E+00 0
 498    9940.00    9960.00  0.000000000000000E+00  0.000000000000000E+00 0
 499    9960.00    9980.00  0.000000000000000E+00  0.000000000000000E+00 0
 500    9980.00   10000.00  0.000000000000000E+00  0.000000000000000E+00 0
 501   10000.00   10020.00  0.000000000000000E+00  0.000000000000000E+00 0
 502   10020.00   10040.00  0.000000000000000E+00  0.000000000000000E+00 0
 503   10040.00   10060.00  0.000000000000000E+00  0.000000000000000E+00 0
 504   10060.00   10080.00  0.000000000000000E+00  0.000000000000000E+00 0
 505   10080.00   10100.00  0.000000000000000E+00  0.000000000000000E+00 0
 506   10100.00   10120.00  0.000000000000000E+00  0.000000000000000E+00 0
 507   10120.00   10140.00  0.000000000000000E+00  0.000000000000000E+00 0
 508   10140.00   10160.00  0.000000000000000E+00  0.000000000000000E+00 0
 509   10160.00   10180.00  0.000000000000000E+00  0.000000000000000E+00 0
 510   10180.00   10200.00  0.000000000000000E+00  0.000000000000000E+00 0
 511   10200.00   10220.00  0.000000000000000E+00  0.000000000000000E+00 0
 512   10220.00   10240.00  0.000000000000000E+00  0.000000000000000E+00 0
 513   10240.00   10260.00  0.000000000000000E+00  0.000000000000000E+00 0
 514   10260.00   10280.00  0.000000000000000E+00  0.000000000000000E+00 0
 515   10280.00   10300.00  0.000000000000000E+00  0.000000000000000E+00 0
 516   10300.00   10320.00  0.000000000000000E+00  0.000000000000000E+00 0
 517   10320.00   10340.00  0.000000000000000E+00  0.000000000000000E+00 0
 518   10340.00   10360.00  0.000000000000000E+00  0.000000000000000E+00 0
 519   10360.00   10380.00  0.000000000000000E+00  0.000000000000000E+00 0
 520   10380.00   10400.00  0.000000000000000E+00  0.000000000000000E+00 0
 521   10400.00   10420.00  0.000000000000000E+00  0.000000000000000E+00 0
 522   10420.00   10440.00  0.000000000000000E+00  0.000000000000000E+00 0
 523   10440.00   10460.00  0.000000000000000E+00  0.000000000000000E+00 0
 524   10460.00   10480.00  0.000000000000000E+00  0.000000000000000E+00 0
 525   10480.00   10500.00  0.000000000000000E+00  0.000000000000000E+00 0
 526   10500.00   10520.00  0.000000000000000E+00  0.000000000000000E+00 0
 527   10520.00   10540.00  0.000000000000000E+00  0.000000000000000E+00 0
 528   10540.00   10560.00  0.000000000000000E+00  0.000000000000000E+00 0
 529   10560.00   10580.00  0.000000000000000E+00  0.000000000000000E+00 0
 530   10580.00   10600.00  0.000000000000000E+00  0.000000000000000E+00 0
 531   10600.00   10620.00  0.000000000000000E+00  0.000000000000000E+00 0
 532   10620.00   10640.00  0.000000000000000E+00  0.000000000000000E+00 0
 533   10640.00   10660.00  0.000000000000000E+00  0.000000000000000E+00 0
 534   10660.00   10680.00  0.000000000000000E+00  0.000000000000000E+00 0
 535   10680.00   10700.00  0.000000000000000E+00  0.000000000000000E+00 0
 536   10700.00   10720.00  0.000000000000000E+00  0.000000000000000E+00 0
 537   10720.00   10740.00  0.000000000000000E+00  0.000000000000000E+00 0
 538   10740.00   10760.00  0.000000000000000E+00  0.000000000000000E+00 0
 539   10760.00   10780.00  0.000000000000000E+00  0.000000000000000E+00 0
 540   10780.00   10800.00  0.000000000000000E+00  0.000000000000000E+00 0
 541   10800.00   10820.00  0.000000000000000E+00  0.000000000000000E+00 0
 542   10820.00   10840.00  0.000000000000000E+00  0.000000000000000E+00 0
 543   10840.00   10860.00  0.000000000000000E+00  0.000000000000000E+00 0
 544   10860.00   10880.00  0.000000000000000E+00  0.000000000000000E+00 0
 545   10880.00   10900.00  0.000000000000000E+00  0.000000000000000E+00 0
 546   10900.00   10920.00  0.000000000000000E+00  0.000000000000000E+00 0
 547   10920.00   10940.00  0.000000000000000E+00  0.000000000000000E+00 0
 548   10940.00   10960.00  0.000000000000000E+00  0.000000000000000E+00 0
 549   10960.00   10980.00  0.000000000000000E+00  0.000000000000000E+00 0
 550   10980.00   11000.00  0.000000000000000E+00  0.000000000000000E+00 0
 551   11000.00   11020.00  0.000000000000000E+00  0.000000000000000E+00 0
 552   11020.00   11040.00  0.000000000000000E+00  0.000000000000000E+00 0
 553   11040.00   11060.00  0.000000000000000E+00  0.000000000000000E+00 0
 554   11060.00   11080.00  0.000000000000000E+00  0.000000000000000E+00 0
 555   11080.00   11100.00  0.000000000000000E+00  0.000000000000000E+00 0
 556   11100.00   11120.00  0.000000000000000E+00  0.000000000000000E+00 0
 557   11120.00   11140.00  0.000000000000000E+00  0.000000000000000E+00 0
 558   11140.00   11160.00  0.000000000000000E+00  0.000000000000000E+00 0
 559   11160.00   11180.00  0.000000000000000E+00  0.000000000000000E+00 0
 560   11180.00   11200.00  0.000000000000000E+00  0.000000000000000E+00 0
 561   11200.00   11220.00  0.000000000000000E+00  0.000000000000000E+00 0
 562   11220.00   11240.00  0.000000000000000E+00  0.000000000000000E+00 0
 563   11240.00   11260.00  0.000000000000000E+00  0.000000000000000E+00 0
 564   11260.00   11280.00  0.000000000000000E+00  0.000000000000000E+00 0
 565   11280.00   11300.00  0.000000000000000E+00  0.000000000000000E+00 0
 566   11300.00   11320.00  0.000000000000000E+00  0.000000000000000E+00 0
 567   11320.00   11340.00  0.000000000000000E+00  0.000000000000000E+00 0
 568   11340.00   11360.00  0.000000000000000E+00  0.000000000000000E+00 0
 569   11360.00   11380.00  0.000000000000000E+00  0.000000000000000E+00 0
 570   11380.00   11400.00  0.000000000000000E+00  0.000000000000000E+00 0
 571   11400.00   11420.00  0.000000000000000E+00  0.000000000000000E+00 0
 572   11420.00   11440.00  0.000000000000000E+00  0.000000000000000E+00 0
 573   11440.00   11460.00  0.000000000000000E+00  0.000000000000000E+00 0
 574   11460.00   11480.00  0.000000000000000E+00  0.000000000000000E+00 0
 575   11480.00   11500.00  0.000000000000000E+00  0.000000000000000E+00 0
 576   11500.00   11520.00  0.000000000000000E+00  0.000000000000000E+00 0
 577   11520.00   11540.00  0.000000000000000E+00  0.000000000000000E+00 0
 578   11540.00   11560.00  0.000000000000000E+00  0.000000000000000E+00 0
 579   11560.00   11580.00  0.000000000000000E+00  0.000000000000000E+00 0
 580   11580.00   11600.00  0.000000000000000E+00  0.000000000000000E+00 0
 581   11600.00   11620.00  0.000000000000000E+00  0.000000000000000E+00 0
 582   11620.00   11640.00  0.000000000000000E+00  0.000000000000000E+00 0
 583   11640.00   11660.00  0.000000000000000E+00  0.000000000000000E+00 0
 584   11660.00   11680.00  0.000000000000000E+00  0.000000000000000E+00 0
 585   11680.00   11700.00  0.000000000000000E+00  0.000000000000000E+00 0
 586   11700.00   11720.00  0.000000000000000E+00  0.000000000000000E+00 0
 587   11720.00   11740.00  0.000000000000000E+00  0.000000000000000E+00 0
 588   11740.00   11760.00  0.000000000000000E+00  0.000000000000000E+00 0
 589   11760.00   11780.00  0.000000000000000E+00  0.000000000000000E+00 0
 590   11780.00   11800.00  0.000000000000000E+00  0.000000000000000E+00 0
 591   11800.00   11820.00  0.000000000000000E+00  0.000000000000000E+00 0
 592   11820.00   11840.00  0.000000000000000E+00  0.000000000000000E+00 0
 593   11840.00   11860.00  0.000000000000000E+00  0.000000000000000E+00 0
 594   11860.00   11880.00  0.000000000000000E+00  0.000000000000000E+00 0
 595   11880.00   11900.00  0.000000000000000E+00  0.000000000000000E+00 0
 596   11900.00   11920.00  0.000000000000000E+00  0.000000000000000E+00 0
 597   11920.00   11940.00  0.000000000000000E+00  0.000000000000000E+00 0
 598   11940.00   11960.00  0.000000000000000E+00  0.000000000000000E+00 0
 599   11960.00   11980.00  0.000000000000000E+00  0.000000000000000E+00 0
 600   11980.00   12000.00  0.000000000000000E+00  0.000000000000000E+00 0
 601   12000.00   12020.00  0.000000000000000E+00  0.000000000000000E+00 0
 602   12020.00   12040.00  0.000000000000000E+00  0.000000000000000E+00 0
 603   12040.00   12060.00  0.000000000000000E+00  0.000000000000000E+00 0
 604   12060.00   12080.00  0.000000000000000E+00  0.000000000000000E+00 0
 605   12080.00   12100.00  0.000000000000000E+00  0.000000000000000E+00 0
 606   12100.00   12120.00  0.000000000000000E+00  0.000000000000000E+00 0
 607   12120.00   12140.00  0.000000000000000E+00  0.000000000000000E+00 0
 608   12140.00   12160.00  0.000000000000000E+00  0.000000000000000E+00 0
 609   12160.00   12180.00  0.000000000000000E+00  0.000000000000000E+00 0
 610   12180.00   12200.00  0.000000000000000E+00  0.000000000000000E+00 0
 611   12200.00   12220.00  0.000000000000000E+00  0.000000000000000E+00 0
 612   12220.00   12240.00  0.000000000000000E+00  0.000000000000000E+00 0
 613   12240.00   12260.00  0.000000000000000E+00  0.000000000000000E+00 0
 614   12260.00   12280.00  0.000000000000000E+00  0.000000000000000E+00 0
 615   12280.00   12300.00  0.000000000000000E+00  0.000000000000000E+00 0
 616   12300.00   12320.00  0.000000000000000E+00  0.000000000000000E+00 0
 617   12320.00   12340.00  0.000000000000000E+00  0.000000000000000E+00 0
 618   12340.00   12360.00  0.000000000000000E+00  0.000000000000000E+00 0
 619   12360.00   12380.00  0.000000000000000E+00  0.000000000000000E+00 0
 620   12380.00   12400.00  0.000000000000000E+00  0.000000000000000E+00 0
 621   12400.00   12420.00  0.000000000000000E+00  0.000000000000000E+00 0
 622   12420.00   12440.00  0.000000000000000E+00  0.000000000000000E+00 0
 623   12440.00   12460.00  0.000000000000000E+00  0.000000000000000E+00 0
 624   12460.00   12480.00  0.000000000000000E+00  0.000000000000000E+00 0
 625   12480.00   12500.00  0.000000000000000E+00  0.000000000000000E+00 0
 626   12500.00   12520.00  0.000000000000000E+00  0.000000000000000E+00 0
 627   12520.00   12540.00  0.000000000000000E+00  0.000000000000000E+00 0
 628   12540.00   12560.00  0.000000000000000E+00  0.000000000000000E+00 0
 629   12560.00   12580.00  0.000000000000000E+00  0.000000000000000E+00 0
 630   12580.00   12600.00  0.000000000000000E+00  0.000000000000000E+00 0
 631   12600.00   12620.00  0.000000000000000E+00  0.000000000000000E+00 0
 632   12620.00   12640.00  0.000000000000000E+00  0.000000000000000E+00 0
 633   12640.00   12660.00  0.000000000000000E+00  0.000000000000000E+00 0
 634   12660.00   12680.00  0.000000000000000E+00  0.000000000000000E+00 0
 635   12680.00   12700.00  0.000000000000000E+00  0.000000000000000E+00 0
 636   12700.00   12720.00  0.000000000000000E+00  0.000000000000000E+00 0
 637   12720.00   12740.00  0.000000000000000E+00  0.000000000000000E+00 0
 638   12740.00   12760.00  0.000000000000000E+00  0.000000000000000E+00 0
 639   12760.00   12780.00  0.000000000000000E+00  0.000000000000000E+00 0
 640   12780.00   12800.00  0.000000000000000E+00  0.000000000000000E+00 0
 641   12800.00   12820.00  0.000000000000000E+00  0.000000000000000E+00 0
 642   12820.00   12840.00  0.000000000000000E+00  0.000000000000000E+00 0
 643   12840.00   12860.00  0.000000000000000E+00  0.000000000000000E+00 0
 644   12860.00   12880.00  0.000000000000000E+00  0.000000000000000E+00 0
 645   12880.00   12900.00  0.000000000000000E+00  0.000000000000000E+00 0
 646   12900.00   12920.00  0.000000000000000E+00  0.000000000000000E+00 0
 647   12920.00   12940.00  0.000000000000000E+00  0.000000000000000E+00 0
 648   12940.00   12960.00  0.000000000000000E+00  0.000000000000000E+00 0
 649   12960.00   12980.00  0.000000000000000E+00  0.000000000000000E+00 0
 650   12980.00   13000.00  0.000000000000000E+00  0.000000000000000E+00 0
# Underflow:                 0.0000000000000000E+00  0.0000000000000000E+00 0
# Overflow:                  0.0000000000000000E+00  0.0000000000000000E+00 0
#-------------------------------------------------------------------------------------
# Sum:                       1.0470396855789317E+00  2.3196053897268405E-04 237479000
#=====================================================================================
# Number of generated events: 2722077414
