# title = Transverse Momentum Positron
# xlabel = $p_{\text{T},\text{e}^+}\,$[GeV]
# ylabel = $\frac{\text{d}\sigma}{\text{d}p_{\text{T},\text{e}^+}}\,\left[\frac{\text{fb}}{\text{GeV}}\right]$
# xmin=  0.000E+00
# xmax=  8.000E+02
# ymin=  1.000E-06
# ymax=  1.000E-02
# kmin= -5.000E+01
# kmax=  1.000E+01
# logscale = true
# Renormalization and factorization scale scaled by: 1.0000000000
# Renormalization scaled by: 1.0000000000
#
#
#=====================================================================================
# No.       Left      Right                   Value                   Error Hits
#-------------------------------------------------------------------------------------
   1       0.00      20.00  0.000000000000000E+00  0.000000000000000E+00 0
   2      20.00      40.00  1.666723515949938E-02  1.366293962878544E-04 202040935
   3      40.00      60.00  1.174843672353761E-02  1.107140689077092E-04 152622374
   4      60.00      80.00  7.573063340598742E-03  8.258426509596584E-05 99839488
   5      80.00     100.00  4.781410206922342E-03  6.968722843886729E-05 71190604
   6     100.00     120.00  3.288727489396758E-03  5.566678443164595E-05 53440775
   7     120.00     140.00  2.191087910690918E-03  4.593067258018785E-05 41553335
   8     140.00     160.00  1.585046523370204E-03  4.493120833503452E-05 33169767
   9     160.00     180.00  1.070343849643304E-03  2.943619585523771E-05 27015469
  10     180.00     200.00  7.894892171487520E-04  2.440291419137119E-05 22390417
  11     200.00     220.00  5.778576844210469E-04  2.222670390507632E-05 18802282
  12     220.00     240.00  4.263132497534118E-04  1.816435063589242E-05 15977894
  13     240.00     260.00  3.479389370766613E-04  1.394669170076013E-05 13712619
  14     260.00     280.00  2.497805253920987E-04  1.322624568632613E-05 11868796
  15     280.00     300.00  1.795392268365639E-04  9.760358331575763E-06 10342495
  16     300.00     320.00  1.601169783258284E-04  1.082145308136001E-05 9077083
  17     320.00     340.00  1.081013766003890E-04  7.432286279684751E-06 8011533
  18     340.00     360.00  9.509300330213731E-05  7.074405551836176E-06 7113145
  19     360.00     380.00  8.037655157747168E-05  5.194815605669254E-06 6337830
  20     380.00     400.00  5.067723035098557E-05  4.876617526881974E-06 5672323
  21     400.00     420.00  5.871599686403957E-05  3.733047111257679E-06 5096126
  22     420.00     440.00  4.098834023712532E-05  3.447286527376356E-06 4599496
  23     440.00     460.00  3.342325051444488E-05  3.112599542951026E-06 4160723
  24     460.00     480.00  2.657004098656497E-05  2.556203251824942E-06 3777168
  25     480.00     500.00  1.657049816414879E-05  3.753866900617548E-06 3438136
  26     500.00     520.00  1.792760535447312E-05  2.009543608377635E-06 3131898
  27     520.00     540.00  1.221848813781943E-05  2.644868870698802E-06 2864213
  28     540.00     560.00  1.184743189266001E-05  1.691281209857280E-06 2625347
  29     560.00     580.00  1.265410297900189E-05  1.670638604328581E-06 2411767
  30     580.00     600.00  7.053310416538659E-06  1.633401087016284E-06 2220185
  31     600.00     620.00  5.669340360596675E-06  9.917054702461144E-07 2043723
  32     620.00     640.00  5.270454453002877E-06  1.150769151120703E-06 1890730
  33     640.00     660.00  5.079122674261389E-06  9.112244121607508E-07 1745610
  34     660.00     680.00  3.799317470764566E-06  7.878791113056145E-07 1618341
  35     680.00     700.00  2.919116600801639E-06  8.886223535288676E-07 1499532
  36     700.00     720.00  2.650978934259041E-06  5.760608030497025E-07 1391320
  37     720.00     740.00  2.251628978336512E-06  5.078651271620024E-07 1295005
  38     740.00     760.00  1.480204132638277E-06  4.933030747665187E-07 1205624
  39     760.00     780.00  1.734986254579779E-06  3.879024473670895E-07 1125167
  40     780.00     800.00  1.385143085439726E-06  4.060611726370391E-07 1048309
  41     800.00     820.00  1.399146839226421E-06  2.473028824447406E-07 980106
  42     820.00     840.00  1.399472576454592E-06  2.778962027330024E-07 915713
  43     840.00     860.00  8.663944541001957E-07  2.542242001156650E-07 856255
  44     860.00     880.00  7.587445220972279E-07  1.903361566852963E-07 802414
  45     880.00     900.00  6.012970703665834E-07  2.512123677940295E-07 752317
  46     900.00     920.00  2.041686274130214E-07  2.333761032982297E-07 706868
  47     920.00     940.00  5.845924581926350E-07  1.454724520081744E-07 663269
  48     940.00     960.00  1.891947114705509E-08  1.849055049343648E-07 622749
  49     960.00     980.00  9.052647975401396E-08  2.538113508615962E-07 586214
  50     980.00    1000.00  3.187348075457491E-07  9.778340582199554E-08 552253
  51    1000.00    1020.00  2.828447413099294E-07  8.517094356399983E-08 519965
  52    1020.00    1040.00  2.351584909456316E-07  7.920149657827619E-08 489704
  53    1040.00    1060.00  3.178803052558431E-07  8.373715621587054E-08 462375
  54    1060.00    1080.00  2.188648053692768E-07  6.614293827172822E-08 436026
  55    1080.00    1100.00  1.471157111635773E-07  6.749377615391289E-08 412266
  56    1100.00    1120.00  1.604131110086398E-07  5.147180319497888E-08 389198
  57    1120.00    1140.00 -4.340176303320799E-08  1.507844884164320E-07 368633
  58    1140.00    1160.00 -6.053985107195500E-08  8.141160623918485E-08 348485
  59    1160.00    1180.00 -1.822032429518289E-08  5.641941034561600E-08 329549
  60    1180.00    1200.00 -3.375845233320925E-09  6.045676236800365E-08 312319
  61    1200.00    1220.00  4.279745536641801E-08  4.776162741378316E-08 295405
  62    1220.00    1240.00  7.159799945821392E-08  4.296377055084112E-08 278981
  63    1240.00    1260.00 -1.477676217481402E-08  4.325678956241788E-08 265429
  64    1260.00    1280.00  5.555122924660636E-08  2.080765902912932E-08 252826
  65    1280.00    1300.00  5.141709129850177E-08  2.274832872615950E-08 238697
  66    1300.00    1320.00  3.837655295324583E-08  1.764514593626376E-08 226574
  67    1320.00    1340.00  1.001114146321745E-08  3.315769915156228E-08 215806
  68    1340.00    1360.00 -1.247659410685623E-08  2.846846965258937E-08 205174
  69    1360.00    1380.00  3.760045518742519E-08  9.816327689528986E-09 195023
  70    1380.00    1400.00  4.478171190172732E-09  1.332055605929016E-08 184994
  71    1400.00    1420.00  2.209681542603301E-08  1.631398868382084E-08 176301
  72    1420.00    1440.00 -4.089210322785113E-09  1.566781502716546E-08 167331
  73    1440.00    1460.00  1.364400375373369E-08  1.129567848281213E-08 159071
  74    1460.00    1480.00 -1.725034079579215E-08  2.031488288236390E-08 152116
  75    1480.00    1500.00  1.752484145895624E-08  6.919750598729247E-09 144572
  76    1500.00    1520.00  7.746520285156849E-09  7.449328442080309E-09 138619
  77    1520.00    1540.00  3.193123040089998E-09  6.046456479429333E-09 131868
  78    1540.00    1560.00  5.580420818493837E-09  1.042357785092258E-08 125076
  79    1560.00    1580.00  1.018262080138011E-08  8.740067469774528E-09 120018
  80    1580.00    1600.00  6.408703302589800E-09  9.101863785919979E-09 114069
  81    1600.00    1620.00  5.044370380258470E-09  6.225253931689169E-09 109384
  82    1620.00    1640.00 -7.340393821643922E-09  9.651599451527473E-09 103950
  83    1640.00    1660.00  1.812319976368960E-09  2.823576234943478E-09 99087
  84    1660.00    1680.00  1.346108140439939E-08  3.772171676361076E-09 94566
  85    1680.00    1700.00  3.379690048251279E-09  2.514209479433924E-09 90008
  86    1700.00    1720.00  5.662305653170579E-09  2.268086535863525E-09 85759
  87    1720.00    1740.00  5.004356235961240E-09  1.811425134130294E-09 81859
  88    1740.00    1760.00  1.108164942492966E-09  1.857505073472142E-09 79048
  89    1760.00    1780.00  2.355529182988114E-09  1.636874443817970E-09 75055
  90    1780.00    1800.00  2.012353377535468E-09  2.209266342014482E-09 72027
  91    1800.00    1820.00  4.066255305077092E-10  1.927167124668975E-09 68635
  92    1820.00    1840.00 -3.611112432747833E-10  2.221990167836218E-09 65818
  93    1840.00    1860.00 -8.993507889594913E-09  1.079292530606488E-08 62774
  94    1860.00    1880.00  1.495877771902910E-09  1.946381932139610E-09 60101
  95    1880.00    1900.00  1.538543697344845E-09  1.527606918592077E-09 57475
  96    1900.00    1920.00 -1.284151046996067E-09  2.157371019959241E-09 55192
  97    1920.00    1940.00  4.289264238977518E-10  7.994408552479481E-10 52719
  98    1940.00    1960.00  5.676017997026219E-10  7.865196402485784E-10 50394
  99    1960.00    1980.00  1.236679760837963E-09  5.481917233725477E-10 48175
 100    1980.00    2000.00  7.574006158883481E-10  3.604406400881917E-10 46181
 101    2000.00    2020.00  3.163660886423249E-10  7.378161668979154E-10 44162
 102    2020.00    2040.00  2.379667384174378E-10  6.480421601222229E-10 42480
 103    2040.00    2060.00  5.255481654877637E-10  6.741095632208301E-10 40327
 104    2060.00    2080.00  8.063827922922911E-11  3.868152109114277E-10 38634
 105    2080.00    2100.00 -9.312469127341985E-10  1.471798273067228E-09 36949
 106    2100.00    2120.00  6.818652639922198E-10  1.566575133580810E-10 35681
 107    2120.00    2140.00  8.039421923402818E-10  2.669922234226697E-10 34512
 108    2140.00    2160.00  3.986919947042644E-10  1.380356272012068E-10 32546
 109    2160.00    2180.00 -1.189061415577727E-09  1.424162718236906E-09 31273
 110    2180.00    2200.00  4.783231019847361E-10  1.924780577627314E-10 29932
 111    2200.00    2220.00 -6.711910744464111E-11  1.742663640609065E-10 29082
 112    2220.00    2240.00  1.214249557018342E-10  1.851196250681370E-10 27523
 113    2240.00    2260.00  1.165563677744358E-10  1.065970334888312E-10 26566
 114    2260.00    2280.00  1.646981564546544E-10  8.015126701540397E-11 25230
 115    2280.00    2300.00 -6.535566165638993E-11  2.167224785788708E-10 24418
 116    2300.00    2320.00  1.700921459913982E-10  9.777224382189534E-11 23157
 117    2320.00    2340.00  2.208568228154736E-10  8.312884260932134E-11 22214
 118    2340.00    2360.00 -2.956114322359327E-10  2.785466938799902E-10 21241
 119    2360.00    2380.00  2.119117388893272E-10  2.426338826133063E-10 20482
 120    2380.00    2400.00  1.020187216922129E-10  4.773013755094740E-11 19565
 121    2400.00    2420.00 -1.275305228253011E-10  1.891018021065881E-10 18788
 122    2420.00    2440.00  1.258549319582496E-10  4.056477786342825E-11 18277
 123    2440.00    2460.00  7.125682176433721E-11  3.243803867126503E-11 17636
 124    2460.00    2480.00  1.118897346536915E-10  3.751232867586465E-11 16676
 125    2480.00    2500.00  7.022621693864709E-12  5.419019619575250E-11 15827
 126    2500.00    2520.00 -4.581986680300574E-12  5.410459857719125E-11 15204
 127    2520.00    2540.00 -4.538560919203346E-11  4.513372673108270E-11 14594
 128    2540.00    2560.00 -4.821113808282819E-12  4.156586072900125E-11 14100
 129    2560.00    2580.00  1.755595633595752E-11  1.217267636090796E-11 13341
 130    2580.00    2600.00  2.166061629859144E-11  1.826487842493397E-11 12959
 131    2600.00    2620.00  4.481036740717373E-11  2.067457336361009E-11 12458
 132    2620.00    2640.00  4.809004252392590E-11  1.869912723731577E-11 11859
 133    2640.00    2660.00  4.542469982618342E-13  2.111579922347989E-11 11289
 134    2660.00    2680.00 -3.087594740972841E-11  2.919475536781897E-11 10910
 135    2680.00    2700.00  7.515343379925114E-10  7.160399358118895E-10 10547
 136    2700.00    2720.00  2.901968145521651E-11  1.571784354997073E-11 10186
 137    2720.00    2740.00  2.059269942776500E-13  1.539502771648382E-11 9529
 138    2740.00    2760.00  1.349877515314132E-11  1.588816047689152E-11 9253
 139    2760.00    2780.00  5.262115782859970E-11  4.678841789819764E-11 8884
 140    2780.00    2800.00 -4.527442021932787E-12  1.460155574493026E-11 8497
 141    2800.00    2820.00  7.224155821130795E-12  2.699215694904264E-12 8134
 142    2820.00    2840.00 -5.129021548982505E-12  1.682079571738673E-11 7855
 143    2840.00    2860.00  6.917960560264004E-12  1.667311360132162E-12 7583
 144    2860.00    2880.00 -3.739593785661540E-12  5.111207039339112E-12 7267
 145    2880.00    2900.00  8.659371841860527E-12  7.733372071301077E-12 6890
 146    2900.00    2920.00 -7.307676201492576E-13  4.758234188555821E-12 6676
 147    2920.00    2940.00  3.875257038065505E-12  2.891195135912198E-12 6383
 148    2940.00    2960.00 -4.546550830097560E-12  1.119975209699243E-11 6105
 149    2960.00    2980.00  4.669503647115862E-12  1.642107748206067E-12 5890
 150    2980.00    3000.00  2.535836403730180E-12  9.566505697851680E-13 5704
 151    3000.00    3020.00 -2.194613148808104E-13  2.449413800626441E-12 5412
 152    3020.00    3040.00  6.213031763564197E-12  3.666072562155048E-12 5262
 153    3040.00    3060.00  5.400732936247379E-12  3.557125711368896E-12 4910
 154    3060.00    3080.00 -7.075984998897813E-12  5.660154316515208E-12 4763
 155    3080.00    3100.00 -8.188029327334365E-14  1.587636299466307E-12 4512
 156    3100.00    3120.00 -2.221035031217294E-13  9.716052486138576E-13 4278
 157    3120.00    3140.00  1.005581687695429E-11  4.841877291871927E-12 4230
 158    3140.00    3160.00  4.587025506213108E-13  1.692525435560259E-12 3988
 159    3160.00    3180.00  2.764355131725673E-12  1.317679766889331E-12 3858
 160    3180.00    3200.00  1.487464877311548E-14  7.503492878408728E-13 3677
 161    3200.00    3220.00  1.825645564181087E-12  6.876766452694402E-13 3533
 162    3220.00    3240.00 -3.240030508203630E-12  3.888740961502458E-12 3398
 163    3240.00    3260.00 -1.201810225679543E-13  7.824819952957597E-13 3200
 164    3260.00    3280.00  1.386413479649624E-12  1.021189975768305E-12 3217
 165    3280.00    3300.00  7.665832531242781E-13  8.609130019736660E-13 3058
 166    3300.00    3320.00  1.835766352979429E-13  1.696735661168895E-13 2895
 167    3320.00    3340.00 -7.394591898427022E-13  7.676717545469305E-13 2752
 168    3340.00    3360.00  1.215372254164478E-12  4.098938208860681E-13 2623
 169    3360.00    3380.00  4.049561153079210E-13  2.100929411556746E-13 2529
 170    3380.00    3400.00  5.306690538065081E-13  3.219420365487917E-13 2339
 171    3400.00    3420.00  7.635117657345385E-13  6.457506350662867E-13 2349
 172    3420.00    3440.00  4.869319964364998E-13  2.809352198041171E-13 2211
 173    3440.00    3460.00 -8.881499434306760E-13  1.263702641006442E-12 2147
 174    3460.00    3480.00  8.330722814332981E-14  6.162118531663861E-14 2042
 175    3480.00    3500.00  5.008009192382052E-14  1.497835170604547E-13 2037
 176    3500.00    3520.00  6.895311379822904E-14  3.851171610401556E-14 1872
 177    3520.00    3540.00  2.241948116282115E-13  9.234031563048884E-14 1822
 178    3540.00    3560.00 -2.557458109128914E-12  2.130634450027704E-12 1694
 179    3560.00    3580.00  2.665527581345180E-15  2.404369821308395E-13 1601
 180    3580.00    3600.00  9.569807484496775E-14  4.289577576419562E-14 1562
 181    3600.00    3620.00 -1.573226104707962E-13  2.230322777279237E-13 1455
 182    3620.00    3640.00  8.033311382257169E-14  2.494375865839433E-14 1454
 183    3640.00    3660.00  5.459516654959717E-15  4.127172447946088E-14 1359
 184    3660.00    3680.00  6.836820960072909E-14  3.134440889940197E-14 1245
 185    3680.00    3700.00  1.198500053142453E-14  7.789822578557042E-14 1270
 186    3700.00    3720.00  1.043555143396457E-13  6.117410393412696E-14 1207
 187    3720.00    3740.00  9.403489309053896E-14  2.769882437536896E-14 1183
 188    3740.00    3760.00  2.961165369641011E-14  6.530778172289679E-15 1066
 189    3760.00    3780.00  4.486071428866040E-14  3.769256862523574E-14 1016
 190    3780.00    3800.00  3.812504518883716E-14  1.836805961759598E-14 926
 191    3800.00    3820.00  2.715855423348526E-14  1.150820833380238E-14 914
 192    3820.00    3840.00  1.364730614780853E-14  1.160189704207659E-14 828
 193    3840.00    3860.00  4.439832950392625E-13  4.123595461797733E-13 854
 194    3860.00    3880.00  3.065089940840619E-14  4.797654272578410E-14 805
 195    3880.00    3900.00  2.094630728626185E-14  5.160049321866067E-15 818
 196    3900.00    3920.00  2.046001447880843E-14  7.068603942655445E-15 738
 197    3920.00    3940.00  1.218129266850004E-14  3.439287049958028E-15 726
 198    3940.00    3960.00 -1.488849660836486E-13  1.587880318910179E-13 681
 199    3960.00    3980.00  1.478520969772515E-13  1.437552782480473E-13 679
 200    3980.00    4000.00  1.605572093845008E-14  5.303499268708754E-14 591
 201    4000.00    4020.00 -3.357835763895827E-14  4.419384360313367E-14 587
 202    4020.00    4040.00  9.426380307954465E-15  3.666579697237646E-15 527
 203    4040.00    4060.00  3.152601704410695E-14  1.987548910013620E-14 505
 204    4060.00    4080.00  1.419737130023269E-14  1.367837607513793E-14 516
 205    4080.00    4100.00  1.178917388341578E-15  3.432020720350718E-15 469
 206    4100.00    4120.00  5.082775775232779E-15  2.842572064184328E-15 461
 207    4120.00    4140.00 -1.155768880523284E-15  3.891769620985032E-15 382
 208    4140.00    4160.00  5.324799360268037E-14  5.086993673907902E-14 435
 209    4160.00    4180.00  5.491334836235878E-15  7.000220146322718E-15 393
 210    4180.00    4200.00 -1.405807461759802E-15  1.919821405598184E-15 346
 211    4200.00    4220.00  3.520071404576205E-16  1.985228557412415E-16 330
 212    4220.00    4240.00  1.869825806561222E-14  1.640435446633495E-14 332
 213    4240.00    4260.00  1.381925681091235E-15  4.978302600481258E-16 309
 214    4260.00    4280.00  1.005008102788575E-15  4.163997868610746E-16 316
 215    4280.00    4300.00 -2.118906226709416E-15  4.460468729375986E-15 251
 216    4300.00    4320.00 -5.145358011729517E-15  7.380321228597058E-15 291
 217    4320.00    4340.00  6.603919466348734E-15  6.226746268987216E-15 248
 218    4340.00    4360.00  2.868923951051089E-15  2.272563781573369E-15 226
 219    4360.00    4380.00  5.056980024435578E-15  4.923698361259118E-15 245
 220    4380.00    4400.00  4.401876425205129E-16  3.125245836940158E-16 212
 221    4400.00    4420.00  9.221462523756654E-15  9.123919421710436E-15 213
 222    4420.00    4440.00  6.600314608596452E-16  3.083078544071466E-16 240
 223    4440.00    4460.00  2.541166251968328E-15  1.670566138196642E-15 197
 224    4460.00    4480.00  1.228445722812604E-16  4.014422171301413E-17 165
 225    4480.00    4500.00  2.262867913595469E-16  1.285293789449587E-16 172
 226    4500.00    4520.00  8.874498777352018E-17  3.573775388670269E-17 160
 227    4520.00    4540.00  2.708455751310895E-16  1.295970685035404E-16 130
 228    4540.00    4560.00  1.757439591864845E-16  9.436634656385580E-17 128
 229    4560.00    4580.00  1.342587250947576E-17  8.721402926598804E-18 119
 230    4580.00    4600.00  7.712813821948335E-17  5.528739891940734E-17 115
 231    4600.00    4620.00  4.295152682770645E-17  2.736673126927697E-17 139
 232    4620.00    4640.00  2.593772312507874E-17  9.503756491017348E-18 116
 233    4640.00    4660.00  3.694018350648085E-17  1.442921227842357E-17 115
 234    4660.00    4680.00  4.295017123481270E-17  2.366832706847976E-17 89
 235    4680.00    4700.00  9.165679845086738E-17  5.029263575826000E-17 103
 236    4700.00    4720.00  4.524217403439181E-17  3.370480747150264E-17 97
 237    4720.00    4740.00 -1.190088276951286E-16  2.295389344197858E-16 86
 238    4740.00    4760.00  3.238515160064132E-16  2.536261797233277E-16 84
 239    4760.00    4780.00  6.199674652557726E-17  5.248052946318425E-17 71
 240    4780.00    4800.00  1.986034278112787E-17  1.248436835805543E-17 60
 241    4800.00    4820.00  9.158130128560153E-18  4.636204635480455E-18 74
 242    4820.00    4840.00 -3.207021855407957E-16  3.211713744772438E-16 48
 243    4840.00    4860.00  3.541432599827986E-17  3.537171063592953E-17 59
 244    4860.00    4880.00  5.218276962151801E-17  4.743208974351131E-17 47
 245    4880.00    4900.00  1.843396858115342E-18  1.482966511478387E-18 53
 246    4900.00    4920.00  1.072035763629760E-18  7.308151145443358E-19 37
 247    4920.00    4940.00  2.010964687545379E-16  2.009147368222447E-16 49
 248    4940.00    4960.00  5.138126903488572E-19  3.057138848385876E-19 43
 249    4960.00    4980.00  2.159001761918355E-19  1.817370472813553E-19 26
 250    4980.00    5000.00  3.369817344330389E-16  2.343069397960677E-16 34
 251    5000.00    5020.00  5.577444522187891E-18  4.560234589061372E-18 34
 252    5020.00    5040.00  1.995566825450959E-18  1.943491710295748E-18 28
 253    5040.00    5060.00  5.231999267574637E-19  3.002434101754599E-19 29
 254    5060.00    5080.00  1.555650008943066E-18  1.052399933890945E-18 29
 255    5080.00    5100.00  3.010467354877432E-18  2.997266697047638E-18 23
 256    5100.00    5120.00  7.025313150789897E-18  7.026025724192291E-18 22
 257    5120.00    5140.00 -9.047093061893940E-19  9.049211498583004E-19 15
 258    5140.00    5160.00  3.540965471527510E-19  3.797769461265351E-19 18
 259    5160.00    5180.00  3.397510797362489E-18  3.120990761146622E-18 17
 260    5180.00    5200.00 -2.129260601404754E-20  2.495216312726201E-20 11
 261    5200.00    5220.00  1.046481586285255E-19  9.773861136050224E-20 15
 262    5220.00    5240.00  6.645521624844435E-18  6.511728491170286E-18 11
 263    5240.00    5260.00  8.006577575537529E-21  7.466273585460006E-21 15
 264    5260.00    5280.00 -1.118127266340146E-22  9.631752058817959E-22 16
 265    5280.00    5300.00 -6.518699892516604E-22  6.874909585610728E-22 7
 266    5300.00    5320.00 -2.240196844759108E-23  1.946318756637836E-23 7
 267    5320.00    5340.00 -1.304306318956945E-20  1.230685823830268E-20 10
 268    5340.00    5360.00  1.056029946192199E-17  1.056029356310750E-17 4
 269    5360.00    5380.00  8.889627569700659E-22  9.132398679043532E-22 5
 270    5380.00    5400.00  1.375928490969173E-22  1.457042438499746E-22 5
 271    5400.00    5420.00  7.472685722134085E-21  1.014288518837605E-20 8
 272    5420.00    5440.00  8.619308533782775E-24  8.629194216060591E-24 2
 273    5440.00    5460.00  2.236119248553173E-23  5.117042252670584E-23 5
 274    5460.00    5480.00  1.253138871680982E-22  1.251222636536673E-22 2
 275    5480.00    5500.00 -2.734285403291058E-20  2.792068656992184E-20 6
 276    5500.00    5520.00 -3.932873139325129E-21  3.900620861166807E-21 5
 277    5520.00    5540.00 -6.929140992327742E-25  6.929140991054976E-25 1
 278    5540.00    5560.00  1.886661808735180E-23  1.911596443598267E-23 2
 279    5560.00    5580.00 -9.007086964392895E-24  9.006423042145030E-24 2
 280    5580.00    5600.00  1.224718975549092E-26  1.224718975324132E-26 1
 281    5600.00    5620.00 -5.639897585721178E-27  5.639897584295570E-27 1
 282    5620.00    5640.00  8.308784942564542E-26  8.308784934664275E-26 1
 283    5640.00    5660.00 -2.505643870732693E-30  2.505643867355379E-30 1
 284    5660.00    5680.00  0.000000000000000E+00  0.000000000000000E+00 0
 285    5680.00    5700.00  1.583670104448736E-24  2.253106556568598E-24 2
 286    5700.00    5720.00  0.000000000000000E+00  0.000000000000000E+00 0
 287    5720.00    5740.00 -3.312811547669611E-23  3.312811491892302E-23 1
 288    5740.00    5760.00  0.000000000000000E+00  0.000000000000000E+00 0
 289    5760.00    5780.00  0.000000000000000E+00  0.000000000000000E+00 0
 290    5780.00    5800.00 -2.221962232183246E-24  2.221962228709994E-24 1
 291    5800.00    5820.00  0.000000000000000E+00  0.000000000000000E+00 0
 292    5820.00    5840.00  0.000000000000000E+00  0.000000000000000E+00 0
 293    5840.00    5860.00  0.000000000000000E+00  0.000000000000000E+00 0
 294    5860.00    5880.00  0.000000000000000E+00  0.000000000000000E+00 0
 295    5880.00    5900.00  0.000000000000000E+00  0.000000000000000E+00 0
 296    5900.00    5920.00  0.000000000000000E+00  0.000000000000000E+00 0
 297    5920.00    5940.00  0.000000000000000E+00  0.000000000000000E+00 0
 298    5940.00    5960.00  0.000000000000000E+00  0.000000000000000E+00 0
 299    5960.00    5980.00  0.000000000000000E+00  0.000000000000000E+00 0
 300    5980.00    6000.00  0.000000000000000E+00  0.000000000000000E+00 0
 301    6000.00    6020.00  0.000000000000000E+00  0.000000000000000E+00 0
 302    6020.00    6040.00  0.000000000000000E+00  0.000000000000000E+00 0
 303    6040.00    6060.00  0.000000000000000E+00  0.000000000000000E+00 0
 304    6060.00    6080.00  0.000000000000000E+00  0.000000000000000E+00 0
 305    6080.00    6100.00  0.000000000000000E+00  0.000000000000000E+00 0
 306    6100.00    6120.00  0.000000000000000E+00  0.000000000000000E+00 0
 307    6120.00    6140.00  0.000000000000000E+00  0.000000000000000E+00 0
 308    6140.00    6160.00  0.000000000000000E+00  0.000000000000000E+00 0
 309    6160.00    6180.00  0.000000000000000E+00  0.000000000000000E+00 0
 310    6180.00    6200.00  0.000000000000000E+00  0.000000000000000E+00 0
 311    6200.00    6220.00  0.000000000000000E+00  0.000000000000000E+00 0
 312    6220.00    6240.00  0.000000000000000E+00  0.000000000000000E+00 0
 313    6240.00    6260.00  0.000000000000000E+00  0.000000000000000E+00 0
 314    6260.00    6280.00  0.000000000000000E+00  0.000000000000000E+00 0
 315    6280.00    6300.00  0.000000000000000E+00  0.000000000000000E+00 0
 316    6300.00    6320.00  0.000000000000000E+00  0.000000000000000E+00 0
 317    6320.00    6340.00  0.000000000000000E+00  0.000000000000000E+00 0
 318    6340.00    6360.00  0.000000000000000E+00  0.000000000000000E+00 0
 319    6360.00    6380.00  0.000000000000000E+00  0.000000000000000E+00 0
 320    6380.00    6400.00  0.000000000000000E+00  0.000000000000000E+00 0
 321    6400.00    6420.00  0.000000000000000E+00  0.000000000000000E+00 0
 322    6420.00    6440.00  0.000000000000000E+00  0.000000000000000E+00 0
 323    6440.00    6460.00  0.000000000000000E+00  0.000000000000000E+00 0
 324    6460.00    6480.00  0.000000000000000E+00  0.000000000000000E+00 0
 325    6480.00    6500.00  0.000000000000000E+00  0.000000000000000E+00 0
 326    6500.00    6520.00  0.000000000000000E+00  0.000000000000000E+00 0
 327    6520.00    6540.00  0.000000000000000E+00  0.000000000000000E+00 0
 328    6540.00    6560.00  0.000000000000000E+00  0.000000000000000E+00 0
 329    6560.00    6580.00  0.000000000000000E+00  0.000000000000000E+00 0
 330    6580.00    6600.00  0.000000000000000E+00  0.000000000000000E+00 0
 331    6600.00    6620.00  0.000000000000000E+00  0.000000000000000E+00 0
 332    6620.00    6640.00  0.000000000000000E+00  0.000000000000000E+00 0
 333    6640.00    6660.00  0.000000000000000E+00  0.000000000000000E+00 0
 334    6660.00    6680.00  0.000000000000000E+00  0.000000000000000E+00 0
 335    6680.00    6700.00  0.000000000000000E+00  0.000000000000000E+00 0
 336    6700.00    6720.00  0.000000000000000E+00  0.000000000000000E+00 0
 337    6720.00    6740.00  0.000000000000000E+00  0.000000000000000E+00 0
 338    6740.00    6760.00  0.000000000000000E+00  0.000000000000000E+00 0
 339    6760.00    6780.00  0.000000000000000E+00  0.000000000000000E+00 0
 340    6780.00    6800.00  0.000000000000000E+00  0.000000000000000E+00 0
 341    6800.00    6820.00  0.000000000000000E+00  0.000000000000000E+00 0
 342    6820.00    6840.00  0.000000000000000E+00  0.000000000000000E+00 0
 343    6840.00    6860.00  0.000000000000000E+00  0.000000000000000E+00 0
 344    6860.00    6880.00  0.000000000000000E+00  0.000000000000000E+00 0
 345    6880.00    6900.00  0.000000000000000E+00  0.000000000000000E+00 0
 346    6900.00    6920.00  0.000000000000000E+00  0.000000000000000E+00 0
 347    6920.00    6940.00  0.000000000000000E+00  0.000000000000000E+00 0
 348    6940.00    6960.00  0.000000000000000E+00  0.000000000000000E+00 0
 349    6960.00    6980.00  0.000000000000000E+00  0.000000000000000E+00 0
 350    6980.00    7000.00  0.000000000000000E+00  0.000000000000000E+00 0
 351    7000.00    7020.00  0.000000000000000E+00  0.000000000000000E+00 0
 352    7020.00    7040.00  0.000000000000000E+00  0.000000000000000E+00 0
 353    7040.00    7060.00  0.000000000000000E+00  0.000000000000000E+00 0
 354    7060.00    7080.00  0.000000000000000E+00  0.000000000000000E+00 0
 355    7080.00    7100.00  0.000000000000000E+00  0.000000000000000E+00 0
 356    7100.00    7120.00  0.000000000000000E+00  0.000000000000000E+00 0
 357    7120.00    7140.00  0.000000000000000E+00  0.000000000000000E+00 0
 358    7140.00    7160.00  0.000000000000000E+00  0.000000000000000E+00 0
 359    7160.00    7180.00  0.000000000000000E+00  0.000000000000000E+00 0
 360    7180.00    7200.00  0.000000000000000E+00  0.000000000000000E+00 0
 361    7200.00    7220.00  0.000000000000000E+00  0.000000000000000E+00 0
 362    7220.00    7240.00  0.000000000000000E+00  0.000000000000000E+00 0
 363    7240.00    7260.00  0.000000000000000E+00  0.000000000000000E+00 0
 364    7260.00    7280.00  0.000000000000000E+00  0.000000000000000E+00 0
 365    7280.00    7300.00  0.000000000000000E+00  0.000000000000000E+00 0
 366    7300.00    7320.00  0.000000000000000E+00  0.000000000000000E+00 0
 367    7320.00    7340.00  0.000000000000000E+00  0.000000000000000E+00 0
 368    7340.00    7360.00  0.000000000000000E+00  0.000000000000000E+00 0
 369    7360.00    7380.00  0.000000000000000E+00  0.000000000000000E+00 0
 370    7380.00    7400.00  0.000000000000000E+00  0.000000000000000E+00 0
 371    7400.00    7420.00  0.000000000000000E+00  0.000000000000000E+00 0
 372    7420.00    7440.00  0.000000000000000E+00  0.000000000000000E+00 0
 373    7440.00    7460.00  0.000000000000000E+00  0.000000000000000E+00 0
 374    7460.00    7480.00  0.000000000000000E+00  0.000000000000000E+00 0
 375    7480.00    7500.00  0.000000000000000E+00  0.000000000000000E+00 0
 376    7500.00    7520.00  0.000000000000000E+00  0.000000000000000E+00 0
 377    7520.00    7540.00  0.000000000000000E+00  0.000000000000000E+00 0
 378    7540.00    7560.00  0.000000000000000E+00  0.000000000000000E+00 0
 379    7560.00    7580.00  0.000000000000000E+00  0.000000000000000E+00 0
 380    7580.00    7600.00  0.000000000000000E+00  0.000000000000000E+00 0
 381    7600.00    7620.00  0.000000000000000E+00  0.000000000000000E+00 0
 382    7620.00    7640.00  0.000000000000000E+00  0.000000000000000E+00 0
 383    7640.00    7660.00  0.000000000000000E+00  0.000000000000000E+00 0
 384    7660.00    7680.00  0.000000000000000E+00  0.000000000000000E+00 0
 385    7680.00    7700.00  0.000000000000000E+00  0.000000000000000E+00 0
 386    7700.00    7720.00  0.000000000000000E+00  0.000000000000000E+00 0
 387    7720.00    7740.00  0.000000000000000E+00  0.000000000000000E+00 0
 388    7740.00    7760.00  0.000000000000000E+00  0.000000000000000E+00 0
 389    7760.00    7780.00  0.000000000000000E+00  0.000000000000000E+00 0
 390    7780.00    7800.00  0.000000000000000E+00  0.000000000000000E+00 0
 391    7800.00    7820.00  0.000000000000000E+00  0.000000000000000E+00 0
 392    7820.00    7840.00  0.000000000000000E+00  0.000000000000000E+00 0
 393    7840.00    7860.00  0.000000000000000E+00  0.000000000000000E+00 0
 394    7860.00    7880.00  0.000000000000000E+00  0.000000000000000E+00 0
 395    7880.00    7900.00  0.000000000000000E+00  0.000000000000000E+00 0
 396    7900.00    7920.00  0.000000000000000E+00  0.000000000000000E+00 0
 397    7920.00    7940.00  0.000000000000000E+00  0.000000000000000E+00 0
 398    7940.00    7960.00  0.000000000000000E+00  0.000000000000000E+00 0
 399    7960.00    7980.00  0.000000000000000E+00  0.000000000000000E+00 0
 400    7980.00    8000.00  0.000000000000000E+00  0.000000000000000E+00 0
 401    8000.00    8020.00  0.000000000000000E+00  0.000000000000000E+00 0
 402    8020.00    8040.00  0.000000000000000E+00  0.000000000000000E+00 0
 403    8040.00    8060.00  0.000000000000000E+00  0.000000000000000E+00 0
 404    8060.00    8080.00  0.000000000000000E+00  0.000000000000000E+00 0
 405    8080.00    8100.00  0.000000000000000E+00  0.000000000000000E+00 0
 406    8100.00    8120.00  0.000000000000000E+00  0.000000000000000E+00 0
 407    8120.00    8140.00  0.000000000000000E+00  0.000000000000000E+00 0
 408    8140.00    8160.00  0.000000000000000E+00  0.000000000000000E+00 0
 409    8160.00    8180.00  0.000000000000000E+00  0.000000000000000E+00 0
 410    8180.00    8200.00  0.000000000000000E+00  0.000000000000000E+00 0
 411    8200.00    8220.00  0.000000000000000E+00  0.000000000000000E+00 0
 412    8220.00    8240.00  0.000000000000000E+00  0.000000000000000E+00 0
 413    8240.00    8260.00  0.000000000000000E+00  0.000000000000000E+00 0
 414    8260.00    8280.00  0.000000000000000E+00  0.000000000000000E+00 0
 415    8280.00    8300.00  0.000000000000000E+00  0.000000000000000E+00 0
 416    8300.00    8320.00  0.000000000000000E+00  0.000000000000000E+00 0
 417    8320.00    8340.00  0.000000000000000E+00  0.000000000000000E+00 0
 418    8340.00    8360.00  0.000000000000000E+00  0.000000000000000E+00 0
 419    8360.00    8380.00  0.000000000000000E+00  0.000000000000000E+00 0
 420    8380.00    8400.00  0.000000000000000E+00  0.000000000000000E+00 0
 421    8400.00    8420.00  0.000000000000000E+00  0.000000000000000E+00 0
 422    8420.00    8440.00  0.000000000000000E+00  0.000000000000000E+00 0
 423    8440.00    8460.00  0.000000000000000E+00  0.000000000000000E+00 0
 424    8460.00    8480.00  0.000000000000000E+00  0.000000000000000E+00 0
 425    8480.00    8500.00  0.000000000000000E+00  0.000000000000000E+00 0
 426    8500.00    8520.00  0.000000000000000E+00  0.000000000000000E+00 0
 427    8520.00    8540.00  0.000000000000000E+00  0.000000000000000E+00 0
 428    8540.00    8560.00  0.000000000000000E+00  0.000000000000000E+00 0
 429    8560.00    8580.00  0.000000000000000E+00  0.000000000000000E+00 0
 430    8580.00    8600.00  0.000000000000000E+00  0.000000000000000E+00 0
 431    8600.00    8620.00  0.000000000000000E+00  0.000000000000000E+00 0
 432    8620.00    8640.00  0.000000000000000E+00  0.000000000000000E+00 0
 433    8640.00    8660.00  0.000000000000000E+00  0.000000000000000E+00 0
 434    8660.00    8680.00  0.000000000000000E+00  0.000000000000000E+00 0
 435    8680.00    8700.00  0.000000000000000E+00  0.000000000000000E+00 0
 436    8700.00    8720.00  0.000000000000000E+00  0.000000000000000E+00 0
 437    8720.00    8740.00  0.000000000000000E+00  0.000000000000000E+00 0
 438    8740.00    8760.00  0.000000000000000E+00  0.000000000000000E+00 0
 439    8760.00    8780.00  0.000000000000000E+00  0.000000000000000E+00 0
 440    8780.00    8800.00  0.000000000000000E+00  0.000000000000000E+00 0
 441    8800.00    8820.00  0.000000000000000E+00  0.000000000000000E+00 0
 442    8820.00    8840.00  0.000000000000000E+00  0.000000000000000E+00 0
 443    8840.00    8860.00  0.000000000000000E+00  0.000000000000000E+00 0
 444    8860.00    8880.00  0.000000000000000E+00  0.000000000000000E+00 0
 445    8880.00    8900.00  0.000000000000000E+00  0.000000000000000E+00 0
 446    8900.00    8920.00  0.000000000000000E+00  0.000000000000000E+00 0
 447    8920.00    8940.00  0.000000000000000E+00  0.000000000000000E+00 0
 448    8940.00    8960.00  0.000000000000000E+00  0.000000000000000E+00 0
 449    8960.00    8980.00  0.000000000000000E+00  0.000000000000000E+00 0
 450    8980.00    9000.00  0.000000000000000E+00  0.000000000000000E+00 0
 451    9000.00    9020.00  0.000000000000000E+00  0.000000000000000E+00 0
 452    9020.00    9040.00  0.000000000000000E+00  0.000000000000000E+00 0
 453    9040.00    9060.00  0.000000000000000E+00  0.000000000000000E+00 0
 454    9060.00    9080.00  0.000000000000000E+00  0.000000000000000E+00 0
 455    9080.00    9100.00  0.000000000000000E+00  0.000000000000000E+00 0
 456    9100.00    9120.00  0.000000000000000E+00  0.000000000000000E+00 0
 457    9120.00    9140.00  0.000000000000000E+00  0.000000000000000E+00 0
 458    9140.00    9160.00  0.000000000000000E+00  0.000000000000000E+00 0
 459    9160.00    9180.00  0.000000000000000E+00  0.000000000000000E+00 0
 460    9180.00    9200.00  0.000000000000000E+00  0.000000000000000E+00 0
 461    9200.00    9220.00  0.000000000000000E+00  0.000000000000000E+00 0
 462    9220.00    9240.00  0.000000000000000E+00  0.000000000000000E+00 0
 463    9240.00    9260.00  0.000000000000000E+00  0.000000000000000E+00 0
 464    9260.00    9280.00  0.000000000000000E+00  0.000000000000000E+00 0
 465    9280.00    9300.00  0.000000000000000E+00  0.000000000000000E+00 0
 466    9300.00    9320.00  0.000000000000000E+00  0.000000000000000E+00 0
 467    9320.00    9340.00  0.000000000000000E+00  0.000000000000000E+00 0
 468    9340.00    9360.00  0.000000000000000E+00  0.000000000000000E+00 0
 469    9360.00    9380.00  0.000000000000000E+00  0.000000000000000E+00 0
 470    9380.00    9400.00  0.000000000000000E+00  0.000000000000000E+00 0
 471    9400.00    9420.00  0.000000000000000E+00  0.000000000000000E+00 0
 472    9420.00    9440.00  0.000000000000000E+00  0.000000000000000E+00 0
 473    9440.00    9460.00  0.000000000000000E+00  0.000000000000000E+00 0
 474    9460.00    9480.00  0.000000000000000E+00  0.000000000000000E+00 0
 475    9480.00    9500.00  0.000000000000000E+00  0.000000000000000E+00 0
 476    9500.00    9520.00  0.000000000000000E+00  0.000000000000000E+00 0
 477    9520.00    9540.00  0.000000000000000E+00  0.000000000000000E+00 0
 478    9540.00    9560.00  0.000000000000000E+00  0.000000000000000E+00 0
 479    9560.00    9580.00  0.000000000000000E+00  0.000000000000000E+00 0
 480    9580.00    9600.00  0.000000000000000E+00  0.000000000000000E+00 0
 481    9600.00    9620.00  0.000000000000000E+00  0.000000000000000E+00 0
 482    9620.00    9640.00  0.000000000000000E+00  0.000000000000000E+00 0
 483    9640.00    9660.00  0.000000000000000E+00  0.000000000000000E+00 0
 484    9660.00    9680.00  0.000000000000000E+00  0.000000000000000E+00 0
 485    9680.00    9700.00  0.000000000000000E+00  0.000000000000000E+00 0
 486    9700.00    9720.00  0.000000000000000E+00  0.000000000000000E+00 0
 487    9720.00    9740.00  0.000000000000000E+00  0.000000000000000E+00 0
 488    9740.00    9760.00  0.000000000000000E+00  0.000000000000000E+00 0
 489    9760.00    9780.00  0.000000000000000E+00  0.000000000000000E+00 0
 490    9780.00    9800.00  0.000000000000000E+00  0.000000000000000E+00 0
 491    9800.00    9820.00  0.000000000000000E+00  0.000000000000000E+00 0
 492    9820.00    9840.00  0.000000000000000E+00  0.000000000000000E+00 0
 493    9840.00    9860.00  0.000000000000000E+00  0.000000000000000E+00 0
 494    9860.00    9880.00  0.000000000000000E+00  0.000000000000000E+00 0
 495    9880.00    9900.00  0.000000000000000E+00  0.000000000000000E+00 0
 496    9900.00    9920.00  0.000000000000000E+00  0.000000000000000E+00 0
 497    9920.00    9940.00  0.000000000000000E+00  0.000000000000000E+00 0
 498    9940.00    9960.00  0.000000000000000E+00  0.000000000000000E+00 0
 499    9960.00    9980.00  0.000000000000000E+00  0.000000000000000E+00 0
 500    9980.00   10000.00  0.000000000000000E+00  0.000000000000000E+00 0
 501   10000.00   10020.00  0.000000000000000E+00  0.000000000000000E+00 0
 502   10020.00   10040.00  0.000000000000000E+00  0.000000000000000E+00 0
 503   10040.00   10060.00  0.000000000000000E+00  0.000000000000000E+00 0
 504   10060.00   10080.00  0.000000000000000E+00  0.000000000000000E+00 0
 505   10080.00   10100.00  0.000000000000000E+00  0.000000000000000E+00 0
 506   10100.00   10120.00  0.000000000000000E+00  0.000000000000000E+00 0
 507   10120.00   10140.00  0.000000000000000E+00  0.000000000000000E+00 0
 508   10140.00   10160.00  0.000000000000000E+00  0.000000000000000E+00 0
 509   10160.00   10180.00  0.000000000000000E+00  0.000000000000000E+00 0
 510   10180.00   10200.00  0.000000000000000E+00  0.000000000000000E+00 0
 511   10200.00   10220.00  0.000000000000000E+00  0.000000000000000E+00 0
 512   10220.00   10240.00  0.000000000000000E+00  0.000000000000000E+00 0
 513   10240.00   10260.00  0.000000000000000E+00  0.000000000000000E+00 0
 514   10260.00   10280.00  0.000000000000000E+00  0.000000000000000E+00 0
 515   10280.00   10300.00  0.000000000000000E+00  0.000000000000000E+00 0
 516   10300.00   10320.00  0.000000000000000E+00  0.000000000000000E+00 0
 517   10320.00   10340.00  0.000000000000000E+00  0.000000000000000E+00 0
 518   10340.00   10360.00  0.000000000000000E+00  0.000000000000000E+00 0
 519   10360.00   10380.00  0.000000000000000E+00  0.000000000000000E+00 0
 520   10380.00   10400.00  0.000000000000000E+00  0.000000000000000E+00 0
 521   10400.00   10420.00  0.000000000000000E+00  0.000000000000000E+00 0
 522   10420.00   10440.00  0.000000000000000E+00  0.000000000000000E+00 0
 523   10440.00   10460.00  0.000000000000000E+00  0.000000000000000E+00 0
 524   10460.00   10480.00  0.000000000000000E+00  0.000000000000000E+00 0
 525   10480.00   10500.00  0.000000000000000E+00  0.000000000000000E+00 0
 526   10500.00   10520.00  0.000000000000000E+00  0.000000000000000E+00 0
 527   10520.00   10540.00  0.000000000000000E+00  0.000000000000000E+00 0
 528   10540.00   10560.00  0.000000000000000E+00  0.000000000000000E+00 0
 529   10560.00   10580.00  0.000000000000000E+00  0.000000000000000E+00 0
 530   10580.00   10600.00  0.000000000000000E+00  0.000000000000000E+00 0
 531   10600.00   10620.00  0.000000000000000E+00  0.000000000000000E+00 0
 532   10620.00   10640.00  0.000000000000000E+00  0.000000000000000E+00 0
 533   10640.00   10660.00  0.000000000000000E+00  0.000000000000000E+00 0
 534   10660.00   10680.00  0.000000000000000E+00  0.000000000000000E+00 0
 535   10680.00   10700.00  0.000000000000000E+00  0.000000000000000E+00 0
 536   10700.00   10720.00  0.000000000000000E+00  0.000000000000000E+00 0
 537   10720.00   10740.00  0.000000000000000E+00  0.000000000000000E+00 0
 538   10740.00   10760.00  0.000000000000000E+00  0.000000000000000E+00 0
 539   10760.00   10780.00  0.000000000000000E+00  0.000000000000000E+00 0
 540   10780.00   10800.00  0.000000000000000E+00  0.000000000000000E+00 0
 541   10800.00   10820.00  0.000000000000000E+00  0.000000000000000E+00 0
 542   10820.00   10840.00  0.000000000000000E+00  0.000000000000000E+00 0
 543   10840.00   10860.00  0.000000000000000E+00  0.000000000000000E+00 0
 544   10860.00   10880.00  0.000000000000000E+00  0.000000000000000E+00 0
 545   10880.00   10900.00  0.000000000000000E+00  0.000000000000000E+00 0
 546   10900.00   10920.00  0.000000000000000E+00  0.000000000000000E+00 0
 547   10920.00   10940.00  0.000000000000000E+00  0.000000000000000E+00 0
 548   10940.00   10960.00  0.000000000000000E+00  0.000000000000000E+00 0
 549   10960.00   10980.00  0.000000000000000E+00  0.000000000000000E+00 0
 550   10980.00   11000.00  0.000000000000000E+00  0.000000000000000E+00 0
 551   11000.00   11020.00  0.000000000000000E+00  0.000000000000000E+00 0
 552   11020.00   11040.00  0.000000000000000E+00  0.000000000000000E+00 0
 553   11040.00   11060.00  0.000000000000000E+00  0.000000000000000E+00 0
 554   11060.00   11080.00  0.000000000000000E+00  0.000000000000000E+00 0
 555   11080.00   11100.00  0.000000000000000E+00  0.000000000000000E+00 0
 556   11100.00   11120.00  0.000000000000000E+00  0.000000000000000E+00 0
 557   11120.00   11140.00  0.000000000000000E+00  0.000000000000000E+00 0
 558   11140.00   11160.00  0.000000000000000E+00  0.000000000000000E+00 0
 559   11160.00   11180.00  0.000000000000000E+00  0.000000000000000E+00 0
 560   11180.00   11200.00  0.000000000000000E+00  0.000000000000000E+00 0
 561   11200.00   11220.00  0.000000000000000E+00  0.000000000000000E+00 0
 562   11220.00   11240.00  0.000000000000000E+00  0.000000000000000E+00 0
 563   11240.00   11260.00  0.000000000000000E+00  0.000000000000000E+00 0
 564   11260.00   11280.00  0.000000000000000E+00  0.000000000000000E+00 0
 565   11280.00   11300.00  0.000000000000000E+00  0.000000000000000E+00 0
 566   11300.00   11320.00  0.000000000000000E+00  0.000000000000000E+00 0
 567   11320.00   11340.00  0.000000000000000E+00  0.000000000000000E+00 0
 568   11340.00   11360.00  0.000000000000000E+00  0.000000000000000E+00 0
 569   11360.00   11380.00  0.000000000000000E+00  0.000000000000000E+00 0
 570   11380.00   11400.00  0.000000000000000E+00  0.000000000000000E+00 0
 571   11400.00   11420.00  0.000000000000000E+00  0.000000000000000E+00 0
 572   11420.00   11440.00  0.000000000000000E+00  0.000000000000000E+00 0
 573   11440.00   11460.00  0.000000000000000E+00  0.000000000000000E+00 0
 574   11460.00   11480.00  0.000000000000000E+00  0.000000000000000E+00 0
 575   11480.00   11500.00  0.000000000000000E+00  0.000000000000000E+00 0
 576   11500.00   11520.00  0.000000000000000E+00  0.000000000000000E+00 0
 577   11520.00   11540.00  0.000000000000000E+00  0.000000000000000E+00 0
 578   11540.00   11560.00  0.000000000000000E+00  0.000000000000000E+00 0
 579   11560.00   11580.00  0.000000000000000E+00  0.000000000000000E+00 0
 580   11580.00   11600.00  0.000000000000000E+00  0.000000000000000E+00 0
 581   11600.00   11620.00  0.000000000000000E+00  0.000000000000000E+00 0
 582   11620.00   11640.00  0.000000000000000E+00  0.000000000000000E+00 0
 583   11640.00   11660.00  0.000000000000000E+00  0.000000000000000E+00 0
 584   11660.00   11680.00  0.000000000000000E+00  0.000000000000000E+00 0
 585   11680.00   11700.00  0.000000000000000E+00  0.000000000000000E+00 0
 586   11700.00   11720.00  0.000000000000000E+00  0.000000000000000E+00 0
 587   11720.00   11740.00  0.000000000000000E+00  0.000000000000000E+00 0
 588   11740.00   11760.00  0.000000000000000E+00  0.000000000000000E+00 0
 589   11760.00   11780.00  0.000000000000000E+00  0.000000000000000E+00 0
 590   11780.00   11800.00  0.000000000000000E+00  0.000000000000000E+00 0
 591   11800.00   11820.00  0.000000000000000E+00  0.000000000000000E+00 0
 592   11820.00   11840.00  0.000000000000000E+00  0.000000000000000E+00 0
 593   11840.00   11860.00  0.000000000000000E+00  0.000000000000000E+00 0
 594   11860.00   11880.00  0.000000000000000E+00  0.000000000000000E+00 0
 595   11880.00   11900.00  0.000000000000000E+00  0.000000000000000E+00 0
 596   11900.00   11920.00  0.000000000000000E+00  0.000000000000000E+00 0
 597   11920.00   11940.00  0.000000000000000E+00  0.000000000000000E+00 0
 598   11940.00   11960.00  0.000000000000000E+00  0.000000000000000E+00 0
 599   11960.00   11980.00  0.000000000000000E+00  0.000000000000000E+00 0
 600   11980.00   12000.00  0.000000000000000E+00  0.000000000000000E+00 0
 601   12000.00   12020.00  0.000000000000000E+00  0.000000000000000E+00 0
 602   12020.00   12040.00  0.000000000000000E+00  0.000000000000000E+00 0
 603   12040.00   12060.00  0.000000000000000E+00  0.000000000000000E+00 0
 604   12060.00   12080.00  0.000000000000000E+00  0.000000000000000E+00 0
 605   12080.00   12100.00  0.000000000000000E+00  0.000000000000000E+00 0
 606   12100.00   12120.00  0.000000000000000E+00  0.000000000000000E+00 0
 607   12120.00   12140.00  0.000000000000000E+00  0.000000000000000E+00 0
 608   12140.00   12160.00  0.000000000000000E+00  0.000000000000000E+00 0
 609   12160.00   12180.00  0.000000000000000E+00  0.000000000000000E+00 0
 610   12180.00   12200.00  0.000000000000000E+00  0.000000000000000E+00 0
 611   12200.00   12220.00  0.000000000000000E+00  0.000000000000000E+00 0
 612   12220.00   12240.00  0.000000000000000E+00  0.000000000000000E+00 0
 613   12240.00   12260.00  0.000000000000000E+00  0.000000000000000E+00 0
 614   12260.00   12280.00  0.000000000000000E+00  0.000000000000000E+00 0
 615   12280.00   12300.00  0.000000000000000E+00  0.000000000000000E+00 0
 616   12300.00   12320.00  0.000000000000000E+00  0.000000000000000E+00 0
 617   12320.00   12340.00  0.000000000000000E+00  0.000000000000000E+00 0
 618   12340.00   12360.00  0.000000000000000E+00  0.000000000000000E+00 0
 619   12360.00   12380.00  0.000000000000000E+00  0.000000000000000E+00 0
 620   12380.00   12400.00  0.000000000000000E+00  0.000000000000000E+00 0
 621   12400.00   12420.00  0.000000000000000E+00  0.000000000000000E+00 0
 622   12420.00   12440.00  0.000000000000000E+00  0.000000000000000E+00 0
 623   12440.00   12460.00  0.000000000000000E+00  0.000000000000000E+00 0
 624   12460.00   12480.00  0.000000000000000E+00  0.000000000000000E+00 0
 625   12480.00   12500.00  0.000000000000000E+00  0.000000000000000E+00 0
 626   12500.00   12520.00  0.000000000000000E+00  0.000000000000000E+00 0
 627   12520.00   12540.00  0.000000000000000E+00  0.000000000000000E+00 0
 628   12540.00   12560.00  0.000000000000000E+00  0.000000000000000E+00 0
 629   12560.00   12580.00  0.000000000000000E+00  0.000000000000000E+00 0
 630   12580.00   12600.00  0.000000000000000E+00  0.000000000000000E+00 0
 631   12600.00   12620.00  0.000000000000000E+00  0.000000000000000E+00 0
 632   12620.00   12640.00  0.000000000000000E+00  0.000000000000000E+00 0
 633   12640.00   12660.00  0.000000000000000E+00  0.000000000000000E+00 0
 634   12660.00   12680.00  0.000000000000000E+00  0.000000000000000E+00 0
 635   12680.00   12700.00  0.000000000000000E+00  0.000000000000000E+00 0
 636   12700.00   12720.00  0.000000000000000E+00  0.000000000000000E+00 0
 637   12720.00   12740.00  0.000000000000000E+00  0.000000000000000E+00 0
 638   12740.00   12760.00  0.000000000000000E+00  0.000000000000000E+00 0
 639   12760.00   12780.00  0.000000000000000E+00  0.000000000000000E+00 0
 640   12780.00   12800.00  0.000000000000000E+00  0.000000000000000E+00 0
 641   12800.00   12820.00  0.000000000000000E+00  0.000000000000000E+00 0
 642   12820.00   12840.00  0.000000000000000E+00  0.000000000000000E+00 0
 643   12840.00   12860.00  0.000000000000000E+00  0.000000000000000E+00 0
 644   12860.00   12880.00  0.000000000000000E+00  0.000000000000000E+00 0
 645   12880.00   12900.00  0.000000000000000E+00  0.000000000000000E+00 0
 646   12900.00   12920.00  0.000000000000000E+00  0.000000000000000E+00 0
 647   12920.00   12940.00  0.000000000000000E+00  0.000000000000000E+00 0
 648   12940.00   12960.00  0.000000000000000E+00  0.000000000000000E+00 0
 649   12960.00   12980.00  0.000000000000000E+00  0.000000000000000E+00 0
 650   12980.00   13000.00  0.000000000000000E+00  0.000000000000000E+00 0
# Underflow:                 0.0000000000000000E+00  0.0000000000000000E+00 0
# Overflow:                  0.0000000000000000E+00  0.0000000000000000E+00 0
#-------------------------------------------------------------------------------------
# Sum:                       1.0470396855789694E+00  2.3184934495305978E-04 237479000
#=====================================================================================
# Number of generated events: 2722077414
