# title = CMS Energy
# xlabel = $\sqrt{\hat{s}}\,$[GeV]
# ylabel = $\frac{\text{d}\sigma}{\text{d}\sqrt{\hat{s}}}\,\left[\frac{\text{fb}}{\text{GeV}}\right]$
# xmin=  5.000E+02
# xmax=  4.000E+03
# ymin=  1.000E-07
# ymax=  1.000E-03
# kmin= -2.000E+01
# kmax=  1.000E+01
# logscale = true
# Renormalization and factorization scale scaled by: 1.0000000000
# Renormalization scaled by: 1.0000000000
#
#
#=====================================================================================
# No.       Left      Right                   Value                   Error Hits
#-------------------------------------------------------------------------------------
   1       0.00     100.00  0.000000000000000E+00  0.000000000000000E+00 0
   2     100.00     200.00  0.000000000000000E+00  0.000000000000000E+00 0
   3     200.00     300.00  0.000000000000000E+00  0.000000000000000E+00 0
   4     300.00     400.00  0.000000000000000E+00  0.000000000000000E+00 0
   5     400.00     500.00  0.000000000000000E+00  0.000000000000000E+00 0
   6     500.00     600.00  0.000000000000000E+00  0.000000000000000E+00 0
   7     600.00     700.00 -6.398722952871353E-06  2.287526336524521E-07 1337959
   8     700.00     800.00 -1.619202385940121E-04  1.962944698901621E-06 12137033
   9     800.00     900.00 -2.769888178967427E-04  4.170867939556059E-06 21027442
  10     900.00    1000.00 -2.497146643624377E-04  6.345388453912361E-06 26496689
  11    1000.00    1100.00 -1.786883300734527E-04  9.023750929498784E-06 29558188
  12    1100.00    1200.00 -7.572484003888818E-05  1.174269499523206E-05 31016831
  13    1200.00    1300.00  1.824939432295835E-05  1.436454408785403E-05 31457283
  14    1300.00    1400.00  9.069451146291538E-05  1.343490422224238E-05 31265057
  15    1400.00    1500.00  1.409323760914538E-04  1.559038928185931E-05 30659775
  16    1500.00    1600.00  2.235458966883730E-04  1.729045950074106E-05 29825961
  17    1600.00    1700.00  2.403337080113156E-04  1.861028326860096E-05 28856503
  18    1700.00    1800.00  3.148287250201705E-04  1.942997320017750E-05 27808816
  19    1800.00    1900.00  3.705662163889258E-04  1.970132786915714E-05 26700067
  20    1900.00    2000.00  3.856294587644552E-04  2.121591615096410E-05 25615912
  21    2000.00    2100.00  3.940674633875046E-04  2.324771810684378E-05 24531569
  22    2100.00    2200.00  4.107456543820049E-04  2.262070457323602E-05 23483677
  23    2200.00    2300.00  3.750894740481213E-04  2.548607828692746E-05 22463917
  24    2300.00    2400.00  4.816875540114931E-04  2.584567046050672E-05 21485896
  25    2400.00    2500.00  4.342216060950311E-04  2.295921300099102E-05 20539755
  26    2500.00    2600.00  4.670384872974461E-04  2.144322208338841E-05 19643159
  27    2600.00    2700.00  3.990043327985419E-04  2.561149761066414E-05 18787432
  28    2700.00    2800.00  4.382237959424402E-04  2.665495840694383E-05 17957636
  29    2800.00    2900.00  3.762625060284552E-04  2.362419575779092E-05 17185345
  30    2900.00    3000.00  3.624388673867358E-04  2.344148615641207E-05 16444106
  31    3000.00    3100.00  4.072105556496577E-04  2.111549316174082E-05 15730082
  32    3100.00    3200.00  3.476535499532647E-04  2.137623467660565E-05 15060676
  33    3200.00    3300.00  3.193381222304935E-04  2.282659053210102E-05 14421344
  34    3300.00    3400.00  3.117270849426954E-04  3.301773756606826E-05 13814553
  35    3400.00    3500.00  3.895459514823715E-04  3.188365916549000E-05 13231628
  36    3500.00    3600.00  3.050193381709321E-04  1.692647385703062E-05 12681315
  37    3600.00    3700.00  2.839882916936335E-04  1.778084468277150E-05 12156850
  38    3700.00    3800.00  2.576499132499788E-04  1.775059730671223E-05 11656845
  39    3800.00    3900.00  2.435689242042300E-04  1.614196186522723E-05 11183152
  40    3900.00    4000.00  2.359893035478935E-04  1.556025350783040E-05 10729843
  41    4000.00    4100.00  2.356821173829854E-04  1.329378822505508E-05 10294070
  42    4100.00    4200.00  1.746244756586026E-04  1.488351842748685E-05 9883838
  43    4200.00    4300.00  1.983471379736589E-04  1.522811500626591E-05 9482077
  44    4300.00    4400.00  1.679512816920166E-04  1.205145419264628E-05 9115671
  45    4400.00    4500.00  1.433024324631927E-04  1.133014420655838E-05 8753033
  46    4500.00    4600.00  1.483631547678336E-04  1.180452252638504E-05 8409021
  47    4600.00    4700.00  1.397787397854085E-04  1.021567981146790E-05 8071237
  48    4700.00    4800.00  1.035611034443211E-04  1.022710824668074E-05 7764055
  49    4800.00    4900.00  1.114274150256884E-04  1.106051643353585E-05 7464807
  50    4900.00    5000.00  1.137590494145157E-04  1.036316984465167E-05 7168562
  51    5000.00    5100.00  9.222820924415836E-05  9.077038428729096E-06 6892808
  52    5100.00    5200.00  9.018405825526710E-05  7.873227532355232E-06 6629270
  53    5200.00    5300.00  6.375181033687622E-05  7.062078115451845E-06 6375172
  54    5300.00    5400.00  6.857402190590889E-05  6.115336555906640E-06 6130714
  55    5400.00    5500.00  6.474815667450266E-05  5.230202894152994E-06 5903012
  56    5500.00    5600.00  5.212609410576015E-05  4.442444612499664E-06 5675515
  57    5600.00    5700.00  5.296866101901063E-05  4.333001108080315E-06 5457127
  58    5700.00    5800.00  4.717094870488612E-05  3.755732986545724E-06 5253233
  59    5800.00    5900.00  3.319703231219327E-05  3.297246817991379E-06 5053155
  60    5900.00    6000.00  3.803780910286535E-05  3.161278207607281E-06 4860737
  61    6000.00    6100.00  2.986847560165344E-05  2.813905805864548E-06 4679879
  62    6100.00    6200.00  2.666501469796203E-05  2.434875681685822E-06 4501757
  63    6200.00    6300.00  2.030975884792112E-05  2.276737441807072E-06 4330587
  64    6300.00    6400.00  2.075944541478529E-05  2.208668916956202E-06 4166519
  65    6400.00    6500.00  2.028630725793464E-05  1.973680159423482E-06 4011726
  66    6500.00    6600.00  1.756180616146087E-05  1.800804680258293E-06 3857652
  67    6600.00    6700.00  1.361147006357198E-05  1.308432824995276E-06 3711031
  68    6700.00    6800.00  1.383562748957025E-05  1.150814131571892E-06 3569401
  69    6800.00    6900.00  1.020489923335804E-05  9.527533732618030E-07 3432059
  70    6900.00    7000.00  9.363137305465246E-06  8.368066719774738E-07 3302804
  71    7000.00    7100.00  7.814066180705445E-06  7.407634807358416E-07 3176534
  72    7100.00    7200.00  6.166180845388804E-06  7.577763102151850E-07 3053372
  73    7200.00    7300.00  6.285924442423287E-06  6.233590596926126E-07 2939041
  74    7300.00    7400.00  4.700227928316040E-06  6.366729928633232E-07 2820469
  75    7400.00    7500.00  4.289256027537633E-06  5.975349531717473E-07 2715744
  76    7500.00    7600.00  4.526474385841818E-06  9.229583553189709E-07 2607520
  77    7600.00    7700.00  2.871388205862451E-06  3.997735360820582E-07 2508380
  78    7700.00    7800.00  2.831701172919705E-06  3.237863748945922E-07 2412323
  79    7800.00    7900.00  2.359112354118313E-06  2.309610962538211E-07 2313948
  80    7900.00    8000.00  1.704195720140683E-06  1.758514175321119E-07 2224520
  81    8000.00    8100.00  1.368744113633285E-06  1.576750509739571E-07 2133134
  82    8100.00    8200.00  1.136938700346710E-06  1.552463344116208E-07 2050718
  83    8200.00    8300.00  9.476927232138154E-07  1.785213975138794E-07 1968102
  84    8300.00    8400.00  9.533035954347080E-07  1.574519841754644E-07 1886637
  85    8400.00    8500.00  7.778535841003458E-07  1.307332605863341E-07 1810733
  86    8500.00    8600.00  5.798359859128494E-07  1.089551561093005E-07 1733904
  87    8600.00    8700.00  5.344550039495062E-07  8.510088861001911E-08 1663597
  88    8700.00    8800.00  4.127747586522296E-07  5.131097449312155E-08 1593568
  89    8800.00    8900.00  3.616142482577515E-07  4.815298559164715E-08 1524364
  90    8900.00    9000.00  2.148200880307305E-07  2.335845046696348E-08 1457293
  91    9000.00    9100.00  1.510137167907194E-07  2.609889795246744E-08 1394210
  92    9100.00    9200.00  1.728707958006559E-07  2.590064273244305E-08 1336087
  93    9200.00    9300.00  1.228075456713265E-07  1.926060805615136E-08 1274601
  94    9300.00    9400.00  1.050902953667907E-07  1.181369440834011E-08 1218736
  95    9400.00    9500.00  6.846822914609746E-08  7.852113710929363E-09 1162507
  96    9500.00    9600.00  5.742130719591182E-08  5.592146336730419E-09 1109030
  97    9600.00    9700.00  4.427463142298387E-08  4.897944215288831E-09 1056592
  98    9700.00    9800.00  2.741603422442243E-08  6.793077282447638E-09 1006560
  99    9800.00    9900.00  2.880513855176644E-08  6.757067593467526E-09 959113
 100    9900.00   10000.00  1.719590376805439E-08  2.276897996432832E-09 910061
 101   10000.00   10100.00  1.417879737378307E-08  1.481473091834509E-09 864344
 102   10100.00   10200.00  7.673104845156285E-09  1.020605301360516E-09 820052
 103   10200.00   10300.00  6.991052953690506E-09  9.055116108067469E-10 778980
 104   10300.00   10400.00  4.350401506968009E-09  1.000378772220478E-09 735152
 105   10400.00   10500.00  3.966394183987935E-09  7.990694245163221E-10 694822
 106   10500.00   10600.00  2.027570931783877E-09  2.834278517150616E-10 655014
 107   10600.00   10700.00  1.776903724193846E-09  2.108616455358448E-10 616179
 108   10700.00   10800.00  1.130414364927832E-09  1.153158086392457E-10 579938
 109   10800.00   10900.00  6.739655941900861E-10  7.714839656357736E-11 545690
 110   10900.00   11000.00  4.426400822291464E-10  6.080513916830078E-11 511297
 111   11000.00   11100.00  2.185872622878197E-10  4.020745946235789E-11 478861
 112   11100.00   11200.00  1.927301989382113E-10  3.448472919770661E-11 445917
 113   11200.00   11300.00  6.105031177580685E-11  3.382469026865581E-11 414178
 114   11300.00   11400.00  9.746064013452689E-11  3.201900051639773E-11 383746
 115   11400.00   11500.00  3.444849288972135E-11  1.191632700190741E-11 353664
 116   11500.00   11600.00  2.108952773477425E-11  4.024330116476236E-12 325347
 117   11600.00   11700.00  9.664409335358614E-12  1.427611016780507E-12 297109
 118   11700.00   11800.00  2.518288392821948E-12  2.356626722170838E-12 270234
 119   11800.00   11900.00  2.558043139875499E-12  5.193597905889359E-13 245079
 120   11900.00   12000.00  8.860575487622932E-13  1.910920034767284E-13 219848
 121   12000.00   12100.00  3.143256790515914E-13  9.238750165739475E-14 195315
 122   12100.00   12200.00  1.698529757421930E-13  7.071479005053045E-14 171699
 123   12200.00   12300.00  3.106196760505420E-14  1.369757391328219E-14 148831
 124   12300.00   12400.00 -8.795933279802994E-15  7.205579401203962E-15 126778
 125   12400.00   12500.00 -4.353246704272658E-15  1.820063497955947E-15 104951
 126   12500.00   12600.00 -2.278781550315633E-15  9.791853164455855E-16 83938
 127   12600.00   12700.00 -1.560323513288524E-15  4.996081186397127E-16 64579
 128   12700.00   12800.00 -3.506815559802000E-16  1.437755019834870E-16 44811
 129   12800.00   12900.00 -2.580482559954975E-17  1.229223536600312E-17 26325
 130   12900.00   13000.00 -7.622945911485959E-19  2.127105871724887E-18 8304
# Underflow:                 0.0000000000000000E+00  0.0000000000000000E+00 0
# Overflow:                  0.0000000000000000E+00  0.0000000000000000E+00 0
#-------------------------------------------------------------------------------------
# Sum:                       1.0470396855789064E+00  2.3198275959741756E-04 237479000
#=====================================================================================
# Number of generated events: 2722077414
