# title = Invariant Mass visible System
# xlabel = $M_{\text{e}^+\mu^+\text{j}_1\text{j}_2}\,$[GeV]
# ylabel = $\frac{\text{d}\sigma}{\text{d}M_{\text{e}^+\mu^+\text{j}_1\text{j}_2}}\,\left[\frac{\text{fb}}{\text{GeV}}\right]$
# xmin=  0.000E+00
# xmax=  1.600E+03
# ymin=  1.000E-06
# ymax=  1.000E-02
# kmin= -2.000E+01
# kmax=  1.000E+01
# logscale = true
# Renormalization and factorization scale scaled by: 1.0000000000
# Renormalization scaled by: 1.0000000000
#
#
#=====================================================================================
# No.       Left      Right                   Value                   Error Hits
#-------------------------------------------------------------------------------------
   1       0.00      20.00  0.000000000000000E+00  0.000000000000000E+00 0
   2      20.00      40.00  0.000000000000000E+00  0.000000000000000E+00 0
   3      40.00      60.00  0.000000000000000E+00  0.000000000000000E+00 0
   4      60.00      80.00  0.000000000000000E+00  0.000000000000000E+00 0
   5      80.00     100.00  0.000000000000000E+00  0.000000000000000E+00 0
   6     100.00     120.00  0.000000000000000E+00  0.000000000000000E+00 0
   7     120.00     140.00  0.000000000000000E+00  0.000000000000000E+00 0
   8     140.00     160.00  0.000000000000000E+00  0.000000000000000E+00 0
   9     160.00     180.00  0.000000000000000E+00  0.000000000000000E+00 0
  10     180.00     200.00  0.000000000000000E+00  0.000000000000000E+00 0
  11     200.00     220.00  0.000000000000000E+00  0.000000000000000E+00 0
  12     220.00     240.00  0.000000000000000E+00  0.000000000000000E+00 0
  13     240.00     260.00  0.000000000000000E+00  0.000000000000000E+00 0
  14     260.00     280.00  4.513650203833659E-14  4.505345290841659E-14 2
  15     280.00     300.00  0.000000000000000E+00  0.000000000000000E+00 0
  16     300.00     320.00  9.801025914817031E-13  7.280246657803556E-13 4
  17     320.00     340.00  1.725102886725631E-11  1.510262980473540E-11 11
  18     340.00     360.00  1.254985724494413E-11  8.572287718126852E-12 12
  19     360.00     380.00  3.282977757460637E-11  3.166021260521713E-11 11
  20     380.00     400.00  1.928498579744871E-11  1.566817365556901E-11 18
  21     400.00     420.00  1.952182771877448E-11  1.260355401160587E-11 19
  22     420.00     440.00  3.057870137479799E-11  2.174320545708274E-11 18
  23     440.00     460.00  9.180604517770131E-11  5.726158163135678E-11 29
  24     460.00     480.00  1.263360354242985E-10  7.346397538151009E-11 38
  25     480.00     500.00  1.940827232399904E-10  9.347700306370250E-11 29
  26     500.00     520.00  3.822391025082860E-11  1.623045918661026E-11 27
  27     520.00     540.00 -6.884224459419683E-09  8.051745474093505E-09 84
  28     540.00     560.00 -1.801126799929935E-07  1.361451383466415E-06 35583
  29     560.00     580.00  1.958766816227665E-05  4.537748704449238E-06 492339
  30     580.00     600.00  3.878413168207619E-05  6.536846971662700E-06 1607778
  31     600.00     620.00  1.061260390478232E-04  7.548827697088223E-06 2685364
  32     620.00     640.00  1.530272037890646E-04  9.706852414065904E-06 3601148
  33     640.00     660.00  2.094789909404691E-04  1.041372269343144E-05 4377660
  34     660.00     680.00  2.360730411353434E-04  1.132538403857800E-05 5036373
  35     680.00     700.00  3.035337517797268E-04  1.565392621102052E-05 5595449
  36     700.00     720.00  3.254668222991510E-04  2.258874168877525E-05 6062249
  37     720.00     740.00  3.579033133806567E-04  1.668561219376616E-05 6466818
  38     740.00     760.00  3.595536706224700E-04  1.687581070859033E-05 6802473
  39     760.00     780.00  4.315347397594954E-04  1.831249065059038E-05 7081916
  40     780.00     800.00  4.501217029772585E-04  1.805999585003928E-05 7315900
  41     800.00     820.00  4.539112110040892E-04  2.121938045266746E-05 7511114
  42     820.00     840.00  4.654781870916617E-04  2.244249628632884E-05 7672969
  43     840.00     860.00  4.945934381779694E-04  1.991960622717759E-05 7800500
  44     860.00     880.00  4.773551682383877E-04  2.289790585448778E-05 7904243
  45     880.00     900.00  4.665226763215290E-04  2.686240293905663E-05 7985664
  46     900.00     920.00  5.240440155108204E-04  2.669564228980650E-05 8042608
  47     920.00     940.00  5.261731745887928E-04  2.339801957472248E-05 8082814
  48     940.00     960.00  5.809622309603652E-04  2.511397767677496E-05 8109472
  49     960.00     980.00  5.241860620380283E-04  3.111635928453058E-05 8128601
  50     980.00    1000.00  5.309017955979502E-04  3.292617375582364E-05 8128447
  51    1000.00    1020.00  5.565665729768462E-04  3.863165437972906E-05 8119511
  52    1020.00    1040.00  5.882211845857070E-04  2.579529975495302E-05 8104174
  53    1040.00    1060.00  5.858726583633388E-04  3.118311025894916E-05 8087230
  54    1060.00    1080.00  5.227299712087979E-04  3.333687808731336E-05 8049826
  55    1080.00    1100.00  5.701233203995368E-04  3.294480896351099E-05 8016741
  56    1100.00    1120.00  5.496239018398050E-04  3.063877896440523E-05 7973011
  57    1120.00    1140.00  5.756009939216114E-04  3.372759330305870E-05 7926083
  58    1140.00    1160.00  5.399882573157705E-04  4.035564739056284E-05 7879860
  59    1160.00    1180.00  5.904994075590521E-04  3.948150529000612E-05 7828386
  60    1180.00    1200.00  5.647927164945399E-04  3.162123136539939E-05 7771268
  61    1200.00    1220.00  5.417828375957835E-04  3.259040104499446E-05 7715049
  62    1220.00    1240.00  5.248661109170345E-04  3.605859289286680E-05 7648351
  63    1240.00    1260.00  5.829989920000173E-04  3.492113340808688E-05 7584788
  64    1260.00    1280.00  5.011125149842803E-04  3.634679857597974E-05 7520820
  65    1280.00    1300.00  5.784348940422413E-04  3.573530814061389E-05 7447683
  66    1300.00    1320.00  6.250867650056007E-04  4.450710217151909E-05 7385628
  67    1320.00    1340.00  5.099452337137565E-04  4.550545249989780E-05 7316259
  68    1340.00    1360.00  4.684856150705697E-04  3.682925444941276E-05 7248367
  69    1360.00    1380.00  6.112610143323218E-04  3.486594827632817E-05 7176673
  70    1380.00    1400.00  4.932206167109820E-04  4.394923126666152E-05 7108443
  71    1400.00    1420.00  5.621722067612434E-04  4.507753940531539E-05 7035475
  72    1420.00    1440.00  5.212496472471028E-04  3.807522802794349E-05 6967641
  73    1440.00    1460.00  4.803309980050975E-04  3.859009757350730E-05 6894030
  74    1460.00    1480.00  5.413183605969328E-04  3.790149765013940E-05 6823285
  75    1480.00    1500.00  7.127370536780099E-04  1.608772059682866E-04 6755992
  76    1500.00    1520.00  3.603179225278714E-04  1.612845815126276E-04 6685318
  77    1520.00    1540.00  5.238448810450064E-04  4.188821461390255E-05 6613606
  78    1540.00    1560.00  4.547402042451948E-04  4.396344717807449E-05 6543122
  79    1560.00    1580.00  4.891128757690709E-04  4.726917079648758E-05 6475087
  80    1580.00    1600.00  5.064906685313347E-04  5.512321350017289E-05 6400072
  81    1600.00    1620.00  4.774684214302455E-04  5.431726589586909E-05 6333641
  82    1620.00    1640.00  4.418084462580652E-04  4.718811597846088E-05 6264755
  83    1640.00    1660.00  5.120822045267486E-04  4.370821774971830E-05 6198984
  84    1660.00    1680.00  4.651602021521207E-04  4.878568102886216E-05 6130337
  85    1680.00    1700.00  3.982917298636288E-04  4.912098840903577E-05 6065117
  86    1700.00    1720.00  4.530950061156448E-04  4.304197214072228E-05 6000887
  87    1720.00    1740.00  4.100851428584013E-04  4.544043777317077E-05 5935209
  88    1740.00    1760.00  4.599723989317396E-04  4.286050506445802E-05 5862456
  89    1760.00    1780.00  3.893803303830053E-04  4.306826098615271E-05 5805274
  90    1780.00    1800.00  4.767203525219624E-04  4.735661884669872E-05 5734699
  91    1800.00    1820.00  4.444168556910480E-04  5.490090751995803E-05 5679017
  92    1820.00    1840.00  3.969931751789207E-04  4.796685127850250E-05 5612530
  93    1840.00    1860.00  3.856587091560658E-04  4.994831389612059E-05 5548609
  94    1860.00    1880.00  3.814997005061641E-04  4.440981398017044E-05 5491105
  95    1880.00    1900.00  3.753720030773748E-04  4.309755162676012E-05 5429912
  96    1900.00    1920.00  4.579125029227978E-04  4.458395930125003E-05 5370299
  97    1920.00    1940.00  9.279667422718663E-04  5.213741805795371E-04 5307432
  98    1940.00    1960.00 -1.678527686266988E-04  5.233166944789185E-04 5249196
  99    1960.00    1980.00  3.059147563757684E-04  9.413929459882625E-05 5195494
 100    1980.00    2000.00  4.509924094347271E-04  8.645263925061184E-05 5139113
 101    2000.00    2020.00  4.330152404214322E-04  4.759326010589542E-05 5079545
 102    2020.00    2040.00  4.913711698779918E-04  5.719442052695133E-05 5020508
 103    2040.00    2060.00  2.355734251416064E-04  5.624032945125870E-05 4969360
 104    2060.00    2080.00  2.934276463437655E-04  4.238205479380038E-05 4914835
 105    2080.00    2100.00  3.069602373517143E-04  4.170363336929832E-05 4857811
 106    2100.00    2120.00  3.648933554628464E-04  3.951981035414614E-05 4801544
 107    2120.00    2140.00  3.990741019051543E-04  4.072377678473872E-05 4751506
 108    2140.00    2160.00  3.628505281800980E-04  4.984843830067751E-05 4699430
 109    2160.00    2180.00  2.978942541860823E-04  4.920178706480114E-05 4648125
 110    2180.00    2200.00  2.887992305737739E-04  3.901948699316265E-05 4598456
 111    2200.00    2220.00  3.844878356960113E-04  4.082804151156768E-05 4548131
 112    2220.00    2240.00  2.888087735987210E-04  4.392996963335637E-05 4497639
 113    2240.00    2260.00  3.428017866330644E-04  4.734277141124014E-05 4451667
 114    2260.00    2280.00  3.012518894227778E-04  3.875042048749773E-05 4399792
 115    2280.00    2300.00  2.652850369216937E-04  4.019887792401595E-05 4353837
 116    2300.00    2320.00  2.359694733003391E-04  5.310091536152355E-05 4306635
 117    2320.00    2340.00  3.156935269160416E-04  4.859231698564473E-05 4262418
 118    2340.00    2360.00  2.542808995199904E-04  4.413959749218432E-05 4213917
 119    2360.00    2380.00  2.250899722064208E-04  5.070594669066036E-05 4168660
 120    2380.00    2400.00  3.222063965213431E-04  4.871430372295214E-05 4124635
 121    2400.00    2420.00  2.322161916591903E-04  4.960303708372700E-05 4078027
 122    2420.00    2440.00  2.861334584295779E-04  4.558821689686270E-05 4032579
 123    2440.00    2460.00  2.310138184673366E-04  3.842874339090970E-05 3988756
 124    2460.00    2480.00  3.170243076952314E-04  5.124456952063014E-05 3949064
 125    2480.00    2500.00  2.772378458121783E-04  6.811103941686074E-05 3911331
 126    2500.00    2520.00  1.996514257891578E-04  6.095445749528428E-05 3866073
 127    2520.00    2540.00  2.742670853632143E-04  5.811112361551347E-05 3821315
 128    2540.00    2560.00  1.867762448589565E-04  5.373749567277984E-05 3783741
 129    2560.00    2580.00  2.512084186055010E-04  3.814274631816035E-05 3746553
 130    2580.00    2600.00  1.853751201965966E-04  3.744123215044792E-05 3704009
 131    2600.00    2620.00  1.832275392658190E-04  3.943439198307288E-05 3665630
 132    2620.00    2640.00  2.757188198199860E-04  3.878452263704227E-05 3628259
 133    2640.00    2660.00  2.089201553627128E-04  4.577750041755363E-05 3586884
 134    2660.00    2680.00  1.952263856917978E-04  4.623598367418033E-05 3552214
 135    2680.00    2700.00  2.505819997802773E-04  3.552239708841921E-05 3511537
 136    2700.00    2720.00  1.952580783962920E-04  3.596596716698733E-05 3475712
 137    2720.00    2740.00  1.583879473707717E-04  3.832696509691889E-05 3440706
 138    2740.00    2760.00  1.486896666605512E-04  3.643435325307243E-05 3403589
 139    2760.00    2780.00  2.639428416627740E-04  4.299148750004434E-05 3370420
 140    2780.00    2800.00  1.793889367129120E-04  4.058792034325454E-05 3330970
 141    2800.00    2820.00  2.013558762211649E-04  3.897010515366132E-05 3298056
 142    2820.00    2840.00  1.404720962773421E-04  4.392171184639929E-05 3264163
 143    2840.00    2860.00  2.081721516586892E-04  4.299061088712645E-05 3231646
 144    2860.00    2880.00  1.197703766512337E-04  3.993777205226348E-05 3197571
 145    2880.00    2900.00  3.027306790270846E-04  1.001514517457503E-04 3165277
 146    2900.00    2920.00  8.283546883310849E-05  1.040971935051768E-04 3131893
 147    2920.00    2940.00  1.701076210427935E-04  5.044875125897222E-05 3099647
 148    2940.00    2960.00  2.627172673457308E-04  4.500743458247704E-05 3065685
 149    2960.00    2980.00  3.480202037998346E-05  4.302806224683597E-05 3038884
 150    2980.00    3000.00  2.187564539038513E-04  3.457241744264354E-05 3005911
 151    3000.00    3020.00  1.497841756443953E-04  3.660058479481219E-05 2977227
 152    3020.00    3040.00  1.287716010680457E-04  3.009201552456617E-05 2945041
 153    3040.00    3060.00  1.249882332558696E-04  3.392144441811113E-05 2917592
 154    3060.00    3080.00  1.547401231438215E-04  3.240515230040350E-05 2884980
 155    3080.00    3100.00  1.815420368314735E-04  3.210671590142731E-05 2856419
 156    3100.00    3120.00  1.024783929262848E-04  3.140729369904435E-05 2827299
 157    3120.00    3140.00  9.780162951872928E-05  5.175627570772781E-05 2799810
 158    3140.00    3160.00  2.501284138983399E-04  5.938939281697615E-05 2770981
 159    3160.00    3180.00  1.079040711546642E-04  3.662348101990385E-05 2743522
 160    3180.00    3200.00  1.323469229831919E-04  3.429994305820073E-05 2714623
 161    3200.00    3220.00  1.100977013157096E-04  3.116800130776938E-05 2687251
 162    3220.00    3240.00  1.034226050538023E-04  5.374591047900376E-05 2662858
 163    3240.00    3260.00  1.816486461992058E-04  5.742663966896933E-05 2638953
 164    3260.00    3280.00  1.423597422480789E-04  4.167066236254710E-05 2606352
 165    3280.00    3300.00  1.121629757866149E-04  3.512896215064460E-05 2582161
 166    3300.00    3320.00  1.267487992760945E-04  2.767294197917923E-05 2559208
 167    3320.00    3340.00  8.125323079325036E-05  3.992799278308306E-05 2531136
 168    3340.00    3360.00  3.472711340370515E-05  3.075163966657075E-05 2504792
 169    3360.00    3380.00  1.426471114529874E-04  2.439251725003649E-05 2483333
 170    3380.00    3400.00  1.275419469815955E-04  3.496852477047600E-05 2455443
 171    3400.00    3420.00  5.486111100373752E-05  3.673308356124078E-05 2433904
 172    3420.00    3440.00  1.001602119076425E-04  3.164008896411456E-05 2410595
 173    3440.00    3460.00  7.970120398812692E-05  4.037454222568140E-05 2382233
 174    3460.00    3480.00  8.949369454821704E-05  3.292749300004237E-05 2363792
 175    3480.00    3500.00  1.333552525900324E-04  3.544580667954531E-05 2340965
 176    3500.00    3520.00  4.611479118320697E-05  3.317487454086516E-05 2318499
 177    3520.00    3540.00  7.273449349901325E-05  2.964457912304715E-05 2293647
 178    3540.00    3560.00  9.819964893008886E-05  2.755959041482507E-05 2273276
 179    3560.00    3580.00  9.684228679492878E-05  3.046911006589154E-05 2248797
 180    3580.00    3600.00  1.265764176355669E-04  3.747322493102428E-05 2230104
 181    3600.00    3620.00  9.808594568048950E-05  9.599410741170891E-05 2205173
 182    3620.00    3640.00  9.458352654104579E-05  9.903425640988391E-05 2185945
 183    3640.00    3660.00  1.520984089006414E-05  3.622658178033276E-05 2163901
 184    3660.00    3680.00  9.284039872762869E-05  2.959582191299342E-05 2143933
 185    3680.00    3700.00  6.133832744947460E-05  2.908732442933420E-05 2122998
 186    3700.00    3720.00  7.862416833109648E-05  2.183011448879816E-05 2102201
 187    3720.00    3740.00  6.633875151809064E-05  2.329905294321416E-05 2083612
 188    3740.00    3760.00  5.027707384975254E-05  2.027060081318291E-05 2060052
 189    3760.00    3780.00  1.304622221759182E-04  2.471183005903020E-05 2042505
 190    3780.00    3800.00  4.521045010591471E-05  2.689398617603553E-05 2022582
 191    3800.00    3820.00  7.645617298600582E-05  2.133797686575992E-05 2002988
 192    3820.00    3840.00  7.016739917865617E-05  4.455609013221496E-05 1989007
 193    3840.00    3860.00  4.364143878809375E-05  4.317473134535273E-05 1966809
 194    3860.00    3880.00  6.681746905046853E-05  2.320489746260804E-05 1946909
 195    3880.00    3900.00  6.491791096475896E-05  1.865725388631166E-05 1926859
 196    3900.00    3920.00  4.473413153090984E-05  1.912268195245993E-05 1909948
 197    3920.00    3940.00  6.038144594491951E-05  2.328386969236564E-05 1891751
 198    3940.00    3960.00  8.298895520782638E-05  2.372373444209960E-05 1873062
 199    3960.00    3980.00  5.306116097571824E-05  2.104580819134762E-05 1856302
 200    3980.00    4000.00  5.273556051570644E-05  2.602487233423544E-05 1835844
 201    4000.00    4020.00  5.224323810102170E-05  2.380660397278509E-05 1820083
 202    4020.00    4040.00  4.424605492546277E-05  1.891827450734148E-05 1800820
 203    4040.00    4060.00  5.524800934595714E-05  2.000321328932503E-05 1787703
 204    4060.00    4080.00  4.982759351324559E-05  2.012148604264196E-05 1770466
 205    4080.00    4100.00  3.654884120594333E-05  1.875802931421811E-05 1753813
 206    4100.00    4120.00  2.848249696455859E-05  2.712893515258232E-05 1736386
 207    4120.00    4140.00  6.050320698029217E-05  1.879423803600015E-05 1722274
 208    4140.00    4160.00  3.211400449699701E-05  1.849704939319435E-05 1705403
 209    4160.00    4180.00  7.807823872800817E-05  1.883487961117220E-05 1689791
 210    4180.00    4200.00  1.348061022370197E-06  1.946033251162582E-05 1672531
 211    4200.00    4220.00  8.276639012067678E-06  2.483697465469297E-05 1656543
 212    4220.00    4240.00  5.810085283007998E-05  2.013778008581768E-05 1645863
 213    4240.00    4260.00  3.654089574625615E-05  1.603904371126990E-05 1627429
 214    4260.00    4280.00  6.006315845812924E-05  1.497860982894606E-05 1609799
 215    4280.00    4300.00  2.380797432510914E-05  1.741429939917789E-05 1597624
 216    4300.00    4320.00  7.686938540548402E-06  1.583489226208702E-05 1581175
 217    4320.00    4340.00  5.634746131156728E-05  1.408624085113922E-05 1567422
 218    4340.00    4360.00  5.772756081250401E-05  1.529655263302195E-05 1553143
 219    4360.00    4380.00  7.622923859391658E-06  1.655578260621760E-05 1536251
 220    4380.00    4400.00  5.818146832302607E-05  1.739667121064376E-05 1521749
 221    4400.00    4420.00  5.430289836756812E-05  1.768036167718020E-05 1510876
 222    4420.00    4440.00 -1.479819950505463E-05  1.471323428790310E-05 1494401
 223    4440.00    4460.00  4.502949546261824E-05  2.348479887428214E-05 1481765
 224    4460.00    4480.00  3.369977781941911E-05  2.148452765374908E-05 1466160
 225    4480.00    4500.00  4.361302085195099E-05  2.092345549219301E-05 1454667
 226    4500.00    4520.00 -2.293999043509663E-05  4.209798085390337E-05 1444183
 227    4520.00    4540.00  5.051348237237727E-05  3.999946893178164E-05 1428311
 228    4540.00    4560.00  4.111187702596265E-05  2.397479266646671E-05 1416080
 229    4560.00    4580.00  2.173354304608264E-05  2.332927612318661E-05 1401065
 230    4580.00    4600.00  4.021781607014908E-05  1.313660100110516E-05 1387237
 231    4600.00    4620.00  4.168743014650143E-05  1.601241083777032E-05 1376776
 232    4620.00    4640.00  1.008840739855955E-05  1.619227338907195E-05 1364383
 233    4640.00    4660.00  8.338166202001049E-06  1.606449042205014E-05 1352277
 234    4660.00    4680.00  3.592917044673855E-05  1.225135602776180E-05 1336161
 235    4680.00    4700.00  4.375866604693527E-05  2.911526131090477E-05 1325701
 236    4700.00    4720.00 -1.042866024958485E-05  2.746332962621402E-05 1313957
 237    4720.00    4740.00  2.925534054867908E-05  1.560649133682740E-05 1302513
 238    4740.00    4760.00  2.556235195626770E-05  1.511824293191486E-05 1289129
 239    4760.00    4780.00  3.132791612092872E-06  1.156280130508186E-05 1278723
 240    4780.00    4800.00  3.095763802873080E-05  9.539146110889653E-06 1268870
 241    4800.00    4820.00  2.376393972657587E-05  1.433318146927897E-05 1252831
 242    4820.00    4840.00  2.132145676606104E-05  1.418230243395860E-05 1243058
 243    4840.00    4860.00  3.046705313698360E-05  7.866658262353230E-06 1231332
 244    4860.00    4880.00  7.648701612509802E-06  1.172846302147328E-05 1222521
 245    4880.00    4900.00  2.156038349752306E-06  1.768360765434870E-05 1208372
 246    4900.00    4920.00  2.669041378042939E-05  1.524480772379738E-05 1198735
 247    4920.00    4940.00  1.930548571175332E-05  6.909538915653679E-06 1186943
 248    4940.00    4960.00  2.766120219912042E-05  9.759701090093115E-06 1177136
 249    4960.00    4980.00  6.092705624986581E-06  1.145008197616527E-05 1166716
 250    4980.00    5000.00  2.229002863057788E-05  1.405530846444398E-05 1157738
 251    5000.00    5020.00  8.217218883237293E-06  1.412474482666892E-05 1145561
 252    5020.00    5040.00 -7.938075621176865E-07  1.583082825673028E-05 1136243
 253    5040.00    5060.00  3.067713601026966E-05  1.417113122361684E-05 1125767
 254    5060.00    5080.00  7.762379574303164E-06  6.774778669849093E-06 1116495
 255    5080.00    5100.00  2.136730542828408E-05  8.629905387911483E-06 1105462
 256    5100.00    5120.00  9.478247337016290E-06  1.010295880295366E-05 1093242
 257    5120.00    5140.00  2.291085950384595E-08  6.063230194896081E-06 1084519
 258    5140.00    5160.00  2.554223256428980E-05  9.026980083517632E-06 1073963
 259    5160.00    5180.00  2.279691421801620E-05  1.421471700166147E-05 1063520
 260    5180.00    5200.00 -9.492229986116062E-07  1.462423216124523E-05 1054059
 261    5200.00    5220.00  2.192585435709271E-06  9.736870522726725E-06 1045468
 262    5220.00    5240.00  1.628420691779442E-05  1.108942092667860E-05 1035567
 263    5240.00    5260.00  1.794375050123788E-06  9.577207506133556E-06 1028247
 264    5260.00    5280.00  1.175197082237535E-05  7.271626008454755E-06 1017788
 265    5280.00    5300.00  9.108083874376210E-06  7.077665271630550E-06 1007593
 266    5300.00    5320.00  1.851357288489793E-05  6.894168358795873E-06 997580
 267    5320.00    5340.00  3.710705576866489E-06  6.264950437814216E-06 990553
 268    5340.00    5360.00  1.364034612226801E-05  5.787811239645831E-06 981584
 269    5360.00    5380.00  1.581639553779706E-05  6.217861265394407E-06 973257
 270    5380.00    5400.00  4.636291145753847E-06  5.118185750515384E-06 963611
 271    5400.00    5420.00  8.952136912411867E-06  4.770080777014418E-06 954443
 272    5420.00    5440.00  9.732227400087639E-06  4.088524582557626E-06 944912
 273    5440.00    5460.00  6.387152867872694E-06  4.083865650009023E-06 936856
 274    5460.00    5480.00  8.632439880324487E-06  3.791976614321815E-06 929690
 275    5480.00    5500.00  5.047245558574569E-06  4.462775389925120E-06 920344
 276    5500.00    5520.00  1.608507834533693E-05  5.393233468633544E-06 912264
 277    5520.00    5540.00  4.548821676669033E-06  4.361440242648791E-06 903656
 278    5540.00    5560.00  5.972733283911670E-06  4.045278290023037E-06 895013
 279    5560.00    5580.00  5.980323235285296E-06  4.231608472697593E-06 887224
 280    5580.00    5600.00  1.561915368192126E-05  4.585470799749379E-06 880419
 281    5600.00    5620.00  5.329873701632391E-06  5.263379243069871E-06 872319
 282    5620.00    5640.00  5.225900697598284E-06  5.292792098646367E-06 862411
 283    5640.00    5660.00  1.687928543901655E-05  3.611797426261722E-06 854283
 284    5660.00    5680.00  3.103928783940893E-06  5.298769395700655E-06 846442
 285    5680.00    5700.00 -2.364655198433655E-06  5.544280547624910E-06 838735
 286    5700.00    5720.00  7.949176948895005E-06  6.075740158242115E-06 833257
 287    5720.00    5740.00  8.739755521314866E-06  5.103961329715864E-06 824738
 288    5740.00    5760.00 -3.861393124590046E-06  7.232072792370436E-06 817601
 289    5760.00    5780.00  1.534897277540119E-05  7.460632814673317E-06 809050
 290    5780.00    5800.00  2.116360538925581E-06  3.972135241161280E-06 802726
 291    5800.00    5820.00  1.021684525234914E-05  3.566610513513591E-06 794272
 292    5820.00    5840.00  5.173968551667461E-06  3.549171937838802E-06 789127
 293    5840.00    5860.00  3.749516952449479E-06  5.299950689209620E-06 782339
 294    5860.00    5880.00  7.196468434019602E-06  4.726677425372279E-06 775189
 295    5880.00    5900.00  1.021157809443224E-05  3.284866845019532E-06 766628
 296    5900.00    5920.00  5.732845971301959E-07  2.620225395599675E-06 760386
 297    5920.00    5940.00  3.528966289618384E-06  2.383421342684137E-06 752607
 298    5940.00    5960.00  2.614137053441608E-06  3.129989377048523E-06 747594
 299    5960.00    5980.00  4.587540153429566E-06  2.918849214188960E-06 740130
 300    5980.00    6000.00  2.731342569891289E-06  2.604964721620352E-06 732842
 301    6000.00    6020.00  3.352619263955593E-06  3.467400488130599E-06 726936
 302    6020.00    6040.00  7.347199868132416E-06  3.697659800288960E-06 718182
 303    6040.00    6060.00 -1.651117176278768E-06  3.791336102602620E-06 713081
 304    6060.00    6080.00  4.399776383420634E-06  3.927195755640721E-06 706515
 305    6080.00    6100.00 -1.664103508971235E-06  4.620758511802484E-06 699779
 306    6100.00    6120.00  8.894537845083490E-06  4.668727656452063E-06 693005
 307    6120.00    6140.00 -2.502838317716970E-06  2.384284656081114E-06 687332
 308    6140.00    6160.00  7.768869150231771E-06  2.198592242565940E-06 681318
 309    6160.00    6180.00  2.034681148352617E-06  2.347006264097565E-06 674172
 310    6180.00    6200.00  3.686064002133068E-06  3.282912917788141E-06 668400
 311    6200.00    6220.00  3.948697903668142E-06  3.181016552205624E-06 662318
 312    6220.00    6240.00  2.618684593734618E-06  2.047214991057076E-06 655144
 313    6240.00    6260.00  3.155773413775818E-06  2.326491825599895E-06 650992
 314    6260.00    6280.00  1.708636945510835E-06  1.937653837105287E-06 644512
 315    6280.00    6300.00  3.620389429052592E-06  1.368507696421168E-06 640636
 316    6300.00    6320.00 -3.221437991257141E-07  1.737256183111997E-06 633601
 317    6320.00    6340.00 -1.159241961269633E-07  1.741389219473762E-06 625770
 318    6340.00    6360.00  2.346131448577604E-06  1.784073357765048E-06 620443
 319    6360.00    6380.00  2.499333633114192E-06  1.885586347566994E-06 616491
 320    6380.00    6400.00  2.231817615941173E-06  1.965192832745889E-06 610853
 321    6400.00    6420.00  5.261128217552469E-06  2.632704624134263E-06 603517
 322    6420.00    6440.00  3.378784644016738E-07  2.844026655426679E-06 599315
 323    6440.00    6460.00  8.924779430365416E-07  1.981892322234417E-06 592821
 324    6460.00    6480.00  1.626429554962187E-06  1.320248226925519E-06 587937
 325    6480.00    6500.00  4.088578409836862E-06  1.313438516952178E-06 582272
 326    6500.00    6520.00  4.232721327590438E-07  1.313726771253152E-06 575969
 327    6520.00    6540.00  2.966709800534054E-06  1.040471552595173E-06 570486
 328    6540.00    6560.00  2.242881833885131E-06  1.028269906946197E-06 565880
 329    6560.00    6580.00 -1.876106927572977E-07  1.086156328347404E-06 562504
 330    6580.00    6600.00  2.845353831778055E-06  1.392234127663528E-06 556283
 331    6600.00    6620.00  1.487648984118230E-06  1.365327922283904E-06 549389
 332    6620.00    6640.00  2.674024964230516E-07  1.058640794787057E-06 546522
 333    6640.00    6660.00  2.088445599858268E-06  9.621066482103571E-07 539409
 334    6660.00    6680.00  1.131606653212858E-06  8.781982301585883E-07 534524
 335    6680.00    6700.00 -1.027126806136302E-07  1.516887638331070E-06 529062
 336    6700.00    6720.00  5.395725077198229E-07  1.549774559303194E-06 527046
 337    6720.00    6740.00  4.696974583223478E-06  2.360828835608024E-06 520760
 338    6740.00    6760.00  1.973443159757540E-06  1.169636745144281E-06 515467
 339    6760.00    6780.00  8.854594523564720E-07  7.136019840494425E-07 510071
 340    6780.00    6800.00  6.899060762579488E-06  6.355978710257687E-06 506074
 341    6800.00    6820.00 -9.518235334928095E-06  7.054528720855231E-06 501524
 342    6820.00    6840.00  4.556893140373564E-06  3.239750940531541E-06 497766
 343    6840.00    6860.00  1.505600355815583E-06  6.208966675685317E-07 492367
 344    6860.00    6880.00  1.148780311210606E-06  5.225483362469205E-07 486683
 345    6880.00    6900.00  1.464646474252640E-06  7.986796139709418E-07 480744
 346    6900.00    6920.00  6.882473866267160E-07  9.580339962838209E-07 478875
 347    6920.00    6940.00 -4.102164799656390E-07  8.944576383292093E-07 474364
 348    6940.00    6960.00  1.098069428401244E-06  5.641378799533624E-07 468269
 349    6960.00    6980.00 -5.459960861400308E-07  6.808083728135671E-07 464690
 350    6980.00    7000.00  8.073984805192674E-07  7.782491393630939E-07 460530
 351    7000.00    7020.00  9.249357791221112E-07  8.983232127723187E-07 455600
 352    7020.00    7040.00  1.672642863240404E-06  7.812810667786753E-07 450850
 353    7040.00    7060.00  4.184156457285786E-07  6.146344059424735E-07 447274
 354    7060.00    7080.00  1.369598344767327E-06  4.530900603957533E-07 443223
 355    7080.00    7100.00  3.643138197040815E-07  5.081740555826093E-07 437980
 356    7100.00    7120.00  3.017456628433863E-06  1.967664532303522E-06 434884
 357    7120.00    7140.00  1.334060927483355E-07  1.723959119731295E-06 430856
 358    7140.00    7160.00  6.386354233603854E-07  5.779312554043248E-07 425542
 359    7160.00    7180.00 -1.244038698211949E-06  1.019151395756608E-06 421966
 360    7180.00    7200.00  1.520606982047290E-06  9.623045190735299E-07 417954
 361    7200.00    7220.00  1.125098758378617E-06  6.475714361613026E-07 414511
 362    7220.00    7240.00  1.038890650663279E-06  4.549959164477472E-07 409646
 363    7240.00    7260.00  2.315304876192899E-07  6.052933448995710E-07 404475
 364    7260.00    7280.00 -4.067699186557285E-07  6.911851688414747E-07 402553
 365    7280.00    7300.00  4.261696900807989E-07  2.986817399719961E-07 397537
 366    7300.00    7320.00  8.429068121896087E-07  3.768570379007742E-07 395670
 367    7320.00    7340.00  2.385088230380543E-07  4.157878724305297E-07 390179
 368    7340.00    7360.00  2.124565668596722E-07  4.022343413737108E-07 386690
 369    7360.00    7380.00  6.380567736347082E-07  3.742000122312274E-07 383248
 370    7380.00    7400.00  1.095446092974198E-06  4.205235300871716E-07 378863
 371    7400.00    7420.00 -1.521521752272589E-07  3.851086875858526E-07 375393
 372    7420.00    7440.00  5.307640903380033E-07  2.907470401331024E-07 371030
 373    7440.00    7460.00  2.871540149563664E-07  2.884046695351724E-07 368712
 374    7460.00    7480.00  7.007642529178443E-07  2.403520297062711E-07 365284
 375    7480.00    7500.00  4.890997446903464E-07  4.455199320086425E-07 361180
 376    7500.00    7520.00  3.609614598047749E-08  3.941731955624907E-07 358163
 377    7520.00    7540.00 -3.718180327154687E-07  2.345030620722055E-07 354670
 378    7540.00    7560.00  3.686262202209328E-07  2.512216362544045E-07 349959
 379    7560.00    7580.00  4.006807209957094E-07  5.074741277444085E-07 347766
 380    7580.00    7600.00 -6.214548373695380E-08  4.328038461242836E-07 343422
 381    7600.00    7620.00 -1.101508871986515E-07  2.717508265422080E-07 340422
 382    7620.00    7640.00  5.599137203394065E-07  2.966808853082906E-07 336630
 383    7640.00    7660.00 -1.176526772715020E-07  5.925853561935096E-07 332407
 384    7660.00    7680.00  4.868644864928871E-07  5.202374404619146E-07 330738
 385    7680.00    7700.00  9.589837805281540E-08  2.335367237926014E-07 327482
 386    7700.00    7720.00  5.778012831097557E-07  3.438710643285720E-07 323521
 387    7720.00    7740.00  2.822978336834946E-08  2.042250378652740E-07 319974
 388    7740.00    7760.00  3.819365080387891E-07  2.510013130417074E-07 317402
 389    7760.00    7780.00 -2.849555016140445E-07  2.796235844292318E-07 314198
 390    7780.00    7800.00  1.906792069108013E-07  2.775655046817777E-07 310830
 391    7800.00    7820.00 -3.142396375560508E-07  2.999711860304151E-07 307592
 392    7820.00    7840.00  1.329328951449571E-06  5.430392092245346E-07 304460
 393    7840.00    7860.00 -5.062371846160670E-07  5.062364248830780E-07 301903
 394    7860.00    7880.00  6.803803657199734E-08  1.321749800352186E-07 298405
 395    7880.00    7900.00  3.586521717440054E-07  1.364411473423707E-07 294614
 396    7900.00    7920.00  3.320010964859046E-07  2.839505450685959E-07 292563
 397    7920.00    7940.00 -9.010298006281143E-08  2.770086151892074E-07 289495
 398    7940.00    7960.00  1.529949325269009E-07  1.379260161842151E-07 286471
 399    7960.00    7980.00  1.589936592156074E-08  1.557400250017003E-07 283874
 400    7980.00    8000.00  8.941674173237956E-08  1.172497382378175E-07 280769
 401    8000.00    8020.00  1.287103440106694E-07  1.016960939142936E-07 277947
 402    8020.00    8040.00  5.501603380159005E-08  1.170585381804091E-07 273531
 403    8040.00    8060.00  2.349128922268141E-07  9.897905221644243E-08 272165
 404    8060.00    8080.00  2.201227094368015E-07  1.187133864040384E-07 269083
 405    8080.00    8100.00 -1.986476906948060E-07  1.384277825567416E-07 267153
 406    8100.00    8120.00  2.385966573166426E-07  7.138369301569541E-08 263559
 407    8120.00    8140.00  1.916935565074489E-07  1.972999864777708E-07 260609
 408    8140.00    8160.00  3.712263665910940E-07  5.901580911836473E-07 257699
 409    8160.00    8180.00 -4.254974087967935E-07  5.603981247385869E-07 255071
 410    8180.00    8200.00  1.333181542629570E-07  6.637731166701576E-08 253401
 411    8200.00    8220.00  1.941240604114391E-08  1.004127284493676E-07 249238
 412    8220.00    8240.00  3.078199970955153E-08  9.171257479860576E-08 248545
 413    8240.00    8260.00  1.467586830689790E-07  1.035774766815964E-07 245026
 414    8260.00    8280.00  8.570158983041167E-08  7.964067283607523E-08 242770
 415    8280.00    8300.00  8.957048870303272E-08  5.221107090705114E-08 239254
 416    8300.00    8320.00  2.208874007740162E-08  4.400301231530529E-08 236373
 417    8320.00    8340.00  1.135200050498133E-08  4.866139657587197E-08 234240
 418    8340.00    8360.00  1.467657935967334E-07  6.865110781181488E-08 231892
 419    8360.00    8380.00  1.333744294085104E-08  6.534462239362394E-08 230057
 420    8380.00    8400.00  1.803313093601685E-08  4.472671922114398E-08 226789
 421    8400.00    8420.00  4.746610794221530E-08  3.969271701559359E-08 225396
 422    8420.00    8440.00  5.700943349424030E-08  4.738691802751325E-08 221276
 423    8440.00    8460.00 -6.084834909744992E-09  3.654479093438539E-08 219849
 424    8460.00    8480.00  1.956162032648102E-08  3.796880499628480E-08 216968
 425    8480.00    8500.00  2.559002839019651E-08  5.019359724645784E-08 215611
 426    8500.00    8520.00  4.382024371694759E-08  6.983482384984726E-08 211986
 427    8520.00    8540.00  1.239080525702319E-08  1.535215899136879E-07 210110
 428    8540.00    8560.00  1.264760080546891E-07  1.491418064953827E-07 208235
 429    8560.00    8580.00  4.011417105669724E-08  2.119916947126603E-08 205261
 430    8580.00    8600.00  1.568861372457227E-08  2.495449119066091E-08 203384
 431    8600.00    8620.00  6.172421746761684E-08  3.043965821733893E-08 200872
 432    8620.00    8640.00 -1.920969318786968E-08  3.497209224864575E-08 198593
 433    8640.00    8660.00 -3.617688519911783E-08  3.478246622393641E-08 196175
 434    8660.00    8680.00 -3.443268073317147E-08  4.700498381384878E-08 194288
 435    8680.00    8700.00  1.004146080739675E-07  5.158307413058864E-08 192082
 436    8700.00    8720.00  6.962827174876892E-08  7.841249548009247E-08 190021
 437    8720.00    8740.00 -4.103562394315497E-08  7.885762423167770E-08 187885
 438    8740.00    8760.00 -3.058624064569779E-08  6.853164332284543E-08 185378
 439    8760.00    8780.00  1.082973800879425E-08  1.689403791844647E-08 183108
 440    8780.00    8800.00  8.559563116111532E-08  6.073439851334010E-08 181551
 441    8800.00    8820.00  2.845207482746899E-08  2.385043365033218E-08 179584
 442    8820.00    8840.00  3.322794374341074E-08  2.014172304834547E-08 176776
 443    8840.00    8860.00  3.481543287245705E-08  2.567422262899858E-08 175842
 444    8860.00    8880.00 -5.049669902202293E-08  3.972417478852132E-08 173209
 445    8880.00    8900.00  2.283220648646623E-08  3.710700816859686E-08 171332
 446    8900.00    8920.00  2.073938970791486E-08  2.441652209469414E-08 168993
 447    8920.00    8940.00  1.155904691254289E-08  9.524278987067591E-09 167905
 448    8940.00    8960.00  2.551830351853293E-08  1.208206231033784E-08 164622
 449    8960.00    8980.00 -1.131892925195055E-09  1.269404832985813E-08 163825
 450    8980.00    9000.00  2.150296185929362E-08  1.225680686476205E-08 162377
 451    9000.00    9020.00 -7.849670164599777E-09  1.740328769399786E-08 159620
 452    9020.00    9040.00  1.207160315749450E-08  9.384227595634756E-09 157397
 453    9040.00    9060.00  2.616216807498691E-09  1.039364685113258E-08 156282
 454    9060.00    9080.00  2.023876523023532E-08  1.080400042674988E-08 153396
 455    9080.00    9100.00 -4.676471089233341E-09  1.249688738161559E-08 152234
 456    9100.00    9120.00  2.937696712544885E-08  1.376175947057352E-08 150452
 457    9120.00    9140.00  4.674554848940751E-09  8.771267740379782E-09 147768
 458    9140.00    9160.00 -6.010844448648116E-10  8.537844555435378E-09 147445
 459    9160.00    9180.00  2.228939694590593E-08  9.819388251042602E-09 144539
 460    9180.00    9200.00 -1.039792622100043E-09  7.669700992803766E-09 143077
 461    9200.00    9220.00  3.280755083038642E-09  6.972614968832324E-09 140535
 462    9220.00    9240.00  7.092103910905523E-10  5.846481073316743E-09 139485
 463    9240.00    9260.00  8.116174406870374E-09  8.878495821022724E-09 137926
 464    9260.00    9280.00  1.337122570376770E-08  5.681816286016465E-09 136230
 465    9280.00    9300.00  2.944335040711531E-09  3.364658485403904E-09 134275
 466    9300.00    9320.00  9.259995110050827E-10  3.914698206471785E-09 132283
 467    9320.00    9340.00  7.636513986480510E-09  7.322882349123411E-09 131156
 468    9340.00    9360.00  4.378240235686512E-09  5.218698156450498E-09 129544
 469    9360.00    9380.00  6.007787634978648E-09  4.356124121481366E-09 127998
 470    9380.00    9400.00  1.087822531111629E-08  5.892872640579525E-09 125923
 471    9400.00    9420.00 -3.305984850032167E-09  6.385364056821924E-09 125010
 472    9420.00    9440.00  6.420812629844412E-09  6.841983668662492E-09 121821
 473    9440.00    9460.00 -1.789131674041726E-09  5.733063001896945E-09 121371
 474    9460.00    9480.00  8.229784680427769E-09  6.660594463151065E-09 119484
 475    9480.00    9500.00 -8.001675719117053E-10  6.819814420775423E-09 117650
 476    9500.00    9520.00  2.370245147603129E-09  2.449790992775083E-09 115950
 477    9520.00    9540.00  7.018637539858699E-09  3.704076060806299E-09 115036
 478    9540.00    9560.00 -1.552985618316874E-08  7.711487824372083E-09 113243
 479    9560.00    9580.00  1.491895947091037E-08  7.094928224946533E-09 111660
 480    9580.00    9600.00  5.590165795453008E-09  3.325052120508476E-09 109925
 481    9600.00    9620.00 -2.103113849094618E-09  2.404974768947147E-09 108026
 482    9620.00    9640.00  5.792600131093626E-09  2.259945390064455E-09 107012
 483    9640.00    9660.00 -5.382131480938038E-09  2.949285477724625E-09 105654
 484    9660.00    9680.00  2.071293077133440E-09  2.968344700488075E-09 103361
 485    9680.00    9700.00  3.328345125870978E-09  2.651250098566058E-09 102617
 486    9700.00    9720.00  4.985254808336652E-09  6.453371829521735E-09 101066
 487    9720.00    9740.00 -1.042206932832235E-09  5.545780463660500E-09 100338
 488    9740.00    9760.00  2.359265789455493E-09  1.265849003604147E-09 98747
 489    9760.00    9780.00  1.544722648784754E-09  1.257240736212810E-09 97492
 490    9780.00    9800.00 -7.329842000855965E-10  1.606891822228968E-09 95725
 491    9800.00    9820.00  2.886958638173049E-09  1.153499766943041E-09 94496
 492    9820.00    9840.00  1.733308761870996E-10  1.058600270821962E-09 92646
 493    9840.00    9860.00 -1.625089469203450E-09  1.116446861428215E-09 91891
 494    9860.00    9880.00  7.258833844149775E-10  8.403645874584388E-10 90224
 495    9880.00    9900.00  2.973284029675841E-09  7.256878988429304E-10 89717
 496    9900.00    9920.00  1.913072995186990E-09  7.267503223593223E-10 87868
 497    9920.00    9940.00 -1.262101435452697E-10  5.661846207990196E-10 85990
 498    9940.00    9960.00 -1.690225136430269E-10  1.080642103235467E-09 85021
 499    9960.00    9980.00  1.373358006909213E-09  7.511867256886521E-10 83968
 500    9980.00   10000.00  5.578270023041013E-11  6.929949275369352E-10 82969
 501   10000.00   10020.00  3.636526738671867E-10  6.922917953103049E-10 81276
 502   10020.00   10040.00  1.119623173474364E-09  5.746043315344686E-10 80005
 503   10040.00   10060.00 -4.823194162843279E-11  4.996039020731949E-10 78684
 504   10060.00   10080.00  9.613535700659095E-10  5.293655103778349E-10 77929
 505   10080.00   10100.00  9.240445587382282E-10  6.753112520094447E-10 76226
 506   10100.00   10120.00  3.901895961510419E-09  3.589505109528326E-09 75540
 507   10120.00   10140.00 -3.090564752612024E-09  3.562391742935514E-09 74211
 508   10140.00   10160.00  3.275787524802819E-10  3.853595784311385E-10 73342
 509   10160.00   10180.00  3.623115586208108E-10  2.085612253347288E-10 72035
 510   10180.00   10200.00  8.168972346101919E-10  8.983683222109652E-10 70834
 511   10200.00   10220.00 -5.697619122628995E-10  8.862787980112821E-10 69550
 512   10220.00   10240.00  4.411150106670751E-10  2.498220314163119E-10 68988
 513   10240.00   10260.00 -2.074903375915801E-10  3.587847487139403E-10 67400
 514   10260.00   10280.00  9.878462732822320E-11  4.732128287523330E-10 66646
 515   10280.00   10300.00  7.355275507389879E-10  3.905442056345201E-10 65039
 516   10300.00   10320.00  1.713307026459295E-10  2.035240831508210E-10 64054
 517   10320.00   10340.00  1.535780022796302E-10  1.625133417280279E-10 63359
 518   10340.00   10360.00  8.538527921964682E-11  1.611711684068508E-10 61577
 519   10360.00   10380.00  1.805304559080481E-10  1.210460451632758E-10 61099
 520   10380.00   10400.00  5.993270589111694E-10  2.865931888844286E-10 60302
 521   10400.00   10420.00 -2.786024554419065E-10  2.985160444809467E-10 59048
 522   10420.00   10440.00  6.287672653220525E-10  3.808208562238034E-10 57798
 523   10440.00   10460.00  3.698281765662715E-10  2.081181028451280E-10 56706
 524   10460.00   10480.00  5.969823225601015E-11  7.930080523187698E-11 55827
 525   10480.00   10500.00 -4.997847773733751E-11  1.848419096109436E-10 54993
 526   10500.00   10520.00  2.055349507321750E-11  9.258647997775484E-11 53889
 527   10520.00   10540.00  6.824671106573255E-11  7.478910617146712E-11 53166
 528   10540.00   10560.00  2.825722158987534E-10  1.128317795720698E-10 52049
 529   10560.00   10580.00  7.831162055251515E-12  5.946788941831534E-11 51557
 530   10580.00   10600.00  1.303730171398351E-11  1.037114958734596E-10 50673
 531   10600.00   10620.00  1.725811609137687E-11  6.867803388593235E-11 49515
 532   10620.00   10640.00 -2.247098385276692E-10  2.499214576620369E-10 48704
 533   10640.00   10660.00  3.647743358985328E-11  3.816004811008358E-11 47870
 534   10660.00   10680.00  2.092628772341111E-10  2.206847286409042E-10 46807
 535   10680.00   10700.00  1.190086896508760E-10  5.684052790019260E-11 45591
 536   10700.00   10720.00 -2.287865972915105E-11  4.952492125430455E-11 44614
 537   10720.00   10740.00  4.761719602013501E-11  4.007773911605499E-11 43995
 538   10740.00   10760.00 -3.960338580246047E-11  5.101783054152132E-11 43007
 539   10760.00   10780.00  4.021515824411160E-11  4.057664398647128E-11 42219
 540   10780.00   10800.00  5.650373853815678E-11  3.195163116434401E-11 41781
 541   10800.00   10820.00  9.035595961544800E-11  3.552303518605801E-11 40467
 542   10820.00   10840.00 -2.223668479236963E-11  2.830465639776434E-11 39789
 543   10840.00   10860.00  1.818242607892875E-11  1.629936416597979E-11 39125
 544   10860.00   10880.00  1.036539262789868E-11  1.582729646293675E-11 38131
 545   10880.00   10900.00  5.270566686806108E-11  2.962420990134753E-11 37495
 546   10900.00   10920.00 -2.301105293847193E-11  2.974588429201953E-11 36832
 547   10920.00   10940.00  8.183375992953678E-12  9.646072121286337E-12 35966
 548   10940.00   10960.00  4.517252689203132E-11  3.822040733607724E-11 35410
 549   10960.00   10980.00 -4.410101325223037E-11  4.036252877513017E-11 34101
 550   10980.00   11000.00  2.975943318107314E-13  1.408997099291561E-11 33718
 551   11000.00   11020.00 -4.699575765015148E-12  1.669787014796099E-11 32712
 552   11020.00   11040.00  2.086086814089109E-11  1.571058720245652E-11 32166
 553   11040.00   11060.00  1.337184105214143E-11  6.959318949537602E-12 31621
 554   11060.00   11080.00  1.568196114654662E-11  1.106029772931593E-11 30744
 555   11080.00   11100.00 -1.478721053265423E-11  1.009655678544147E-11 30055
 556   11100.00   11120.00  3.373286695139793E-12  4.902299180598586E-12 29633
 557   11120.00   11140.00  1.057653432687240E-11  4.959183797669308E-12 28685
 558   11140.00   11160.00  6.546483474604819E-12  4.100050571056122E-12 27562
 559   11160.00   11180.00  9.985509322840300E-13  3.520139649835844E-12 27361
 560   11180.00   11200.00 -3.924995203546571E-12  1.591235075899812E-11 26333
 561   11200.00   11220.00 -5.532876685585932E-12  7.527454870113703E-12 26032
 562   11220.00   11240.00 -1.757982031122754E-12  7.093058807079638E-12 25621
 563   11240.00   11260.00  1.597268046659017E-11  1.026079473220619E-11 24659
 564   11260.00   11280.00 -4.557653987048634E-12  5.816774634101493E-12 24225
 565   11280.00   11300.00  5.428071677148010E-12  1.685612795453031E-12 23527
 566   11300.00   11320.00  1.066622704875449E-12  1.312995727332826E-12 22684
 567   11320.00   11340.00  1.826911110822228E-11  1.671205308963509E-11 22199
 568   11340.00   11360.00 -1.359362536542444E-11  1.683519932982915E-11 21690
 569   11360.00   11380.00  3.067193796060505E-12  3.460212063519772E-12 21049
 570   11380.00   11400.00 -5.685306350864289E-13  2.486603865455983E-12 20482
 571   11400.00   11420.00 -1.756772681878262E-12  1.926806245843401E-12 20088
 572   11420.00   11440.00  1.891562185132190E-13  1.460878978224030E-12 19424
 573   11440.00   11460.00 -5.943715212636941E-14  9.241842287896713E-13 18839
 574   11460.00   11480.00 -9.238522897968291E-14  5.607666786531802E-13 18273
 575   11480.00   11500.00  4.766480405043421E-13  3.031316245402462E-13 17910
 576   11500.00   11520.00 -1.052779235055163E-14  3.436773608802911E-13 17329
 577   11520.00   11540.00  1.742336817343811E-13  6.665405480110659E-13 16780
 578   11540.00   11560.00  2.344474789726893E-13  3.515411998350697E-13 16349
 579   11560.00   11580.00  6.155656476057298E-13  3.767080378971197E-13 15650
 580   11580.00   11600.00 -3.455129098148370E-13  4.665855782298471E-13 15214
 581   11600.00   11620.00  1.361839742752404E-13  6.028544094084106E-13 14786
 582   11620.00   11640.00  1.751305109783440E-13  1.490949359790676E-13 14470
 583   11640.00   11660.00  1.221582676069594E-13  2.115744432983235E-13 13934
 584   11660.00   11680.00  5.513760051425268E-13  4.262915126528374E-13 13524
 585   11680.00   11700.00 -7.347081975136913E-14  1.380904118833135E-13 12996
 586   11700.00   11720.00  2.328718193303616E-13  8.973256925610134E-14 12505
 587   11720.00   11740.00 -6.339638403471335E-14  1.017907477487013E-13 11968
 588   11740.00   11760.00  1.174859231975751E-13  1.201279668909520E-13 11577
 589   11760.00   11780.00  2.743375637694424E-14  1.341296649590674E-13 11234
 590   11780.00   11800.00  1.713215317525710E-13  7.433570953002591E-14 11011
 591   11800.00   11820.00 -4.350328594589463E-15  5.199072306736804E-14 10434
 592   11820.00   11840.00 -5.617172306519078E-14  1.048396428530034E-13 10223
 593   11840.00   11860.00 -5.432194233434963E-14  1.006339472147995E-13 9840
 594   11860.00   11880.00  3.286311627122291E-14  2.568487174522406E-14 9301
 595   11880.00   11900.00 -4.825992241743093E-14  4.894936940833107E-14 8917
 596   11900.00   11920.00  3.527514706351616E-14  5.872561882346090E-14 8586
 597   11920.00   11940.00  8.544533107066131E-14  8.131463922993668E-14 8104
 598   11940.00   11960.00  5.335763359147890E-14  4.171506951977364E-14 7943
 599   11960.00   11980.00  2.805680515937374E-14  1.382558526071748E-14 7524
 600   11980.00   12000.00 -1.916760192741575E-14  1.150388721108087E-14 7322
 601   12000.00   12020.00  2.051031929543093E-14  1.252911792590429E-14 6917
 602   12020.00   12040.00 -6.702392083272881E-15  9.570018301262810E-15 6656
 603   12040.00   12060.00  3.751969116938343E-15  5.410328497152314E-15 6245
 604   12060.00   12080.00  1.286426134149534E-15  3.107261773312737E-15 5940
 605   12080.00   12100.00  2.583217198564847E-15  1.821809854568844E-15 5586
 606   12100.00   12120.00  6.691408657565010E-14  7.070900274351436E-14 5433
 607   12120.00   12140.00 -5.468401052813194E-14  5.530715214166014E-14 5063
 608   12140.00   12160.00 -8.441138663342202E-16  1.958576532401644E-15 4817
 609   12160.00   12180.00  1.036692875505577E-15  1.581591438634294E-15 4609
 610   12180.00   12200.00 -4.602060841393287E-16  1.014938804135764E-15 4454
 611   12200.00   12220.00  1.220334661640733E-15  8.186139108640785E-16 4158
 612   12220.00   12240.00  1.623971231706942E-16  6.003086183151544E-16 3820
 613   12240.00   12260.00 -5.873178103918922E-16  1.893339287500472E-15 3670
 614   12260.00   12280.00 -1.995074250142839E-15  1.065041118203582E-15 3543
 615   12280.00   12300.00  1.748494537782608E-15  1.537652753737094E-15 3190
 616   12300.00   12320.00  6.145259032249594E-16  1.504680968028769E-15 2890
 617   12320.00   12340.00 -1.175845438009572E-15  1.553638527361259E-15 2741
 618   12340.00   12360.00 -1.535748229109735E-17  3.534867376944210E-16 2680
 619   12360.00   12380.00 -4.585438541627351E-16  2.734422724432088E-16 2410
 620   12380.00   12400.00 -1.663036900924711E-16  3.513430070846537E-16 2172
 621   12400.00   12420.00 -4.115644680248571E-17  2.429146583735472E-16 2008
 622   12420.00   12440.00 -4.442612032332553E-18  1.581026455088200E-16 1778
 623   12440.00   12460.00  5.009779985510381E-17  8.923402178685151E-17 1699
 624   12460.00   12480.00 -3.908595196148354E-17  5.869622016965255E-17 1591
 625   12480.00   12500.00 -3.687847784049960E-17  5.413188181857024E-17 1399
 626   12500.00   12520.00 -1.010938560518558E-15  9.544140027588857E-16 1263
 627   12520.00   12540.00  8.794946381212595E-16  9.502692394341091E-16 1145
 628   12540.00   12560.00 -2.439517516437775E-17  1.571025683170563E-17 992
 629   12560.00   12580.00 -6.586089183804397E-18  1.561463993665392E-17 934
 630   12580.00   12600.00 -3.648829726589951E-17  1.768488778924235E-17 818
 631   12600.00   12620.00 -1.016447775845349E-18  7.220198165663929E-18 658
 632   12620.00   12640.00 -2.691627155294516E-17  1.760009198868282E-17 601
 633   12640.00   12660.00  6.406419101998819E-19  6.259146954029537E-18 547
 634   12660.00   12680.00 -3.213199368320978E-18  1.073069480402879E-18 427
 635   12680.00   12700.00 -1.730749266615174E-18  4.581059280292528E-19 377
 636   12700.00   12720.00 -1.279960266288309E-18  6.853822952886584E-19 321
 637   12720.00   12740.00 -3.560762909570830E-19  2.996474591738183E-19 246
 638   12740.00   12760.00 -3.807136970276758E-19  2.716465832603919E-19 191
 639   12760.00   12780.00 -1.077172965603766E-18  8.181382040500883E-19 179
 640   12780.00   12800.00  1.610582469502929E-19  9.738978071669040E-20 111
 641   12800.00   12820.00 -4.680291978064382E-19  2.984051994524115E-19 82
 642   12820.00   12840.00  4.097132357440042E-20  7.678970665747690E-20 62
 643   12840.00   12860.00 -3.785998242381117E-21  4.545412743484133E-21 31
 644   12860.00   12880.00  1.359960844128731E-21  4.082898908041984E-21 25
 645   12880.00   12900.00 -1.588388297808711E-21  1.653617699214468E-21 10
 646   12900.00   12920.00 -4.342286691652708E-22  4.342286707871928E-22 2
 647   12920.00   12940.00  8.185438259907890E-23  8.185438258404363E-23 1
 648   12940.00   12960.00  0.000000000000000E+00  0.000000000000000E+00 0
 649   12960.00   12980.00  0.000000000000000E+00  0.000000000000000E+00 0
 650   12980.00   13000.00  0.000000000000000E+00  0.000000000000000E+00 0
# Underflow:                 0.0000000000000000E+00  0.0000000000000000E+00 0
# Overflow:                  0.0000000000000000E+00  0.0000000000000000E+00 0
#-------------------------------------------------------------------------------------
# Sum:                       1.0470396855789046E+00  2.3200237360239488E-04 237479000
#=====================================================================================
# Number of generated events: 2722077414
