#Mjj_Dyjj
############################################################
#Dyjj	        Mjj	        d2sigma/dXdY	err        #
############################################################
2.500000e-01	2.500000e+01	1.840153e-02	1.920371e-04
2.500000e-01	7.500000e+01	1.681709e-01	5.805422e-04
2.500000e-01	1.250000e+02	4.627236e-02	3.045223e-04
2.500000e-01	1.750000e+02	4.243454e-02	2.916205e-04
2.500000e-01	2.250000e+02	3.539217e-02	2.663250e-04
2.500000e-01	2.750000e+02	2.895505e-02	2.408909e-04
2.500000e-01	3.250000e+02	2.325943e-02	2.159026e-04
2.500000e-01	3.750000e+02	1.902279e-02	1.952520e-04
2.500000e-01	4.250000e+02	1.566795e-02	1.772003e-04
2.500000e-01	4.750000e+02	1.296043e-02	1.611640e-04
2.500000e-01	5.250000e+02	1.089021e-02	1.477326e-04
2.500000e-01	5.750000e+02	9.148657e-03	1.354057e-04
2.500000e-01	6.250000e+02	7.884078e-03	1.256996e-04
2.500000e-01	6.750000e+02	6.583426e-03	1.148641e-04
2.500000e-01	7.250000e+02	5.368949e-03	1.037296e-04
2.500000e-01	7.750000e+02	4.757702e-03	9.764655e-05
0.000000e+00	0.000000e+00	0.000000e+00	0.000000e+00
7.500000e-01	2.500000e+01	1.015671e-02	1.426707e-04
7.500000e-01	7.500000e+01	1.329371e-01	5.161565e-04
7.500000e-01	1.250000e+02	4.607797e-02	3.038820e-04
7.500000e-01	1.750000e+02	4.382136e-02	2.963475e-04
7.500000e-01	2.250000e+02	3.684113e-02	2.717220e-04
7.500000e-01	2.750000e+02	2.999316e-02	2.451712e-04
7.500000e-01	3.250000e+02	2.450197e-02	2.215944e-04
7.500000e-01	3.750000e+02	2.012304e-02	2.008191e-04
7.500000e-01	4.250000e+02	1.674815e-02	1.832069e-04
7.500000e-01	4.750000e+02	1.380816e-02	1.663513e-04
7.500000e-01	5.250000e+02	1.162972e-02	1.526662e-04
7.500000e-01	5.750000e+02	9.637654e-03	1.389773e-04
7.500000e-01	6.250000e+02	8.573484e-03	1.310802e-04
7.500000e-01	6.750000e+02	6.938149e-03	1.179180e-04
7.500000e-01	7.250000e+02	5.984204e-03	1.095119e-04
7.500000e-01	7.750000e+02	4.942078e-03	9.952062e-05
0.000000e+00	0.000000e+00	0.000000e+00	0.000000e+00
1.250000e+00	2.500000e+01	6.934141e-04	3.727817e-05
1.250000e+00	7.500000e+01	6.000837e-02	3.467881e-04
1.250000e+00	1.250000e+02	3.865483e-02	2.783301e-04
1.250000e+00	1.750000e+02	4.156075e-02	2.886024e-04
1.250000e+00	2.250000e+02	3.706358e-02	2.725411e-04
1.250000e+00	2.750000e+02	3.231590e-02	2.544875e-04
1.250000e+00	3.250000e+02	2.663832e-02	2.310531e-04
1.250000e+00	3.750000e+02	2.176438e-02	2.088486e-04
1.250000e+00	4.250000e+02	1.853179e-02	1.927156e-04
1.250000e+00	4.750000e+02	1.566394e-02	1.771776e-04
1.250000e+00	5.250000e+02	1.318890e-02	1.625783e-04
1.250000e+00	5.750000e+02	1.101847e-02	1.486000e-04
1.250000e+00	6.250000e+02	9.449270e-03	1.376123e-04
1.250000e+00	6.750000e+02	8.100519e-03	1.274133e-04
1.250000e+00	7.250000e+02	6.926124e-03	1.178158e-04
1.250000e+00	7.750000e+02	6.116473e-03	1.107156e-04
0.000000e+00	0.000000e+00	0.000000e+00	0.000000e+00
1.750000e+00	2.500000e+01	0.000000e+00	0.000000e+00
1.750000e+00	7.500000e+01	1.277605e-02	1.600135e-04
1.750000e+00	1.250000e+02	2.460818e-02	2.220742e-04
1.750000e+00	1.750000e+02	3.455447e-02	2.631542e-04
1.750000e+00	2.250000e+02	3.531802e-02	2.660458e-04
1.750000e+00	2.750000e+02	3.231390e-02	2.544796e-04
1.750000e+00	3.250000e+02	2.849210e-02	2.389574e-04
1.750000e+00	3.750000e+02	2.472843e-02	2.226161e-04
1.750000e+00	4.250000e+02	2.081645e-02	2.042498e-04
1.750000e+00	4.750000e+02	1.812697e-02	1.905991e-04
1.750000e+00	5.250000e+02	1.527916e-02	1.749879e-04
1.750000e+00	5.750000e+02	1.292636e-02	1.609520e-04
1.750000e+00	6.250000e+02	1.130305e-02	1.505068e-04
1.750000e+00	6.750000e+02	1.005651e-02	1.419652e-04
1.750000e+00	7.250000e+02	8.373075e-03	1.295391e-04
1.750000e+00	7.750000e+02	7.340970e-03	1.212928e-04
0.000000e+00	0.000000e+00	0.000000e+00	0.000000e+00
2.250000e+00	2.500000e+01	0.000000e+00	0.000000e+00
2.250000e+00	7.500000e+01	7.194672e-04	3.797203e-05
2.250000e+00	1.250000e+02	1.023888e-02	1.432467e-04
2.250000e+00	1.750000e+02	2.227943e-02	2.113053e-04
2.250000e+00	2.250000e+02	2.774258e-02	2.357934e-04
2.250000e+00	2.750000e+02	2.925967e-02	2.421547e-04
2.250000e+00	3.250000e+02	2.745799e-02	2.345809e-04
2.250000e+00	3.750000e+02	2.547595e-02	2.259558e-04
2.250000e+00	4.250000e+02	2.227342e-02	2.112768e-04
2.250000e+00	4.750000e+02	2.021723e-02	2.012886e-04
2.250000e+00	5.250000e+02	1.806684e-02	1.902827e-04
2.250000e+00	5.750000e+02	1.569601e-02	1.773589e-04
2.250000e+00	6.250000e+02	1.343540e-02	1.640905e-04
2.250000e+00	6.750000e+02	1.210468e-02	1.557525e-04
2.250000e+00	7.250000e+02	1.058158e-02	1.456242e-04
2.250000e+00	7.750000e+02	9.194751e-03	1.357464e-04
0.000000e+00	0.000000e+00	0.000000e+00	0.000000e+00
2.750000e+00	2.500000e+01	0.000000e+00	0.000000e+00
2.750000e+00	7.500000e+01	0.000000e+00	0.000000e+00
2.750000e+00	1.250000e+02	1.968013e-03	6.280183e-05
2.750000e+00	1.750000e+02	1.003246e-02	1.417953e-04
2.750000e+00	2.250000e+02	1.682231e-02	1.836120e-04
2.750000e+00	2.750000e+02	2.090663e-02	2.046918e-04
2.750000e+00	3.250000e+02	2.311313e-02	2.152225e-04
2.750000e+00	3.750000e+02	2.277044e-02	2.136210e-04
2.750000e+00	4.250000e+02	2.188864e-02	2.094439e-04
2.750000e+00	4.750000e+02	2.115715e-02	2.059144e-04
2.750000e+00	5.250000e+02	1.946970e-02	1.975322e-04
2.750000e+00	5.750000e+02	1.763797e-02	1.880107e-04
2.750000e+00	6.250000e+02	1.610484e-02	1.796538e-04
2.750000e+00	6.750000e+02	1.406669e-02	1.679013e-04
2.750000e+00	7.250000e+02	1.286223e-02	1.605523e-04
2.750000e+00	7.750000e+02	1.142129e-02	1.512920e-04
0.000000e+00	0.000000e+00	0.000000e+00	0.000000e+00
3.250000e+00	2.500000e+01	0.000000e+00	0.000000e+00
3.250000e+00	7.500000e+01	0.000000e+00	0.000000e+00
3.250000e+00	1.250000e+02	4.208583e-05	9.183880e-06
3.250000e+00	1.750000e+02	2.338769e-03	6.846238e-05
3.250000e+00	2.250000e+02	7.120521e-03	1.194577e-04
3.250000e+00	2.750000e+02	1.135115e-02	1.508267e-04
3.250000e+00	3.250000e+02	1.477613e-02	1.720833e-04
3.250000e+00	3.750000e+02	1.658582e-02	1.823168e-04
3.250000e+00	4.250000e+02	1.817707e-02	1.908623e-04
3.250000e+00	4.750000e+02	1.853780e-02	1.927469e-04
3.250000e+00	5.250000e+02	1.838349e-02	1.919430e-04
3.250000e+00	5.750000e+02	1.718505e-02	1.855810e-04
3.250000e+00	6.250000e+02	1.670006e-02	1.829436e-04
3.250000e+00	6.750000e+02	1.548358e-02	1.761546e-04
3.250000e+00	7.250000e+02	1.466791e-02	1.714519e-04
3.250000e+00	7.750000e+02	1.352358e-02	1.646281e-04
0.000000e+00	0.000000e+00	0.000000e+00	0.000000e+00
3.750000e+00	2.500000e+01	0.000000e+00	0.000000e+00
3.750000e+00	7.500000e+01	0.000000e+00	0.000000e+00
3.750000e+00	1.250000e+02	0.000000e+00	0.000000e+00
3.750000e+00	1.750000e+02	8.417165e-05	1.298797e-05
3.750000e+00	2.250000e+02	1.559180e-03	5.589930e-05
3.750000e+00	2.750000e+02	4.176517e-03	9.148827e-05
3.750000e+00	3.250000e+02	6.888047e-03	1.174915e-04
3.750000e+00	3.750000e+02	9.321008e-03	1.366752e-04
3.750000e+00	4.250000e+02	1.116276e-02	1.495699e-04
3.750000e+00	4.750000e+02	1.259769e-02	1.588926e-04
3.750000e+00	5.250000e+02	1.383221e-02	1.664961e-04
3.750000e+00	5.750000e+02	1.444947e-02	1.701705e-04
3.750000e+00	6.250000e+02	1.473204e-02	1.718263e-04
3.750000e+00	6.750000e+02	1.448754e-02	1.703945e-04
3.750000e+00	7.250000e+02	1.373601e-02	1.659161e-04
3.750000e+00	7.750000e+02	1.377008e-02	1.661218e-04
0.000000e+00	0.000000e+00	0.000000e+00	0.000000e+00
4.250000e+00	2.500000e+01	0.000000e+00	0.000000e+00
4.250000e+00	7.500000e+01	0.000000e+00	0.000000e+00
4.250000e+00	1.250000e+02	0.000000e+00	0.000000e+00
4.250000e+00	1.750000e+02	0.000000e+00	0.000000e+00
4.250000e+00	2.250000e+02	3.406948e-05	8.263062e-06
4.250000e+00	2.750000e+02	6.974222e-04	3.738576e-05
4.250000e+00	3.250000e+02	1.911899e-03	6.190001e-05
4.250000e+00	3.750000e+02	3.388911e-03	8.241160e-05
4.250000e+00	4.250000e+02	5.070340e-03	1.008038e-04
4.250000e+00	4.750000e+02	6.449152e-03	1.136867e-04
4.250000e+00	5.250000e+02	8.020356e-03	1.267813e-04
4.250000e+00	5.750000e+02	8.888125e-03	1.334638e-04
4.250000e+00	6.250000e+02	9.775936e-03	1.399708e-04
4.250000e+00	6.750000e+02	1.040121e-02	1.443777e-04
4.250000e+00	7.250000e+02	1.119483e-02	1.497845e-04
4.250000e+00	7.750000e+02	1.106456e-02	1.489105e-04
0.000000e+00	0.000000e+00	0.000000e+00	0.000000e+00
4.750000e+00	2.500000e+01	0.000000e+00	0.000000e+00
4.750000e+00	7.500000e+01	0.000000e+00	0.000000e+00
4.750000e+00	1.250000e+02	0.000000e+00	0.000000e+00
4.750000e+00	1.750000e+02	0.000000e+00	0.000000e+00
4.750000e+00	2.250000e+02	0.000000e+00	0.000000e+00
4.750000e+00	2.750000e+02	2.004087e-06	2.004087e-06
4.750000e+00	3.250000e+02	1.222493e-04	1.565242e-05
4.750000e+00	3.750000e+02	7.074427e-04	3.765337e-05
4.750000e+00	4.250000e+02	1.392840e-03	5.283345e-05
4.750000e+00	4.750000e+02	2.200487e-03	6.640759e-05
4.750000e+00	5.250000e+02	3.174474e-03	7.976165e-05
4.750000e+00	5.750000e+02	4.232632e-03	9.210082e-05
4.750000e+00	6.250000e+02	4.928050e-03	9.937927e-05
4.750000e+00	6.750000e+02	5.613447e-03	1.060652e-04
4.750000e+00	7.250000e+02	6.302853e-03	1.123898e-04
4.750000e+00	7.750000e+02	7.046370e-03	1.188341e-04
0.000000e+00	0.000000e+00	0.000000e+00	0.000000e+00
0.000000e+00	0.000000e+00	0.000000e+00	0.000000e+00
0.000000e+00	0.000000e+00	0.000000e+00	0.000000e+00
0.000000e+00	0.000000e+00	0.000000e+00	0.000000e+00
0.000000e+00	0.000000e+00	0.000000e+00	0.000000e+00
0.000000e+00	0.000000e+00	0.000000e+00	0.000000e+00
0.000000e+00	0.000000e+00	0.000000e+00	0.000000e+00
0.000000e+00	0.000000e+00	0.000000e+00	0.000000e+00
0.000000e+00	0.000000e+00	0.000000e+00	0.000000e+00
0.000000e+00	0.000000e+00	0.000000e+00	0.000000e+00
0.000000e+00	0.000000e+00	0.000000e+00	0.000000e+00
0.000000e+00	0.000000e+00	0.000000e+00	0.000000e+00
0.000000e+00	0.000000e+00	0.000000e+00	0.000000e+00
0.000000e+00	0.000000e+00	0.000000e+00	0.000000e+00
0.000000e+00	0.000000e+00	0.000000e+00	0.000000e+00
0.000000e+00	0.000000e+00	0.000000e+00	0.000000e+00
0.000000e+00	0.000000e+00	0.000000e+00	0.000000e+00
0.000000e+00	0.000000e+00	0.000000e+00	0.000000e+00