# BEGIN PLOT
LegendOnly=//home/michi/Projekte/VBFNLO/VBSCAN/VBSComparison/parton-shower/VBFNLO/VBFNLO-NLO.yoda/MC_VBSCAN_MCComparison/pT_j3 //home/michi/Projekte/VBFNLO/VBSCAN/VBSComparison/parton-shower/Powheg/Powheg.yoda/MC_VBSCAN_MCComparison/pT_j3 //home/michi/Projekte/VBFNLO/VBSCAN/VBSComparison/parton-shower/VBFNLO/Herwig-MCatNLO-DipoleShower.yoda/MC_VBSCAN_MCComparison/pT_j3
DrawOnly=//home/michi/Projekte/VBFNLO/VBSCAN/VBSComparison/parton-shower/VBFNLO/VBFNLO-NLO.yoda/MC_VBSCAN_MCComparison/pT_j3 //home/michi/Projekte/VBFNLO/VBSCAN/VBSComparison/parton-shower/Powheg/Powheg.yoda/MC_VBSCAN_MCComparison/pT_j3 //home/michi/Projekte/VBFNLO/VBSCAN/VBSComparison/parton-shower/VBFNLO/Herwig-MCatNLO-DipoleShower.yoda/MC_VBSCAN_MCComparison/pT_j3
RatioPlotReference=//home/michi/Projekte/VBFNLO/VBSCAN/VBSComparison/parton-shower/VBFNLO/VBFNLO-NLO.yoda/MC_VBSCAN_MCComparison/pT_j3
RatioPlot=1
LogY=1
RatioPlotYLabel=Ratio
Legend=1
# END PLOT

# BEGIN HISTO1D //home/michi/Projekte/VBFNLO/VBSCAN/VBSComparison/parton-shower/VBFNLO/VBFNLO-NLO.yoda/MC_VBSCAN_MCComparison/pT_j3
ErrorBandColor=red
ErrorBandOpacity=0.3
ErrorBands=1
LineColor=red
LineStyle=solid
Path=//home/michi/Projekte/VBFNLO/VBSCAN/VBSComparison/parton-shower/VBFNLO/VBFNLO-NLO.yoda/MC_VBSCAN_MCComparison/pT_j3
RatioPlotErrorBandColor=red
ScaledBy=1
Title=NLO
XLabel=
YLabel=
# xlow	 xhigh	 val	 errminus	 errplus
0.000000e+00	1.000000e+01	0.000000e+00	0.000000e+00	0.000000e+00
1.000000e+01	2.000000e+01	0.000000e+00	0.000000e+00	0.000000e+00
2.000000e+01	3.000000e+01	0.000000e+00	0.000000e+00	0.000000e+00
3.000000e+01	4.000000e+01	1.314822e-02	2.569347e-06	2.569347e-06
4.000000e+01	5.000000e+01	8.507726e-03	2.030931e-06	2.030931e-06
5.000000e+01	6.000000e+01	5.723414e-03	1.602476e-06	1.602476e-06
6.000000e+01	7.000000e+01	3.945186e-03	1.279956e-06	1.279956e-06
7.000000e+01	8.000000e+01	2.768209e-03	1.089248e-06	1.089248e-06
8.000000e+01	9.000000e+01	1.969960e-03	8.921063e-07	8.921063e-07
9.000000e+01	1.000000e+02	1.417965e-03	7.480269e-07	7.480269e-07
1.000000e+02	1.100000e+02	1.033489e-03	6.623004e-07	6.623004e-07
1.100000e+02	1.200000e+02	7.591589e-04	5.814301e-07	5.814301e-07
1.200000e+02	1.300000e+02	5.626472e-04	5.063952e-07	5.063952e-07
1.300000e+02	1.400000e+02	4.212226e-04	4.444211e-07	4.444211e-07
1.400000e+02	1.500000e+02	3.183174e-04	4.133922e-07	4.133922e-07
1.500000e+02	1.600000e+02	2.425399e-04	3.557639e-07	3.557639e-07
1.600000e+02	1.700000e+02	1.865912e-04	3.246735e-07	3.246735e-07
1.700000e+02	1.800000e+02	1.443297e-04	2.986904e-07	2.986904e-07
1.800000e+02	1.900000e+02	1.130668e-04	2.659288e-07	2.659288e-07
1.900000e+02	2.000000e+02	8.893217e-05	2.677609e-07	2.677609e-07
2.000000e+02	2.100000e+02	7.054922e-05	2.401068e-07	2.401068e-07
2.100000e+02	2.200000e+02	5.612966e-05	2.520789e-07	2.520789e-07
2.200000e+02	2.300000e+02	4.440582e-05	1.815147e-07	1.815147e-07
2.300000e+02	2.400000e+02	3.577390e-05	1.750094e-07	1.750094e-07
2.400000e+02	2.500000e+02	2.890860e-05	1.704973e-07	1.704973e-07
2.500000e+02	2.600000e+02	2.343087e-05	1.551901e-07	1.551901e-07
2.600000e+02	2.700000e+02	1.938508e-05	1.577755e-07	1.577755e-07
2.700000e+02	2.800000e+02	1.549387e-05	1.408090e-07	1.408090e-07
2.800000e+02	2.900000e+02	1.288778e-05	1.340245e-07	1.340245e-07
2.900000e+02	3.000000e+02	1.068851e-05	1.211433e-07	1.211433e-07
3.000000e+02	3.100000e+02	8.571781e-06	1.061640e-07	1.061640e-07
3.100000e+02	3.200000e+02	7.264743e-06	1.476039e-07	1.476039e-07
3.200000e+02	3.300000e+02	6.087933e-06	9.823466e-08	9.823466e-08
3.300000e+02	3.400000e+02	4.687504e-06	7.341784e-08	7.341784e-08
3.400000e+02	3.500000e+02	4.093124e-06	7.527837e-08	7.527837e-08
3.500000e+02	3.600000e+02	3.334846e-06	6.197751e-08	6.197751e-08
3.600000e+02	3.700000e+02	2.879429e-06	6.161668e-08	6.161668e-08
3.700000e+02	3.800000e+02	2.297003e-06	5.371149e-08	5.371149e-08
3.800000e+02	3.900000e+02	1.943978e-06	4.989272e-08	4.989272e-08
3.900000e+02	4.000000e+02	1.770971e-06	6.104149e-08	6.104149e-08
4.000000e+02	4.100000e+02	1.471784e-06	5.276423e-08	5.276423e-08
4.100000e+02	4.200000e+02	1.146489e-06	3.655559e-08	3.655559e-08
4.200000e+02	4.300000e+02	9.858974e-07	3.180126e-08	3.180126e-08
4.300000e+02	4.400000e+02	8.382570e-07	3.647385e-08	3.647385e-08
4.400000e+02	4.500000e+02	7.173216e-07	3.327933e-08	3.327933e-08
4.500000e+02	4.600000e+02	6.708836e-07	3.590565e-08	3.590565e-08
4.600000e+02	4.700000e+02	5.346950e-07	2.678060e-08	2.678060e-08
4.700000e+02	4.800000e+02	4.360846e-07	2.561072e-08	2.561072e-08
4.800000e+02	4.900000e+02	4.172977e-07	3.016984e-08	3.016984e-08
4.900000e+02	5.000000e+02	3.177166e-07	2.112362e-08	2.112362e-08
5.000000e+02	5.100000e+02	2.787313e-07	1.865570e-08	1.865570e-08
5.100000e+02	5.200000e+02	2.528571e-07	1.986600e-08	1.986600e-08
5.200000e+02	5.300000e+02	1.980113e-07	2.472990e-08	2.472990e-08
5.300000e+02	5.400000e+02	2.107710e-07	2.574415e-08	2.574415e-08
5.400000e+02	5.500000e+02	1.321903e-07	1.023245e-08	1.023245e-08
5.500000e+02	5.600000e+02	1.388997e-07	1.954168e-08	1.954168e-08
5.600000e+02	5.700000e+02	1.145126e-07	1.347286e-08	1.347286e-08
5.700000e+02	5.800000e+02	8.880386e-08	1.108853e-08	1.108853e-08
5.800000e+02	5.900000e+02	6.997223e-08	6.454506e-09	6.454506e-09
5.900000e+02	6.000000e+02	5.647028e-08	6.546374e-09	6.546374e-09
6.000000e+02	6.100000e+02	5.025818e-08	9.689544e-09	9.689544e-09
6.100000e+02	6.200000e+02	5.656866e-08	9.603274e-09	9.603274e-09
6.200000e+02	6.300000e+02	4.935639e-08	1.501917e-08	1.501917e-08
6.300000e+02	6.400000e+02	3.998561e-08	7.108006e-09	7.108006e-09
6.400000e+02	6.500000e+02	3.102952e-08	4.664000e-09	4.664000e-09
6.500000e+02	6.600000e+02	1.929468e-08	2.674663e-09	2.674663e-09
6.600000e+02	6.700000e+02	1.426831e-08	2.542202e-09	2.542202e-09
6.700000e+02	6.800000e+02	1.622029e-08	2.726937e-09	2.726937e-09
6.800000e+02	6.900000e+02	1.622602e-08	3.770070e-09	3.770070e-09
6.900000e+02	7.000000e+02	1.291980e-08	2.079730e-09	2.079730e-09
7.000000e+02	7.100000e+02	1.572360e-08	4.409905e-09	4.409905e-09
7.100000e+02	7.200000e+02	9.544610e-09	1.599378e-09	1.599378e-09
7.200000e+02	7.300000e+02	1.122707e-08	4.243673e-09	4.243673e-09
7.300000e+02	7.400000e+02	6.242832e-09	1.577575e-09	1.577575e-09
7.400000e+02	7.500000e+02	8.706799e-09	2.644560e-09	2.644560e-09
7.500000e+02	7.600000e+02	7.328351e-09	2.867876e-09	2.867876e-09
7.600000e+02	7.700000e+02	4.329783e-09	8.161626e-10	8.161626e-10
7.700000e+02	7.800000e+02	3.031108e-09	5.297582e-10	5.297582e-10
7.800000e+02	7.900000e+02	3.132991e-09	8.197769e-10	8.197769e-10
7.900000e+02	8.000000e+02	3.794834e-09	2.043757e-09	2.043757e-09
8.000000e+02	8.100000e+02	1.276608e-09	2.373575e-10	2.373575e-10
8.100000e+02	8.200000e+02	1.540919e-09	4.746748e-10	4.746748e-10
8.200000e+02	8.300000e+02	1.941482e-09	7.346511e-10	7.346511e-10
8.300000e+02	8.400000e+02	2.505323e-09	1.064942e-09	1.064942e-09
8.400000e+02	8.500000e+02	6.825089e-10	1.419409e-10	1.419409e-10
8.500000e+02	8.600000e+02	7.691698e-10	2.271270e-10	2.271270e-10
8.600000e+02	8.700000e+02	1.297631e-09	4.269900e-10	4.269900e-10
8.700000e+02	8.800000e+02	1.049935e-09	4.471874e-10	4.471874e-10
8.800000e+02	8.900000e+02	3.725021e-10	6.568454e-11	6.568454e-11
8.900000e+02	9.000000e+02	1.163542e-09	3.095265e-10	3.095265e-10
9.000000e+02	9.100000e+02	1.062627e-09	4.247630e-10	4.247630e-10
9.100000e+02	9.200000e+02	4.793827e-10	1.136453e-10	1.136453e-10
9.200000e+02	9.300000e+02	7.795210e-10	4.277118e-10	4.277118e-10
9.300000e+02	9.400000e+02	2.417955e-10	1.011749e-10	1.011749e-10
9.400000e+02	9.500000e+02	1.397340e-10	2.403282e-11	2.403282e-11
9.500000e+02	9.600000e+02	1.042585e-10	1.103189e-11	1.103189e-11
9.600000e+02	9.700000e+02	1.078083e-10	4.623820e-11	4.623820e-11
9.700000e+02	9.800000e+02	1.262708e-10	6.198395e-11	6.198395e-11
9.800000e+02	9.900000e+02	9.493134e-11	3.253808e-12	3.253808e-12
9.900000e+02	1.000000e+03	2.254758e-11	5.296470e-12	5.296470e-12
# END HISTO1D

# BEGIN HISTO1D //home/michi/Projekte/VBFNLO/VBSCAN/VBSComparison/parton-shower/Powheg/Powheg.yoda/MC_VBSCAN_MCComparison/pT_j3
ErrorBandColor=green
ErrorBandOpacity=0.3
ErrorBands=1
LineColor=green
LineStyle=solid
Path=//home/michi/Projekte/VBFNLO/VBSCAN/VBSComparison/parton-shower/Powheg/Powheg.yoda/MC_VBSCAN_MCComparison/pT_j3
RatioPlotErrorBandColor=green
ScaledBy=4.16334293122255393e-04
Title=Powheg+Pythia 8 (NLO $\otimes$ pT)
XLabel=
YLabel=
# xlow	 xhigh	 val	 errminus	 errplus
0.000000e+00	1.000000e+01	0.000000e+00	0.000000e+00	0.000000e+00
1.000000e+01	2.000000e+01	0.000000e+00	0.000000e+00	0.000000e+00
2.000000e+01	3.000000e+01	0.000000e+00	0.000000e+00	0.000000e+00
3.000000e+01	4.000000e+01	1.037040e-02	4.498593e-05	4.498593e-05
4.000000e+01	5.000000e+01	6.878154e-03	3.663935e-05	3.663935e-05
5.000000e+01	6.000000e+01	4.709864e-03	3.031690e-05	3.031690e-05
6.000000e+01	7.000000e+01	3.270777e-03	2.526318e-05	2.526318e-05
7.000000e+01	8.000000e+01	2.334346e-03	2.134249e-05	2.134249e-05
8.000000e+01	9.000000e+01	1.643194e-03	1.790635e-05	1.790635e-05
9.000000e+01	1.000000e+02	1.233615e-03	1.551502e-05	1.551502e-05
1.000000e+02	1.100000e+02	8.919414e-04	1.319261e-05	1.319261e-05
1.100000e+02	1.200000e+02	6.671511e-04	1.140971e-05	1.140971e-05
1.200000e+02	1.300000e+02	4.899726e-04	9.777965e-06	9.777965e-06
1.300000e+02	1.400000e+02	3.594303e-04	8.374713e-06	8.374713e-06
1.400000e+02	1.500000e+02	2.735729e-04	7.306327e-06	7.306327e-06
1.500000e+02	1.600000e+02	2.179607e-04	6.521563e-06	6.521563e-06
1.600000e+02	1.700000e+02	1.678122e-04	5.722349e-06	5.722349e-06
1.700000e+02	1.800000e+02	1.184442e-04	4.807501e-06	4.807501e-06
1.800000e+02	1.900000e+02	9.424801e-05	4.288433e-06	4.288433e-06
1.900000e+02	2.000000e+02	7.629601e-05	3.858456e-06	3.858456e-06
2.000000e+02	2.100000e+02	6.810053e-05	3.645338e-06	3.645338e-06
2.100000e+02	2.200000e+02	4.605079e-05	2.997651e-06	2.997651e-06
2.200000e+02	2.300000e+02	3.922122e-05	2.766452e-06	2.766452e-06
2.300000e+02	2.400000e+02	2.868418e-05	2.365831e-06	2.365831e-06
2.400000e+02	2.500000e+02	2.556209e-05	2.233371e-06	2.233371e-06
2.500000e+02	2.600000e+02	1.931792e-05	1.941524e-06	1.941524e-06
2.600000e+02	2.700000e+02	1.756174e-05	1.851170e-06	1.851170e-06
2.700000e+02	2.800000e+02	1.522018e-05	1.723346e-06	1.723346e-06
2.800000e+02	2.900000e+02	1.014678e-05	1.407106e-06	1.407106e-06
2.900000e+02	3.000000e+02	1.034191e-05	1.420571e-06	1.420571e-06
3.000000e+02	3.100000e+02	5.853914e-06	1.068774e-06	1.068774e-06
3.100000e+02	3.200000e+02	7.414958e-06	1.202865e-06	1.202865e-06
3.200000e+02	3.300000e+02	4.878262e-06	9.756523e-07	9.756523e-07
3.300000e+02	3.400000e+02	5.073392e-06	9.949741e-07	9.949741e-07
3.400000e+02	3.500000e+02	4.097740e-06	8.942001e-07	8.942001e-07
3.500000e+02	3.600000e+02	3.512348e-06	8.278685e-07	8.278685e-07
3.600000e+02	3.700000e+02	1.561044e-06	5.519123e-07	5.519123e-07
3.700000e+02	3.800000e+02	2.341566e-06	6.759518e-07	6.759518e-07
3.800000e+02	3.900000e+02	1.756174e-06	5.853914e-07	5.853914e-07
3.900000e+02	4.000000e+02	9.756524e-07	4.363250e-07	4.363250e-07
4.000000e+02	4.100000e+02	7.805219e-07	3.902609e-07	3.902609e-07
4.100000e+02	4.200000e+02	1.561044e-06	5.519123e-07	5.519123e-07
4.200000e+02	4.300000e+02	1.365913e-06	5.162667e-07	5.162667e-07
4.300000e+02	4.400000e+02	0.000000e+00	0.000000e+00	0.000000e+00
4.400000e+02	4.500000e+02	5.853914e-07	3.379759e-07	3.379759e-07
4.500000e+02	4.600000e+02	5.853914e-07	3.379759e-07	3.379759e-07
4.600000e+02	4.700000e+02	1.951305e-07	1.951305e-07	1.951305e-07
4.700000e+02	4.800000e+02	5.853914e-07	3.379759e-07	3.379759e-07
4.800000e+02	4.900000e+02	0.000000e+00	0.000000e+00	0.000000e+00
4.900000e+02	5.000000e+02	1.951305e-07	1.951305e-07	1.951305e-07
5.000000e+02	5.100000e+02	1.951305e-07	1.951305e-07	1.951305e-07
5.100000e+02	5.200000e+02	1.951305e-07	1.951305e-07	1.951305e-07
5.200000e+02	5.300000e+02	0.000000e+00	0.000000e+00	0.000000e+00
5.300000e+02	5.400000e+02	3.902609e-07	2.759562e-07	2.759562e-07
5.400000e+02	5.500000e+02	0.000000e+00	0.000000e+00	0.000000e+00
5.500000e+02	5.600000e+02	0.000000e+00	0.000000e+00	0.000000e+00
5.600000e+02	5.700000e+02	1.951305e-07	1.951305e-07	1.951305e-07
5.700000e+02	5.800000e+02	0.000000e+00	0.000000e+00	0.000000e+00
5.800000e+02	5.900000e+02	1.951305e-07	1.951305e-07	1.951305e-07
5.900000e+02	6.000000e+02	0.000000e+00	0.000000e+00	0.000000e+00
6.000000e+02	6.100000e+02	0.000000e+00	0.000000e+00	0.000000e+00
6.100000e+02	6.200000e+02	0.000000e+00	0.000000e+00	0.000000e+00
6.200000e+02	6.300000e+02	0.000000e+00	0.000000e+00	0.000000e+00
6.300000e+02	6.400000e+02	0.000000e+00	0.000000e+00	0.000000e+00
6.400000e+02	6.500000e+02	0.000000e+00	0.000000e+00	0.000000e+00
6.500000e+02	6.600000e+02	0.000000e+00	0.000000e+00	0.000000e+00
6.600000e+02	6.700000e+02	1.951305e-07	1.951305e-07	1.951305e-07
6.700000e+02	6.800000e+02	0.000000e+00	0.000000e+00	0.000000e+00
6.800000e+02	6.900000e+02	0.000000e+00	0.000000e+00	0.000000e+00
6.900000e+02	7.000000e+02	0.000000e+00	0.000000e+00	0.000000e+00
7.000000e+02	7.100000e+02	0.000000e+00	0.000000e+00	0.000000e+00
7.100000e+02	7.200000e+02	0.000000e+00	0.000000e+00	0.000000e+00
7.200000e+02	7.300000e+02	0.000000e+00	0.000000e+00	0.000000e+00
7.300000e+02	7.400000e+02	0.000000e+00	0.000000e+00	0.000000e+00
7.400000e+02	7.500000e+02	0.000000e+00	0.000000e+00	0.000000e+00
7.500000e+02	7.600000e+02	0.000000e+00	0.000000e+00	0.000000e+00
7.600000e+02	7.700000e+02	0.000000e+00	0.000000e+00	0.000000e+00
7.700000e+02	7.800000e+02	0.000000e+00	0.000000e+00	0.000000e+00
7.800000e+02	7.900000e+02	0.000000e+00	0.000000e+00	0.000000e+00
7.900000e+02	8.000000e+02	0.000000e+00	0.000000e+00	0.000000e+00
8.000000e+02	8.100000e+02	0.000000e+00	0.000000e+00	0.000000e+00
8.100000e+02	8.200000e+02	0.000000e+00	0.000000e+00	0.000000e+00
8.200000e+02	8.300000e+02	0.000000e+00	0.000000e+00	0.000000e+00
8.300000e+02	8.400000e+02	0.000000e+00	0.000000e+00	0.000000e+00
8.400000e+02	8.500000e+02	0.000000e+00	0.000000e+00	0.000000e+00
8.500000e+02	8.600000e+02	0.000000e+00	0.000000e+00	0.000000e+00
8.600000e+02	8.700000e+02	0.000000e+00	0.000000e+00	0.000000e+00
8.700000e+02	8.800000e+02	0.000000e+00	0.000000e+00	0.000000e+00
8.800000e+02	8.900000e+02	0.000000e+00	0.000000e+00	0.000000e+00
8.900000e+02	9.000000e+02	0.000000e+00	0.000000e+00	0.000000e+00
9.000000e+02	9.100000e+02	0.000000e+00	0.000000e+00	0.000000e+00
9.100000e+02	9.200000e+02	0.000000e+00	0.000000e+00	0.000000e+00
9.200000e+02	9.300000e+02	0.000000e+00	0.000000e+00	0.000000e+00
9.300000e+02	9.400000e+02	0.000000e+00	0.000000e+00	0.000000e+00
9.400000e+02	9.500000e+02	0.000000e+00	0.000000e+00	0.000000e+00
9.500000e+02	9.600000e+02	0.000000e+00	0.000000e+00	0.000000e+00
9.600000e+02	9.700000e+02	0.000000e+00	0.000000e+00	0.000000e+00
9.700000e+02	9.800000e+02	0.000000e+00	0.000000e+00	0.000000e+00
9.800000e+02	9.900000e+02	0.000000e+00	0.000000e+00	0.000000e+00
9.900000e+02	1.000000e+03	0.000000e+00	0.000000e+00	0.000000e+00
# END HISTO1D

# BEGIN HISTO1D //home/michi/Projekte/VBFNLO/VBSCAN/VBSComparison/parton-shower/VBFNLO/Herwig-MCatNLO-DipoleShower.yoda/MC_VBSCAN_MCComparison/pT_j3
ErrorBandColor=brown
ErrorBandOpacity=0.3
ErrorBands=1
LineColor=brown
LineStyle=solid
Path=//home/michi/Projekte/VBFNLO/VBSCAN/VBSComparison/parton-shower/VBFNLO/Herwig-MCatNLO-DipoleShower.yoda/MC_VBSCAN_MCComparison/pT_j3
RatioPlotErrorBandColor=brown
ScaledBy=1.05355021816678726e-03
Title=VBFNLO 3+Herwig 7 (NLO $\oplus$ Dipoles)
XLabel=
YLabel=
# xlow	 xhigh	 val	 errminus	 errplus
0.000000e+00	1.000000e+01	0.000000e+00	0.000000e+00	0.000000e+00
1.000000e+01	2.000000e+01	0.000000e+00	0.000000e+00	0.000000e+00
2.000000e+01	3.000000e+01	0.000000e+00	0.000000e+00	0.000000e+00
3.000000e+01	4.000000e+01	1.038157e-02	2.060366e-05	2.060366e-05
4.000000e+01	5.000000e+01	6.899664e-03	1.206046e-05	1.206046e-05
5.000000e+01	6.000000e+01	4.677360e-03	1.098607e-05	1.098607e-05
6.000000e+01	7.000000e+01	3.257520e-03	8.688288e-06	8.688288e-06
7.000000e+01	8.000000e+01	2.281977e-03	6.819686e-06	6.819686e-06
8.000000e+01	9.000000e+01	1.626568e-03	6.814519e-06	6.814519e-06
9.000000e+01	1.000000e+02	1.177460e-03	1.294444e-05	1.294444e-05
1.000000e+02	1.100000e+02	8.473910e-04	4.480947e-06	4.480947e-06
1.100000e+02	1.200000e+02	6.239454e-04	4.580659e-06	4.580659e-06
1.200000e+02	1.300000e+02	4.510865e-04	8.690017e-06	8.690017e-06
1.300000e+02	1.400000e+02	3.447067e-04	3.340672e-06	3.340672e-06
1.400000e+02	1.500000e+02	2.583609e-04	3.813211e-06	3.813211e-06
1.500000e+02	1.600000e+02	1.998576e-04	3.133862e-06	3.133862e-06
1.600000e+02	1.700000e+02	1.641358e-04	1.043083e-05	1.043083e-05
1.700000e+02	1.800000e+02	1.135243e-04	2.264081e-06	2.264081e-06
1.800000e+02	1.900000e+02	8.704578e-05	1.863133e-06	1.863133e-06
1.900000e+02	2.000000e+02	6.670889e-05	1.481298e-06	1.481298e-06
2.000000e+02	2.100000e+02	5.570458e-05	1.458284e-06	1.458284e-06
2.100000e+02	2.200000e+02	4.539898e-05	1.371227e-06	1.371227e-06
2.200000e+02	2.300000e+02	3.603700e-05	1.430271e-06	1.430271e-06
2.300000e+02	2.400000e+02	3.007983e-05	1.289122e-06	1.289122e-06
2.400000e+02	2.500000e+02	2.224186e-05	9.977620e-07	9.977620e-07
2.500000e+02	2.600000e+02	2.057775e-05	1.490403e-06	1.490403e-06
2.600000e+02	2.700000e+02	1.432666e-05	1.175405e-06	1.175405e-06
2.700000e+02	2.800000e+02	1.103542e-05	9.502770e-07	9.502770e-07
2.800000e+02	2.900000e+02	9.832148e-06	6.427487e-07	6.427487e-07
2.900000e+02	3.000000e+02	9.186057e-06	8.359927e-07	8.359927e-07
3.000000e+02	3.100000e+02	6.499641e-06	5.447374e-07	5.447374e-07
3.100000e+02	3.200000e+02	5.062448e-06	7.026908e-07	7.026908e-07
3.200000e+02	3.300000e+02	3.118755e-06	4.066357e-07	4.066357e-07
3.300000e+02	3.400000e+02	3.763576e-06	4.851872e-07	4.851872e-07
3.400000e+02	3.500000e+02	3.355651e-06	5.829357e-07	5.829357e-07
3.500000e+02	3.600000e+02	3.082107e-06	7.775555e-07	7.775555e-07
3.600000e+02	3.700000e+02	7.575774e-07	1.223801e-06	1.223801e-06
3.700000e+02	3.800000e+02	1.764590e-06	3.583829e-07	3.583829e-07
3.800000e+02	3.900000e+02	1.575133e-06	2.625936e-07	2.625936e-07
3.900000e+02	4.000000e+02	1.301451e-06	2.340043e-07	2.340043e-07
4.000000e+02	4.100000e+02	7.990019e-07	1.460789e-07	1.460789e-07
4.100000e+02	4.200000e+02	7.655851e-07	1.782903e-07	1.782903e-07
4.200000e+02	4.300000e+02	5.121186e-07	1.707760e-07	1.707760e-07
4.300000e+02	4.400000e+02	6.621753e-07	2.818981e-07	2.818981e-07
4.400000e+02	4.500000e+02	4.455367e-07	1.198648e-07	1.198648e-07
4.500000e+02	4.600000e+02	2.916588e-07	9.283228e-08	9.283228e-08
4.600000e+02	4.700000e+02	3.480983e-07	1.628204e-07	1.628204e-07
4.700000e+02	4.800000e+02	3.608599e-07	9.250346e-08	9.250346e-08
4.800000e+02	4.900000e+02	-1.732043e-07	5.276751e-07	5.276751e-07
4.900000e+02	5.000000e+02	1.839438e-07	8.782537e-08	8.782537e-08
5.000000e+02	5.100000e+02	3.051551e-07	1.516218e-07	1.516218e-07
5.100000e+02	5.200000e+02	9.637916e-08	3.513855e-08	3.513855e-08
5.200000e+02	5.300000e+02	1.234592e-09	6.419709e-08	6.419709e-08
5.300000e+02	5.400000e+02	2.595868e-07	1.750509e-07	1.750509e-07
5.400000e+02	5.500000e+02	5.890315e-08	2.769800e-08	2.769800e-08
5.500000e+02	5.600000e+02	1.175665e-07	4.816304e-08	4.816304e-08
5.600000e+02	5.700000e+02	9.653756e-08	6.191842e-08	6.191842e-08
5.700000e+02	5.800000e+02	8.005930e-08	3.797612e-08	3.797612e-08
5.800000e+02	5.900000e+02	2.959747e-08	9.611443e-09	9.611443e-09
5.900000e+02	6.000000e+02	2.009983e-08	6.541757e-09	6.541757e-09
6.000000e+02	6.100000e+02	1.764504e-08	6.383304e-09	6.383304e-09
6.100000e+02	6.200000e+02	3.057041e-08	1.152604e-08	1.152604e-08
6.200000e+02	6.300000e+02	-2.955261e-08	3.828850e-08	3.828850e-08
6.300000e+02	6.400000e+02	1.162783e-08	9.814851e-09	9.814851e-09
6.400000e+02	6.500000e+02	-3.841322e-09	5.787616e-09	5.787616e-09
6.500000e+02	6.600000e+02	5.332671e-11	6.301555e-09	6.301555e-09
6.600000e+02	6.700000e+02	6.045905e-09	3.760749e-09	3.760749e-09
6.700000e+02	6.800000e+02	1.032714e-08	1.001499e-08	1.001499e-08
6.800000e+02	6.900000e+02	1.868705e-09	1.352989e-09	1.352989e-09
6.900000e+02	7.000000e+02	2.268143e-09	1.345025e-08	1.345025e-08
7.000000e+02	7.100000e+02	2.457249e-09	3.630253e-09	3.630253e-09
7.100000e+02	7.200000e+02	4.643339e-08	4.551162e-08	4.551162e-08
7.200000e+02	7.300000e+02	4.407717e-10	2.738307e-10	2.738307e-10
7.300000e+02	7.400000e+02	-7.325951e-10	1.190658e-09	1.190658e-09
7.400000e+02	7.500000e+02	-2.991407e-08	2.997746e-08	2.997746e-08
7.500000e+02	7.600000e+02	2.091140e-09	1.150795e-09	1.150795e-09
7.600000e+02	7.700000e+02	1.780933e-10	1.197016e-10	1.197016e-10
7.700000e+02	7.800000e+02	2.536784e-11	3.467649e-10	3.467649e-10
7.800000e+02	7.900000e+02	6.764833e-10	6.434111e-10	6.434111e-10
7.900000e+02	8.000000e+02	-1.118968e-08	1.090889e-08	1.090889e-08
8.000000e+02	8.100000e+02	1.715292e-07	1.714925e-07	1.714925e-07
8.100000e+02	8.200000e+02	7.258070e-11	4.614397e-11	4.614397e-11
8.200000e+02	8.300000e+02	5.546862e-10	4.126440e-10	4.126440e-10
8.300000e+02	8.400000e+02	6.911828e-10	4.877960e-10	4.877960e-10
8.400000e+02	8.500000e+02	3.445053e-10	3.443410e-10	3.443410e-10
8.500000e+02	8.600000e+02	3.210442e-10	3.258734e-10	3.258734e-10
8.600000e+02	8.700000e+02	-1.066135e-10	3.025160e-10	3.025160e-10
8.700000e+02	8.800000e+02	2.138278e-09	2.138307e-09	2.138307e-09
8.800000e+02	8.900000e+02	1.858102e-10	1.773586e-10	1.773586e-10
8.900000e+02	9.000000e+02	5.269779e-11	3.371925e-11	3.371925e-11
9.000000e+02	9.100000e+02	5.555121e-10	5.983537e-10	5.983537e-10
9.100000e+02	9.200000e+02	1.471144e-11	1.471143e-11	1.471143e-11
9.200000e+02	9.300000e+02	2.906282e-10	2.754017e-10	2.754017e-10
9.300000e+02	9.400000e+02	-8.868732e-13	2.284125e-12	2.284125e-12
9.400000e+02	9.500000e+02	-4.895682e-13	4.895683e-13	4.895683e-13
9.500000e+02	9.600000e+02	1.363493e-10	1.362882e-10	1.362882e-10
9.600000e+02	9.700000e+02	1.343949e-12	1.343864e-12	1.343864e-12
9.700000e+02	9.800000e+02	4.603281e-09	4.603289e-09	4.603289e-09
9.800000e+02	9.900000e+02	1.956540e-15	1.956578e-15	1.956578e-15
9.900000e+02	1.000000e+03	2.390654e-12	2.403894e-12	2.403894e-12
# END HISTO1D

