# BEGIN PLOT
LegendOnly=//home/karlberg/cernbox/VBSCAN/VBSComparison/parton-shower/VBFNLO/VBFNLO-NLO.yoda/MC_VBSCAN_MCComparison/z_mu //home/karlberg/cernbox/VBSCAN/VBSComparison/parton-shower/Powheg/Powheg.yoda/MC_VBSCAN_MCComparison/z_mu //home/karlberg/cernbox/VBSCAN/VBSComparison/parton-shower/VBFNLO/Herwig-MCatNLO-DipoleShower.yoda/MC_VBSCAN_MCComparison/z_mu //home/karlberg/cernbox/VBSCAN/VBSComparison/parton-shower/Powheg/lhef.yoda/MC_VBSCAN_MCComparison/z_mu
DrawOnly=//home/karlberg/cernbox/VBSCAN/VBSComparison/parton-shower/VBFNLO/VBFNLO-NLO.yoda/MC_VBSCAN_MCComparison/z_mu //home/karlberg/cernbox/VBSCAN/VBSComparison/parton-shower/Powheg/Powheg.yoda/MC_VBSCAN_MCComparison/z_mu //home/karlberg/cernbox/VBSCAN/VBSComparison/parton-shower/VBFNLO/Herwig-MCatNLO-DipoleShower.yoda/MC_VBSCAN_MCComparison/z_mu //home/karlberg/cernbox/VBSCAN/VBSComparison/parton-shower/Powheg/lhef.yoda/MC_VBSCAN_MCComparison/z_mu
RatioPlotReference=//home/karlberg/cernbox/VBSCAN/VBSComparison/parton-shower/VBFNLO/VBFNLO-NLO.yoda/MC_VBSCAN_MCComparison/z_mu
RatioPlot=1
LogY=1
RatioPlotYLabel=Ratio
Legend=1
# END PLOT

# BEGIN HISTO1D //home/karlberg/cernbox/VBSCAN/VBSComparison/parton-shower/VBFNLO/VBFNLO-NLO.yoda/MC_VBSCAN_MCComparison/z_mu
ErrorBandColor=red
ErrorBandOpacity=0.3
ErrorBands=1
LineColor=red
LineStyle=solid
Path=//home/karlberg/cernbox/VBSCAN/VBSComparison/parton-shower/VBFNLO/VBFNLO-NLO.yoda/MC_VBSCAN_MCComparison/z_mu
RatioPlotErrorBandColor=red
ScaledBy=1
Title=NLO
XLabel=
YLabel=
# xlow	 xhigh	 val	 errminus	 errplus
0.000000e+00	5.000000e-02	3.738733e+00	8.972641e-04	8.972641e-04
5.000000e-02	1.000000e-01	3.653366e+00	1.285700e-03	1.285700e-03
1.000000e-01	1.500000e-01	3.486536e+00	1.031317e-03	1.031317e-03
1.500000e-01	2.000000e-01	3.240766e+00	1.010725e-03	1.010725e-03
2.000000e-01	2.500000e-01	2.914248e+00	9.684314e-04	9.684314e-04
2.500000e-01	3.000000e-01	2.520257e+00	8.590494e-04	8.590494e-04
3.000000e-01	3.500000e-01	2.084146e+00	8.786127e-04	8.786127e-04
3.500000e-01	4.000000e-01	1.649890e+00	7.547949e-04	7.547949e-04
4.000000e-01	4.500000e-01	1.231151e+00	6.607018e-04	6.607018e-04
4.500000e-01	5.000000e-01	8.450895e-01	5.537094e-04	5.537094e-04
5.000000e-01	5.500000e-01	5.985247e-01	5.092317e-04	5.092317e-04
5.500000e-01	6.000000e-01	4.396501e-01	4.267167e-04	4.267167e-04
6.000000e-01	6.500000e-01	3.100907e-01	3.680611e-04	3.680611e-04
6.500000e-01	7.000000e-01	2.138888e-01	5.330467e-04	5.330467e-04
7.000000e-01	7.500000e-01	1.465171e-01	5.360125e-04	5.360125e-04
7.500000e-01	8.000000e-01	1.018109e-01	2.985315e-04	2.985315e-04
8.000000e-01	8.500000e-01	6.974726e-02	4.547097e-04	4.547097e-04
8.500000e-01	9.000000e-01	4.889121e-02	2.275848e-04	2.275848e-04
9.000000e-01	9.500000e-01	3.432511e-02	2.436115e-04	2.436115e-04
9.500000e-01	1.000000e+00	2.382475e-02	1.497049e-04	1.497049e-04
1.000000e+00	1.050000e+00	1.685761e-02	1.542790e-04	1.542790e-04
1.050000e+00	1.100000e+00	1.160649e-02	1.634152e-04	1.634152e-04
1.100000e+00	1.150000e+00	8.365137e-03	1.374551e-04	1.374551e-04
1.150000e+00	1.200000e+00	5.705748e-03	1.157774e-04	1.157774e-04
1.200000e+00	1.250000e+00	3.919540e-03	9.210954e-05	9.210954e-05
1.250000e+00	1.300000e+00	2.706232e-03	7.444268e-05	7.444268e-05
1.300000e+00	1.350000e+00	1.972108e-03	6.527335e-05	6.527335e-05
1.350000e+00	1.400000e+00	1.149018e-03	1.232972e-04	1.232972e-04
1.400000e+00	1.450000e+00	1.022730e-03	8.651500e-05	8.651500e-05
1.450000e+00	1.500000e+00	6.094847e-04	4.794749e-05	4.794749e-05
# END HISTO1D

# BEGIN HISTO1D //home/karlberg/cernbox/VBSCAN/VBSComparison/parton-shower/Powheg/Powheg.yoda/MC_VBSCAN_MCComparison/z_mu
ErrorBandColor=green
ErrorBandOpacity=0.3
ErrorBands=1
LineColor=green
LineStyle=solid
Path=//home/karlberg/cernbox/VBSCAN/VBSComparison/parton-shower/Powheg/Powheg.yoda/MC_VBSCAN_MCComparison/z_mu
RatioPlotErrorBandColor=green
ScaledBy=1.64719761446097032e-04
Title=Powheg+Pythia 8
XLabel=
YLabel=
# xlow	 xhigh	 val	 errminus	 errplus
0.000000e+00	5.000000e-02	3.674676e+00	7.533509e-03	7.533509e-03
5.000000e-02	1.000000e-01	3.611634e+00	7.468558e-03	7.468558e-03
1.000000e-01	1.500000e-01	3.444120e+00	7.293575e-03	7.293575e-03
1.500000e-01	2.000000e-01	3.195376e+00	7.025180e-03	7.025180e-03
2.000000e-01	2.500000e-01	2.894442e+00	6.686051e-03	6.686051e-03
2.500000e-01	3.000000e-01	2.512740e+00	6.229585e-03	6.229585e-03
3.000000e-01	3.500000e-01	2.099170e+00	5.693909e-03	5.693909e-03
3.500000e-01	4.000000e-01	1.659781e+00	5.062804e-03	5.062804e-03
4.000000e-01	4.500000e-01	1.235124e+00	4.367669e-03	4.367669e-03
4.500000e-01	5.000000e-01	8.562012e-01	3.636600e-03	3.636600e-03
5.000000e-01	5.500000e-01	6.128758e-01	3.076440e-03	3.076440e-03
5.500000e-01	6.000000e-01	4.504274e-01	2.638005e-03	2.638005e-03
6.000000e-01	6.500000e-01	3.204656e-01	2.224651e-03	2.224651e-03
6.500000e-01	7.000000e-01	2.214772e-01	1.849242e-03	1.849242e-03
7.000000e-01	7.500000e-01	1.523813e-01	1.534049e-03	1.534049e-03
7.500000e-01	8.000000e-01	1.066469e-01	1.283227e-03	1.283227e-03
8.000000e-01	8.500000e-01	7.436098e-02	1.071524e-03	1.071524e-03
8.500000e-01	9.000000e-01	4.927032e-02	8.724852e-04	8.724852e-04
9.000000e-01	9.500000e-01	3.574454e-02	7.429065e-04	7.429065e-04
9.500000e-01	1.000000e+00	2.464288e-02	6.168436e-04	6.168436e-04
1.000000e+00	1.050000e+00	1.695356e-02	5.116345e-04	5.116345e-04
1.050000e+00	1.100000e+00	1.212072e-02	4.326069e-04	4.326069e-04
1.100000e+00	1.150000e+00	8.878232e-03	3.702479e-04	3.702479e-04
1.150000e+00	1.200000e+00	5.296058e-03	2.859603e-04	2.859603e-04
1.200000e+00	1.250000e+00	4.045386e-03	2.508769e-04	2.508769e-04
1.250000e+00	1.300000e+00	2.254298e-03	1.865671e-04	1.865671e-04
1.300000e+00	1.350000e+00	1.636683e-03	1.589687e-04	1.589687e-04
1.350000e+00	1.400000e+00	1.111709e-03	1.310162e-04	1.310162e-04
1.400000e+00	1.450000e+00	6.330564e-04	9.886682e-05	9.886682e-05
1.450000e+00	1.500000e+00	6.021756e-04	9.642529e-05	9.642529e-05
# END HISTO1D

# BEGIN HISTO1D //home/karlberg/cernbox/VBSCAN/VBSComparison/parton-shower/VBFNLO/Herwig-MCatNLO-DipoleShower.yoda/MC_VBSCAN_MCComparison/z_mu
ErrorBandColor=brown
ErrorBandOpacity=0.3
ErrorBands=1
LineColor=brown
LineStyle=solid
Path=//home/karlberg/cernbox/VBSCAN/VBSComparison/parton-shower/VBFNLO/Herwig-MCatNLO-DipoleShower.yoda/MC_VBSCAN_MCComparison/z_mu
RatioPlotErrorBandColor=brown
Scale=2
ScaledBy=1.05355021816678726e-03
Title=VBFNLO 3+Herwig 7
XLabel=
YLabel=
# xlow	 xhigh	 val	 errminus	 errplus
0.000000e+00	5.000000e-02	1.834599e+00	2.812008e-03	2.812008e-03
5.000000e-02	1.000000e-01	1.798030e+00	2.959512e-03	2.959512e-03
1.000000e-01	1.500000e-01	1.715642e+00	3.446016e-03	3.446016e-03
1.500000e-01	2.000000e-01	1.585961e+00	2.769373e-03	2.769373e-03
2.000000e-01	2.500000e-01	1.430899e+00	2.371040e-03	2.371040e-03
2.500000e-01	3.000000e-01	1.233822e+00	2.548178e-03	2.548178e-03
3.000000e-01	3.500000e-01	1.021583e+00	3.030666e-03	3.030666e-03
3.500000e-01	4.000000e-01	8.066596e-01	2.464446e-03	2.464446e-03
4.000000e-01	4.500000e-01	5.926778e-01	1.594582e-03	1.594582e-03
4.500000e-01	5.000000e-01	4.055722e-01	1.204882e-03	1.204882e-03
5.000000e-01	5.500000e-01	2.872048e-01	1.085810e-03	1.085810e-03
5.500000e-01	6.000000e-01	2.105046e-01	9.130113e-04	9.130113e-04
6.000000e-01	6.500000e-01	1.482025e-01	6.919306e-04	6.919306e-04
6.500000e-01	7.000000e-01	1.017653e-01	6.071436e-04	6.071436e-04
7.000000e-01	7.500000e-01	7.037836e-02	4.918684e-04	4.918684e-04
7.500000e-01	8.000000e-01	4.926806e-02	4.541666e-04	4.541666e-04
8.000000e-01	8.500000e-01	3.361730e-02	3.402564e-04	3.402564e-04
8.500000e-01	9.000000e-01	2.348116e-02	2.730062e-04	2.730062e-04
9.000000e-01	9.500000e-01	1.546349e-02	3.129978e-04	3.129978e-04
9.500000e-01	1.000000e+00	1.164740e-02	1.971690e-04	1.971690e-04
1.000000e+00	1.050000e+00	7.640094e-03	1.611932e-04	1.611932e-04
1.050000e+00	1.100000e+00	5.443488e-03	1.197294e-04	1.197294e-04
1.100000e+00	1.150000e+00	3.677726e-03	1.181753e-04	1.181753e-04
1.150000e+00	1.200000e+00	2.408280e-03	7.911313e-05	7.911313e-05
1.200000e+00	1.250000e+00	1.723860e-03	6.702024e-05	6.702024e-05
1.250000e+00	1.300000e+00	1.259344e-03	6.099729e-05	6.099729e-05
1.300000e+00	1.350000e+00	7.943080e-04	4.487466e-05	4.487466e-05
1.350000e+00	1.400000e+00	5.533622e-04	3.841819e-05	3.841819e-05
1.400000e+00	1.450000e+00	4.239796e-04	3.323483e-05	3.323483e-05
1.450000e+00	1.500000e+00	2.484804e-04	2.327771e-05	2.327771e-05
# END HISTO1D

# BEGIN HISTO1D //home/karlberg/cernbox/VBSCAN/VBSComparison/parton-shower/Powheg/lhef.yoda/MC_VBSCAN_MCComparison/z_mu
ErrorBandColor=blue
ErrorBandOpacity=0.3
ErrorBands=1
LineColor=blue
LineStyle=solid
Path=//home/karlberg/cernbox/VBSCAN/VBSComparison/parton-shower/Powheg/lhef.yoda/MC_VBSCAN_MCComparison/z_mu
RatioPlotErrorBandColor=blue
ScaledBy=4.76190476190016272e-04
Title=Powheg-lhef
XLabel=
YLabel=
# xlow	 xhigh	 val	 errminus	 errplus
0.000000e+00	5.000000e-02	3.742712e+00	1.292667e-02	1.292667e-02
5.000000e-02	1.000000e-01	3.678702e+00	1.281521e-02	1.281521e-02
1.000000e-01	1.500000e-01	3.510912e+00	1.252022e-02	1.252022e-02
1.500000e-01	2.000000e-01	3.287102e+00	1.211568e-02	1.211568e-02
2.000000e-01	2.500000e-01	2.962816e+00	1.150211e-02	1.150211e-02
2.500000e-01	3.000000e-01	2.570548e+00	1.071303e-02	1.071303e-02
3.000000e-01	3.500000e-01	2.142570e+00	9.780871e-03	9.780871e-03
3.500000e-01	4.000000e-01	1.699504e+00	8.710251e-03	8.710251e-03
4.000000e-01	4.500000e-01	1.279069e+00	7.557878e-03	7.557878e-03
4.500000e-01	5.000000e-01	8.740790e-01	6.246609e-03	6.246609e-03
5.000000e-01	5.500000e-01	6.269694e-01	5.290174e-03	5.290174e-03
5.500000e-01	6.000000e-01	4.599828e-01	4.532125e-03	4.532125e-03
6.000000e-01	6.500000e-01	3.290182e-01	3.832796e-03	3.832796e-03
6.500000e-01	7.000000e-01	2.352808e-01	3.240710e-03	3.240710e-03
7.000000e-01	7.500000e-01	1.571217e-01	2.648286e-03	2.648286e-03
7.500000e-01	8.000000e-01	1.097620e-01	2.213466e-03	2.213466e-03
8.000000e-01	8.500000e-01	7.833768e-02	1.869959e-03	1.869959e-03
8.500000e-01	9.000000e-01	5.182338e-02	1.520932e-03	1.520932e-03
9.000000e-01	9.500000e-01	3.660222e-02	1.278205e-03	1.278205e-03
9.500000e-01	1.000000e+00	2.334508e-02	1.020809e-03	1.020809e-03
1.000000e+00	1.050000e+00	1.615854e-02	8.492740e-04	8.492740e-04
1.050000e+00	1.100000e+00	1.356960e-02	7.782701e-04	7.782701e-04
1.100000e+00	1.150000e+00	8.302456e-03	6.087656e-04	6.087656e-04
1.150000e+00	1.200000e+00	5.936702e-03	5.147774e-04	5.147774e-04
1.200000e+00	1.250000e+00	3.883406e-03	4.163449e-04	4.163449e-04
1.250000e+00	1.300000e+00	2.365754e-03	3.249612e-04	3.249612e-04
1.300000e+00	1.350000e+00	1.696201e-03	2.751601e-04	2.751601e-04
1.350000e+00	1.400000e+00	1.115921e-03	2.231843e-04	2.231843e-04
1.400000e+00	1.450000e+00	6.249160e-04	1.670158e-04	1.670158e-04
1.450000e+00	1.500000e+00	5.802792e-04	1.609405e-04	1.609405e-04
# END HISTO1D

