  +0.0000000e+00   +2.5000000e+01   +1.0816325e-04   +9.1607515e-07  +1.0816325e-04   +1.0485244e-04   +1.1062462e-04   +1.0816325e-04   +1.0967329e-04   +1.0628465e-04   +1.0887743e-04   +1.0942074e-04   +1.0820150e-04   +1.0805244e-04   +1.1062462e-04   +1.0485244e-04
  +2.5000000e+01   +5.0000000e+01   +4.7590394e-04   +2.9954668e-06  +4.7590394e-04   +4.6159702e-04   +4.8675753e-04   +4.7590394e-04   +4.8247082e-04   +4.6773422e-04   +4.7899467e-04   +4.8132447e-04   +4.7609621e-04   +4.7554558e-04   +4.8675753e-04   +4.6159702e-04
  +5.0000000e+01   +7.5000000e+01   +2.8564626e-04   +8.6451085e-07  +2.8564626e-04   +2.7539277e-04   +2.9224158e-04   +2.8564626e-04   +2.9012252e-04   +2.8007744e-04   +2.8805492e-04   +2.8979850e-04   +2.8588576e-04   +2.8473347e-04   +2.9224158e-04   +2.7539277e-04
  +7.5000000e+01   +1.0000000e+02   +1.6293714e-04   +2.5604717e-06  +1.6293714e-04   +1.5582777e-04   +1.6674226e-04   +1.6293714e-04   +1.6587907e-04   +1.5927713e-04   +1.6468304e-04   +1.6592315e-04   +1.6314025e-04   +1.6187858e-04   +1.6674226e-04   +1.5582777e-04
  +1.0000000e+02   +1.2500000e+02   +9.7713584e-05   +4.0567792e-07  +9.7713584e-05   +9.3153309e-05   +1.0004316e-04   +9.7713584e-05   +9.9549225e-05   +9.5429903e-05   +9.8827293e-05   +9.9582778e-05   +9.7887409e-05   +9.6972923e-05   +1.0004316e-04   +9.3153309e-05
  +1.2500000e+02   +1.5000000e+02   +6.0612855e-05   +2.7389503e-07  +6.0612855e-05   +5.7476092e-05   +6.2098797e-05   +6.0612855e-05   +6.1849117e-05   +5.9074847e-05   +6.1379457e-05   +6.1903340e-05   +6.0727706e-05   +6.0038842e-05   +6.2098797e-05   +5.7476092e-05
  +1.5000000e+02   +1.7500000e+02   +3.8645567e-05   +1.8079877e-07  +3.8645567e-05   +3.6275330e-05   +3.9665523e-05   +3.8645567e-05   +3.9537410e-05   +3.7536045e-05   +3.9265586e-05   +3.9665523e-05   +3.8768031e-05   +3.8100774e-05   +3.9568078e-05   +3.6275330e-05
  +1.7500000e+02   +2.0000000e+02   +2.5692172e-05   +1.2664272e-07  +2.5692172e-05   +2.3995952e-05   +2.6419301e-05   +2.5692172e-05   +2.6336267e-05   +2.4890865e-05   +2.6119678e-05   +2.6419301e-05   +2.5746922e-05   +2.5303201e-05   +2.6353977e-05   +2.3995952e-05
  +2.0000000e+02   +2.2500000e+02   +1.7804438e-05   +2.3389300e-07  +1.7804438e-05   +1.6636001e-05   +1.8277949e-05   +1.7804438e-05   +1.8238336e-05   +1.7264634e-05   +1.8087016e-05   +1.8277949e-05   +1.7849480e-05   +1.7536303e-05   +1.8259972e-05   +1.6636001e-05
  +2.2500000e+02   +2.5000000e+02   +1.2474655e-05   +2.6787126e-07  +1.2474655e-05   +1.1507130e-05   +1.2891921e-05   +1.2474655e-05   +1.2803327e-05   +1.2065761e-05   +1.2748354e-05   +1.2891921e-05   +1.2569745e-05   +1.2192630e-05   +1.2743640e-05   +1.1507130e-05
  +2.5000000e+02   +2.7500000e+02   +8.5493768e-06   +6.5360706e-08  +8.5493768e-06   +7.7937793e-06   +8.8809334e-06   +8.5493768e-06   +8.8034610e-06   +8.2332759e-06   +8.7621894e-06   +8.8809334e-06   +8.6144623e-06   +8.3145116e-06   +8.7330798e-06   +7.7937793e-06
  +2.7500000e+02   +3.0000000e+02   +6.1417395e-06   +4.1599866e-08  +6.1417395e-06   +5.5681660e-06   +6.3939428e-06   +6.1417395e-06   +6.3318863e-06   +5.9051818e-06   +6.3050646e-06   +6.3939428e-06   +6.1944932e-06   +5.9586648e-06   +6.2725504e-06   +5.5681660e-06
  +3.0000000e+02   +3.2500000e+02   +4.5688135e-06   +1.1721873e-07  +4.5688135e-06   +4.1682175e-06   +4.7330059e-06   +4.5688135e-06   +4.7062764e-06   +4.3977986e-06   +4.6701447e-06   +4.7330059e-06   +4.5919402e-06   +4.4535336e-06   +4.6828726e-06   +4.1682175e-06
  +3.2500000e+02   +3.5000000e+02   +3.2551734e-06   +4.1423690e-08  +3.2551734e-06   +2.8910247e-06   +3.4170556e-06   +3.2551734e-06   +3.3744012e-06   +3.1068446e-06   +3.3574338e-06   +3.4170556e-06   +3.2832598e-06   +3.1315784e-06   +3.3249371e-06   +2.8910247e-06
  +3.5000000e+02   +3.7500000e+02   +2.4126093e-06   +2.6277856e-08  +2.4126093e-06   +2.1378418e-06   +2.5326178e-06   +2.4126093e-06   +2.5002482e-06   +2.3035795e-06   +2.4901413e-06   +2.5326178e-06   +2.4372972e-06   +2.3172119e-06   +2.4613907e-06   +2.1378418e-06
  +3.7500000e+02   +4.0000000e+02   +1.8471676e-06   +3.6143990e-08  +1.8471676e-06   +1.6355004e-06   +1.9370618e-06   +1.8471676e-06   +1.9119692e-06   +1.7665493e-06   +1.9072608e-06   +1.9370618e-06   +1.8701861e-06   +1.7710552e-06   +1.8800151e-06   +1.6355004e-06
  +4.0000000e+02   +4.2500000e+02   +1.3747252e-06   +2.5719184e-08  +1.3747252e-06   +1.2033922e-06   +1.4486905e-06   +1.3747252e-06   +1.4269949e-06   +1.3096974e-06   +1.4238556e-06   +1.4486905e-06   +1.3929591e-06   +1.3117180e-06   +1.3987910e-06   +1.2033922e-06
  +4.2500000e+02   +4.5000000e+02   +1.0134786e-06   +2.2905758e-08  +1.0134786e-06   +8.5988326e-07   +1.0829524e-06   +1.0134786e-06   +1.0600068e-06   +9.5559378e-07   +1.0589142e-06   +1.0829524e-06   +1.0290087e-06   +9.5357643e-07   +1.0288876e-06   +8.5988326e-07
  +4.5000000e+02   +4.7500000e+02   +7.5265336e-07   +1.3240841e-08  +7.5265336e-07   +6.2986655e-07   +8.0928421e-07   +7.5265336e-07   +7.8988852e-07   +7.0632986e-07   +7.8961029e-07   +8.0928421e-07   +7.6513436e-07   +7.0418751e-07   +7.6392722e-07   +6.2986655e-07
  +4.7500000e+02   +5.0000000e+02   +5.8094997e-07   +1.1988469e-08  +5.8094997e-07   +4.7713566e-07   +6.2919763e-07   +5.8094997e-07   +6.1150238e-07   +5.4294033e-07   +6.1298931e-07   +6.2919763e-07   +5.9282485e-07   +5.3817807e-07   +5.8724438e-07   +4.7713566e-07
  +5.0000000e+02   +5.2500000e+02   +4.7149165e-07   +8.6294496e-09  +4.7149165e-07   +4.0037879e-07   +5.0209039e-07   +4.7149165e-07   +4.9356688e-07   +4.4402828e-07   +4.9079478e-07   +5.0209039e-07   +4.7674215e-07   +4.4521596e-07   +4.8125640e-07   +4.0037879e-07
  +5.2500000e+02   +5.5000000e+02   +3.4570829e-07   +9.3991457e-09  +3.4570829e-07   +2.7837564e-07   +3.7685552e-07   +3.4570829e-07   +3.6501483e-07   +3.2168940e-07   +3.6662600e-07   +3.7685552e-07   +3.5389966e-07   +3.1711838e-07   +3.4826006e-07   +2.7837564e-07
  +5.5000000e+02   +5.7500000e+02   +2.7514601e-07   +8.9959570e-09  +2.7514601e-07   +2.1938160e-07   +3.0079511e-07   +2.7514601e-07   +2.9063766e-07   +2.5587317e-07   +2.9272690e-07   +3.0079511e-07   +2.8268939e-07   +2.5076808e-07   +2.7599676e-07   +2.1938160e-07
  +5.7500000e+02   +6.0000000e+02   +2.1619405e-07   +7.1220939e-09  +2.1619405e-07   +1.7249815e-07   +2.3618064e-07   +2.1619405e-07   +2.2860825e-07   +2.0074979e-07   +2.2964327e-07   +2.3618064e-07   +2.2151026e-07   +1.9754033e-07   +2.1766939e-07   +1.7249815e-07
  +6.0000000e+02   +6.2500000e+02   +1.7262284e-07   +5.8009347e-09  +1.7262284e-07   +1.3633576e-07   +1.8908190e-07   +1.7262284e-07   +1.8244724e-07   +1.6040048e-07   +1.8401180e-07   +1.8908190e-07   +1.7770418e-07   +1.5638127e-07   +1.7249398e-07   +1.3633576e-07
  +6.2500000e+02   +6.5000000e+02   +1.3676851e-07   +4.0825446e-09  +1.3676851e-07   +1.0781916e-07   +1.4967102e-07   +1.3676851e-07   +1.4472873e-07   +1.2686537e-07   +1.4558105e-07   +1.4967102e-07   +1.4049279e-07   +1.2412886e-07   +1.3723872e-07   +1.0781916e-07
  +6.5000000e+02   +6.7500000e+02   +1.1126933e-07   +6.4245193e-09  +1.1126933e-07   +8.8346985e-08   +1.2125946e-07   +1.1126933e-07   +1.1777499e-07   +1.0317578e-07   +1.1788329e-07   +1.2125946e-07   +1.1368306e-07   +1.0164039e-07   +1.1232572e-07   +8.8346985e-08
  +6.7500000e+02   +7.0000000e+02   +8.2667677e-08   +5.2301081e-09  +8.2667677e-08   +6.0728935e-08   +9.2837821e-08   +8.2667677e-08   +8.8460253e-08   +7.5461253e-08   +8.9750663e-08   +9.2837821e-08   +8.5909992e-08   +7.2454818e-08   +8.1880165e-08   +6.0728935e-08
  +7.0000000e+02   +7.2500000e+02   +5.9168579e-08   +4.0093883e-09  +5.9168579e-08   +3.9298048e-08   +6.8771167e-08   +5.9168579e-08   +6.4504332e-08   +5.2530482e-08   +6.5700178e-08   +6.8771167e-08   +6.1879621e-08   +4.9734357e-08   +5.8123134e-08   +3.9298048e-08
  +7.2500000e+02   +7.5000000e+02   +5.2987909e-08   +2.3159672e-09  +5.2987909e-08   +3.7095243e-08   +6.0403119e-08   +5.2987909e-08   +5.7015421e-08   +4.7977364e-08   +5.8255568e-08   +6.0403119e-08   +5.5583843e-08   +4.5275098e-08   +5.1850122e-08   +3.7095243e-08
  +7.5000000e+02   +7.7500000e+02   +4.2341756e-08   +2.3554392e-09  +4.2341756e-08   +2.9369901e-08   +4.8331093e-08   +4.2341756e-08   +4.5768658e-08   +3.8078417e-08   +4.6445359e-08   +4.8331093e-08   +4.4099356e-08   +3.6244786e-08   +4.1770865e-08   +2.9369901e-08
  +7.7500000e+02   +8.0000000e+02   +3.8645053e-08   +2.0120674e-09  +3.8645053e-08   +3.0585326e-08   +4.1941262e-08   +3.8645053e-08   +4.0727211e-08   +3.6054683e-08   +4.0981323e-08   +4.1941262e-08   +3.9787083e-08   +3.5079962e-08   +3.8692781e-08   +3.0585326e-08
  +8.0000000e+02   +8.2500000e+02   +2.8362879e-08   +1.8824846e-09  +2.8362879e-08   +1.9944495e-08   +3.2157915e-08   +2.8362879e-08   +3.0579117e-08   +2.5605702e-08   +3.0964770e-08   +3.2157915e-08   +2.9480402e-08   +2.4445123e-08   +2.8062759e-08   +1.9944495e-08
  +8.2500000e+02   +8.5000000e+02   +2.2243192e-08   +1.7965978e-09  +2.2243192e-08   +1.5652026e-08   +2.5197050e-08   +2.2243192e-08   +2.4122664e-08   +1.9904980e-08   +2.4129859e-08   +2.5197050e-08   +2.2802187e-08   +1.9374400e-08   +2.2366470e-08   +1.5652026e-08
  +8.5000000e+02   +8.7500000e+02   +1.8533188e-08   +1.5488754e-09  +1.8533188e-08   +1.2527641e-08   +2.1246939e-08   +1.8533188e-08   +2.0084093e-08   +1.6603740e-08   +2.0409531e-08   +2.1246939e-08   +1.9367729e-08   +1.5681770e-08   +1.8217080e-08   +1.2527641e-08
  +8.7500000e+02   +9.0000000e+02   +1.6189777e-08   +1.2468550e-09  +1.6189777e-08   +1.1225333e-08   +1.8376250e-08   +1.6189777e-08   +1.7411565e-08   +1.4669774e-08   +1.7750979e-08   +1.8376250e-08   +1.6973093e-08   +1.3774511e-08   +1.5823558e-08   +1.1225333e-08
  +9.0000000e+02   +9.2500000e+02   +9.8676525e-09   +1.0442912e-09  +9.8676525e-09   +4.9949111e-09   +1.2240424e-08   +9.8676525e-09   +1.1140409e-08   +8.2842422e-09   +1.1485178e-08   +1.2240424e-08   +1.0545592e-08   +7.4678529e-09   +9.4556212e-09   +4.9949111e-09
  +9.2500000e+02   +9.5000000e+02   +1.1244685e-08   +2.8656756e-09  +1.1244685e-08   +8.0920641e-09   +1.2596393e-08   +1.1244685e-08   +1.2005778e-08   +1.0297824e-08   +1.2232949e-08   +1.2596393e-08   +1.1780797e-08   +9.7250544e-09   +1.1037664e-08   +8.0920641e-09
  +9.5000000e+02   +9.7500000e+02   +8.3204880e-09   +1.3844722e-09  +8.3204880e-09   +5.0089058e-09   +9.8348215e-09   +8.3204880e-09   +9.1344097e-09   +7.3079052e-09   +9.3908734e-09   +9.8348215e-09   +8.8385667e-09   +6.6650792e-09   +7.9963237e-09   +5.0089058e-09
  +9.7500000e+02   +1.0000000e+03   +4.8587733e-09   +2.3339331e-09  +4.8587733e-09   +1.3364535e-09   +6.6136657e-09   +4.8587733e-09   +5.7428274e-09   +3.7589393e-09   +6.0733183e-09   +6.6136657e-09   +5.4010838e-09   +3.0344405e-09   +4.3992943e-09   +1.3364535e-09
<\histogram>
