  -5.0000000e+00   -4.5000000e+00   +0.0000000e+00   +0.0000000e+00  +0.0000000e+00   +0.0000000e+00   +0.0000000e+00   +0.0000000e+00   +0.0000000e+00   +0.0000000e+00   +0.0000000e+00   +0.0000000e+00   +0.0000000e+00   +0.0000000e+00   +0.0000000e+00   +0.0000000e+00
  -4.5000000e+00   -4.0000000e+00   +7.6941759e-06   +7.5433346e-08  +7.6941759e-06   +6.7945310e-06   +8.8199003e-06   +7.6941759e-06   +7.6941759e-06   +7.6941759e-06   +6.7945310e-06   +6.7945310e-06   +6.7945310e-06   +8.8199003e-06   +8.8199003e-06   +8.8199003e-06
  -4.0000000e+00   -3.5000000e+00   +3.0921244e-05   +2.5135073e-07  +3.0921244e-05   +2.7570394e-05   +3.5072697e-05   +3.0921244e-05   +3.0921244e-05   +3.0921244e-05   +2.7570394e-05   +2.7570394e-05   +2.7570394e-05   +3.5072697e-05   +3.5072697e-05   +3.5072697e-05
  -3.5000000e+00   -3.0000000e+00   +7.7577733e-05   +3.3932338e-07  +7.7577733e-05   +6.9937289e-05   +8.6903966e-05   +7.7577733e-05   +7.7577733e-05   +7.7577733e-05   +6.9937289e-05   +6.9937289e-05   +6.9937289e-05   +8.6903966e-05   +8.6903966e-05   +8.6903966e-05
  -3.0000000e+00   -2.5000000e+00   +1.3120425e-04   +6.9331449e-07  +1.3120425e-04   +1.1942575e-04   +1.4539031e-04   +1.3120425e-04   +1.3120425e-04   +1.3120425e-04   +1.1942575e-04   +1.1942575e-04   +1.1942575e-04   +1.4539031e-04   +1.4539031e-04   +1.4539031e-04
  -2.5000000e+00   -2.0000000e+00   +1.5833708e-04   +2.1246551e-07  +1.5833708e-04   +1.4530015e-04   +1.7384321e-04   +1.5833708e-04   +1.5833708e-04   +1.5833708e-04   +1.4530015e-04   +1.4530015e-04   +1.4530015e-04   +1.7384321e-04   +1.7384321e-04   +1.7384321e-04
  -2.0000000e+00   -1.5000000e+00   +1.4809384e-04   +2.1877522e-07  +1.4809384e-04   +1.3685866e-04   +1.6127950e-04   +1.4809384e-04   +1.4809384e-04   +1.4809384e-04   +1.3685866e-04   +1.3685866e-04   +1.3685866e-04   +1.6127950e-04   +1.6127950e-04   +1.6127950e-04
  -1.5000000e+00   -1.0000000e+00   +1.0948770e-04   +1.0162802e-07  +1.0948770e-04   +1.0181179e-04   +1.1835264e-04   +1.0948770e-04   +1.0948770e-04   +1.0948770e-04   +1.0181179e-04   +1.0181179e-04   +1.0181179e-04   +1.1835264e-04   +1.1835264e-04   +1.1835264e-04
  -1.0000000e+00   -5.0000000e-01   +6.7722413e-05   +6.8316030e-08  +6.7722413e-05   +6.3256818e-05   +7.2783365e-05   +6.7722413e-05   +6.7722413e-05   +6.7722413e-05   +6.3256818e-05   +6.3256818e-05   +6.3256818e-05   +7.2783365e-05   +7.2783365e-05   +7.2783365e-05
  -5.0000000e-01   +0.0000000e+00   +4.1747179e-05   +1.4096651e-07  +4.1747179e-05   +3.9084750e-05   +4.4706622e-05   +4.1747179e-05   +4.1747179e-05   +4.1747179e-05   +3.9084750e-05   +3.9084750e-05   +3.9084750e-05   +4.4706622e-05   +4.4706622e-05   +4.4706622e-05
  +0.0000000e+00   +5.0000000e-01   +4.1543867e-05   +6.6354463e-08  +4.1543867e-05   +3.8897141e-05   +4.4485297e-05   +4.1543867e-05   +4.1543867e-05   +4.1543867e-05   +3.8897141e-05   +3.8897141e-05   +3.8897141e-05   +4.4485297e-05   +4.4485297e-05   +4.4485297e-05
  +5.0000000e-01   +1.0000000e+00   +6.7904123e-05   +2.3855641e-07  +6.7904123e-05   +6.3440689e-05   +7.2958987e-05   +6.7904123e-05   +6.7904123e-05   +6.7904123e-05   +6.3440689e-05   +6.3440689e-05   +6.3440689e-05   +7.2958987e-05   +7.2958987e-05   +7.2958987e-05
  +1.0000000e+00   +1.5000000e+00   +1.0980035e-04   +1.6279104e-07  +1.0980035e-04   +1.0209860e-04   +1.1869431e-04   +1.0980035e-04   +1.0980035e-04   +1.0980035e-04   +1.0209860e-04   +1.0209860e-04   +1.0209860e-04   +1.1869431e-04   +1.1869431e-04   +1.1869431e-04
  +1.5000000e+00   +2.0000000e+00   +1.4913459e-04   +5.8067457e-07  +1.4913459e-04   +1.3779565e-04   +1.6245074e-04   +1.4913459e-04   +1.4913459e-04   +1.4913459e-04   +1.3779565e-04   +1.3779565e-04   +1.3779565e-04   +1.6245074e-04   +1.6245074e-04   +1.6245074e-04
  +2.0000000e+00   +2.5000000e+00   +1.5892909e-04   +3.7477997e-07  +1.5892909e-04   +1.4582384e-04   +1.7451903e-04   +1.5892909e-04   +1.5892909e-04   +1.5892909e-04   +1.4582384e-04   +1.4582384e-04   +1.4582384e-04   +1.7451903e-04   +1.7451903e-04   +1.7451903e-04
  +2.5000000e+00   +3.0000000e+00   +1.3057806e-04   +2.8602300e-07  +1.3057806e-04   +1.1882380e-04   +1.4474048e-04   +1.3057806e-04   +1.3057806e-04   +1.3057806e-04   +1.1882380e-04   +1.1882380e-04   +1.1882380e-04   +1.4474048e-04   +1.4474048e-04   +1.4474048e-04
  +3.0000000e+00   +3.5000000e+00   +7.7483440e-05   +2.3645977e-07  +7.7483440e-05   +6.9830041e-05   +8.6830461e-05   +7.7483440e-05   +7.7483440e-05   +7.7483440e-05   +6.9830041e-05   +6.9830041e-05   +6.9830041e-05   +8.6830461e-05   +8.6830461e-05   +8.6830461e-05
  +3.5000000e+00   +4.0000000e+00   +3.0797092e-05   +1.5187815e-07  +3.0797092e-05   +2.7468269e-05   +3.4917092e-05   +3.0797092e-05   +3.0797092e-05   +3.0797092e-05   +2.7468269e-05   +2.7468269e-05   +2.7468269e-05   +3.4917092e-05   +3.4917092e-05   +3.4917092e-05
  +4.0000000e+00   +4.5000000e+00   +8.1539636e-06   +5.9648047e-07  +8.1539636e-06   +7.2080925e-06   +9.3339348e-06   +8.1539636e-06   +8.1539636e-06   +8.1539636e-06   +7.2080925e-06   +7.2080925e-06   +7.2080925e-06   +9.3339348e-06   +9.3339348e-06   +9.3339348e-06
  +4.5000000e+00   +5.0000000e+00   +0.0000000e+00   +0.0000000e+00  +0.0000000e+00   +0.0000000e+00   +0.0000000e+00   +0.0000000e+00   +0.0000000e+00   +0.0000000e+00   +0.0000000e+00   +0.0000000e+00   +0.0000000e+00   +0.0000000e+00   +0.0000000e+00   +0.0000000e+00
<\histogram>
