# BEGIN PLOT
LegendOnly=//itp/scratch/rauch/Projekte/VBFNLO/VBSCAN/VBSComparison/parton-shower/VBFNLO/VBFNLO-NLO.yoda/MC_VBSCAN_MCComparison/pT_j3 //itp/scratch/rauch/Projekte/VBFNLO/VBSCAN/VBSComparison/parton-shower/VBFNLO/Herwig-MCatLO-DipoleShower.yoda/MC_VBSCAN_MCComparison/pT_j3 //itp/scratch/rauch/Projekte/VBFNLO/VBSCAN/VBSComparison/parton-shower/MG5_aMC/run_PY8_10M_NLOPS.yoda/MC_VBSCAN_MCComparison/pT_j3 //itp/scratch/rauch/Projekte/VBFNLO/VBSCAN/VBSComparison/parton-shower/MG5_aMC/run_HWPP_1M_LOPS.yoda/MC_VBSCAN_MCComparison/pT_j3 //itp/scratch/rauch/Projekte/VBFNLO/VBSCAN/VBSComparison/parton-shower/PHANTOM/plots_loose_cuts2/phantom_norm-scaled.yoda/MC_VBSCAN_MCComparison/pT_j3
DrawOnly=//itp/scratch/rauch/Projekte/VBFNLO/VBSCAN/VBSComparison/parton-shower/VBFNLO/VBFNLO-NLO.yoda/MC_VBSCAN_MCComparison/pT_j3 //itp/scratch/rauch/Projekte/VBFNLO/VBSCAN/VBSComparison/parton-shower/VBFNLO/Herwig-MCatLO-DipoleShower.yoda/MC_VBSCAN_MCComparison/pT_j3 //itp/scratch/rauch/Projekte/VBFNLO/VBSCAN/VBSComparison/parton-shower/MG5_aMC/run_PY8_10M_NLOPS.yoda/MC_VBSCAN_MCComparison/pT_j3 //itp/scratch/rauch/Projekte/VBFNLO/VBSCAN/VBSComparison/parton-shower/MG5_aMC/run_HWPP_1M_LOPS.yoda/MC_VBSCAN_MCComparison/pT_j3 //itp/scratch/rauch/Projekte/VBFNLO/VBSCAN/VBSComparison/parton-shower/PHANTOM/plots_loose_cuts2/phantom_norm-scaled.yoda/MC_VBSCAN_MCComparison/pT_j3
Title=Transverse momentum of the third jet
RatioPlot=1
LogY=1
RatioPlotYLabel=Ratio
RatioPlotSameStyle=1
RatioPlotReference=//itp/scratch/rauch/Projekte/VBFNLO/VBSCAN/VBSComparison/parton-shower/VBFNLO/VBFNLO-NLO.yoda/MC_VBSCAN_MCComparison/pT_j3
XLabel=$p_{T,j3}$~[GeV]
YLabel=$d~\sigma_{WW\to e^+\nu \mu^+\nu}/d~p_{T,j3}$~[fb/GeV]
Legend=1
# END PLOT

# BEGIN HISTO1D //itp/scratch/rauch/Projekte/VBFNLO/VBSCAN/VBSComparison/parton-shower/VBFNLO/VBFNLO-NLO.yoda/MC_VBSCAN_MCComparison/pT_j3
ErrorBandColor=red
ErrorBandOpacity=0.3
ErrorBands=1
LineColor=red
LineStyle=solid
Path=//itp/scratch/rauch/Projekte/VBFNLO/VBSCAN/VBSComparison/parton-shower/VBFNLO/VBFNLO-NLO.yoda/MC_VBSCAN_MCComparison/pT_j3
RatioPlotErrorBandColor=red
ScaledBy=1
Title=NLO
XLabel=
YLabel=
# xlow	 xhigh	 val	 errminus	 errplus
0.000000e+00	1.000000e+01	0.000000e+00	0.000000e+00	0.000000e+00
1.000000e+01	2.000000e+01	0.000000e+00	0.000000e+00	0.000000e+00
2.000000e+01	3.000000e+01	0.000000e+00	0.000000e+00	0.000000e+00
3.000000e+01	4.000000e+01	1.314822e-02	2.569347e-06	2.569347e-06
4.000000e+01	5.000000e+01	8.507726e-03	2.030931e-06	2.030931e-06
5.000000e+01	6.000000e+01	5.723414e-03	1.602476e-06	1.602476e-06
6.000000e+01	7.000000e+01	3.945186e-03	1.279956e-06	1.279956e-06
7.000000e+01	8.000000e+01	2.768209e-03	1.089248e-06	1.089248e-06
8.000000e+01	9.000000e+01	1.969960e-03	8.921063e-07	8.921063e-07
9.000000e+01	1.000000e+02	1.417965e-03	7.480269e-07	7.480269e-07
1.000000e+02	1.100000e+02	1.033489e-03	6.623004e-07	6.623004e-07
1.100000e+02	1.200000e+02	7.591589e-04	5.814301e-07	5.814301e-07
1.200000e+02	1.300000e+02	5.626472e-04	5.063952e-07	5.063952e-07
1.300000e+02	1.400000e+02	4.212226e-04	4.444211e-07	4.444211e-07
1.400000e+02	1.500000e+02	3.183174e-04	4.133922e-07	4.133922e-07
1.500000e+02	1.600000e+02	2.425399e-04	3.557639e-07	3.557639e-07
1.600000e+02	1.700000e+02	1.865912e-04	3.246735e-07	3.246735e-07
1.700000e+02	1.800000e+02	1.443297e-04	2.986904e-07	2.986904e-07
1.800000e+02	1.900000e+02	1.130668e-04	2.659288e-07	2.659288e-07
1.900000e+02	2.000000e+02	8.893217e-05	2.677609e-07	2.677609e-07
2.000000e+02	2.100000e+02	7.054922e-05	2.401068e-07	2.401068e-07
2.100000e+02	2.200000e+02	5.612966e-05	2.520789e-07	2.520789e-07
2.200000e+02	2.300000e+02	4.440582e-05	1.815147e-07	1.815147e-07
2.300000e+02	2.400000e+02	3.577390e-05	1.750094e-07	1.750094e-07
2.400000e+02	2.500000e+02	2.890860e-05	1.704973e-07	1.704973e-07
2.500000e+02	2.600000e+02	2.343087e-05	1.551901e-07	1.551901e-07
2.600000e+02	2.700000e+02	1.938508e-05	1.577755e-07	1.577755e-07
2.700000e+02	2.800000e+02	1.549387e-05	1.408090e-07	1.408090e-07
2.800000e+02	2.900000e+02	1.288778e-05	1.340245e-07	1.340245e-07
2.900000e+02	3.000000e+02	1.068851e-05	1.211433e-07	1.211433e-07
3.000000e+02	3.100000e+02	8.571781e-06	1.061640e-07	1.061640e-07
3.100000e+02	3.200000e+02	7.264743e-06	1.476039e-07	1.476039e-07
3.200000e+02	3.300000e+02	6.087933e-06	9.823466e-08	9.823466e-08
3.300000e+02	3.400000e+02	4.687504e-06	7.341784e-08	7.341784e-08
3.400000e+02	3.500000e+02	4.093124e-06	7.527837e-08	7.527837e-08
3.500000e+02	3.600000e+02	3.334846e-06	6.197751e-08	6.197751e-08
3.600000e+02	3.700000e+02	2.879429e-06	6.161668e-08	6.161668e-08
3.700000e+02	3.800000e+02	2.297003e-06	5.371149e-08	5.371149e-08
3.800000e+02	3.900000e+02	1.943978e-06	4.989272e-08	4.989272e-08
3.900000e+02	4.000000e+02	1.770971e-06	6.104149e-08	6.104149e-08
4.000000e+02	4.100000e+02	1.471784e-06	5.276423e-08	5.276423e-08
4.100000e+02	4.200000e+02	1.146489e-06	3.655559e-08	3.655559e-08
4.200000e+02	4.300000e+02	9.858974e-07	3.180126e-08	3.180126e-08
4.300000e+02	4.400000e+02	8.382570e-07	3.647385e-08	3.647385e-08
4.400000e+02	4.500000e+02	7.173216e-07	3.327933e-08	3.327933e-08
4.500000e+02	4.600000e+02	6.708836e-07	3.590565e-08	3.590565e-08
4.600000e+02	4.700000e+02	5.346950e-07	2.678060e-08	2.678060e-08
4.700000e+02	4.800000e+02	4.360846e-07	2.561072e-08	2.561072e-08
4.800000e+02	4.900000e+02	4.172977e-07	3.016984e-08	3.016984e-08
4.900000e+02	5.000000e+02	3.177166e-07	2.112362e-08	2.112362e-08
5.000000e+02	5.100000e+02	2.787313e-07	1.865570e-08	1.865570e-08
5.100000e+02	5.200000e+02	2.528571e-07	1.986600e-08	1.986600e-08
5.200000e+02	5.300000e+02	1.980113e-07	2.472990e-08	2.472990e-08
5.300000e+02	5.400000e+02	2.107710e-07	2.574415e-08	2.574415e-08
5.400000e+02	5.500000e+02	1.321903e-07	1.023245e-08	1.023245e-08
5.500000e+02	5.600000e+02	1.388997e-07	1.954168e-08	1.954168e-08
5.600000e+02	5.700000e+02	1.145126e-07	1.347286e-08	1.347286e-08
5.700000e+02	5.800000e+02	8.880386e-08	1.108853e-08	1.108853e-08
5.800000e+02	5.900000e+02	6.997223e-08	6.454506e-09	6.454506e-09
5.900000e+02	6.000000e+02	5.647028e-08	6.546374e-09	6.546374e-09
6.000000e+02	6.100000e+02	5.025818e-08	9.689544e-09	9.689544e-09
6.100000e+02	6.200000e+02	5.656866e-08	9.603274e-09	9.603274e-09
6.200000e+02	6.300000e+02	4.935639e-08	1.501917e-08	1.501917e-08
6.300000e+02	6.400000e+02	3.998561e-08	7.108006e-09	7.108006e-09
6.400000e+02	6.500000e+02	3.102952e-08	4.664000e-09	4.664000e-09
6.500000e+02	6.600000e+02	1.929468e-08	2.674663e-09	2.674663e-09
6.600000e+02	6.700000e+02	1.426831e-08	2.542202e-09	2.542202e-09
6.700000e+02	6.800000e+02	1.622029e-08	2.726937e-09	2.726937e-09
6.800000e+02	6.900000e+02	1.622602e-08	3.770070e-09	3.770070e-09
6.900000e+02	7.000000e+02	1.291980e-08	2.079730e-09	2.079730e-09
7.000000e+02	7.100000e+02	1.572360e-08	4.409905e-09	4.409905e-09
7.100000e+02	7.200000e+02	9.544610e-09	1.599378e-09	1.599378e-09
7.200000e+02	7.300000e+02	1.122707e-08	4.243673e-09	4.243673e-09
7.300000e+02	7.400000e+02	6.242832e-09	1.577575e-09	1.577575e-09
7.400000e+02	7.500000e+02	8.706799e-09	2.644560e-09	2.644560e-09
7.500000e+02	7.600000e+02	7.328351e-09	2.867876e-09	2.867876e-09
7.600000e+02	7.700000e+02	4.329783e-09	8.161626e-10	8.161626e-10
7.700000e+02	7.800000e+02	3.031108e-09	5.297582e-10	5.297582e-10
7.800000e+02	7.900000e+02	3.132991e-09	8.197769e-10	8.197769e-10
7.900000e+02	8.000000e+02	3.794834e-09	2.043757e-09	2.043757e-09
8.000000e+02	8.100000e+02	1.276608e-09	2.373575e-10	2.373575e-10
8.100000e+02	8.200000e+02	1.540919e-09	4.746748e-10	4.746748e-10
8.200000e+02	8.300000e+02	1.941482e-09	7.346511e-10	7.346511e-10
8.300000e+02	8.400000e+02	2.505323e-09	1.064942e-09	1.064942e-09
8.400000e+02	8.500000e+02	6.825089e-10	1.419409e-10	1.419409e-10
8.500000e+02	8.600000e+02	7.691698e-10	2.271270e-10	2.271270e-10
8.600000e+02	8.700000e+02	1.297631e-09	4.269900e-10	4.269900e-10
8.700000e+02	8.800000e+02	1.049935e-09	4.471874e-10	4.471874e-10
8.800000e+02	8.900000e+02	3.725021e-10	6.568454e-11	6.568454e-11
8.900000e+02	9.000000e+02	1.163542e-09	3.095265e-10	3.095265e-10
9.000000e+02	9.100000e+02	1.062627e-09	4.247630e-10	4.247630e-10
9.100000e+02	9.200000e+02	4.793827e-10	1.136453e-10	1.136453e-10
9.200000e+02	9.300000e+02	7.795210e-10	4.277118e-10	4.277118e-10
9.300000e+02	9.400000e+02	2.417955e-10	1.011749e-10	1.011749e-10
9.400000e+02	9.500000e+02	1.397340e-10	2.403282e-11	2.403282e-11
9.500000e+02	9.600000e+02	1.042585e-10	1.103189e-11	1.103189e-11
9.600000e+02	9.700000e+02	1.078083e-10	4.623820e-11	4.623820e-11
9.700000e+02	9.800000e+02	1.262708e-10	6.198395e-11	6.198395e-11
9.800000e+02	9.900000e+02	9.493134e-11	3.253808e-12	3.253808e-12
9.900000e+02	1.000000e+03	2.254758e-11	5.296470e-12	5.296470e-12
# END HISTO1D

# BEGIN HISTO1D //itp/scratch/rauch/Projekte/VBFNLO/VBSCAN/VBSComparison/parton-shower/VBFNLO/Herwig-MCatLO-DipoleShower.yoda/MC_VBSCAN_MCComparison/pT_j3
ErrorBandColor=blue
ErrorBandOpacity=0.3
ErrorBands=1
LineColor=blue
LineStyle=solid
Path=//itp/scratch/rauch/Projekte/VBFNLO/VBSCAN/VBSComparison/parton-shower/VBFNLO/Herwig-MCatLO-DipoleShower.yoda/MC_VBSCAN_MCComparison/pT_j3
RatioPlotErrorBandColor=blue
ScaledBy=6.19466512584469066e-06
Title=VBFNLO 3+Herwig 7
XLabel=
YLabel=
# xlow	 xhigh	 val	 errminus	 errplus
0.000000e+00	1.000000e+01	0.000000e+00	0.000000e+00	0.000000e+00
1.000000e+01	2.000000e+01	0.000000e+00	0.000000e+00	0.000000e+00
2.000000e+01	3.000000e+01	0.000000e+00	0.000000e+00	0.000000e+00
3.000000e+01	4.000000e+01	9.838685e-03	6.585944e-06	6.585944e-06
4.000000e+01	5.000000e+01	6.389871e-03	5.369371e-06	5.369371e-06
5.000000e+01	6.000000e+01	4.268540e-03	4.421367e-06	4.421367e-06
6.000000e+01	7.000000e+01	2.907183e-03	3.710606e-06	3.710606e-06
7.000000e+01	8.000000e+01	2.010737e-03	3.123412e-06	3.123412e-06
8.000000e+01	9.000000e+01	1.410155e-03	2.682271e-06	2.682271e-06
9.000000e+01	1.000000e+02	1.007671e-03	2.336354e-06	2.336354e-06
1.000000e+02	1.100000e+02	7.210322e-04	2.001277e-06	2.001277e-06
1.100000e+02	1.200000e+02	5.237397e-04	1.779120e-06	1.779120e-06
1.200000e+02	1.300000e+02	3.825506e-04	1.558566e-06	1.558566e-06
1.300000e+02	1.400000e+02	2.845020e-04	1.362394e-06	1.362394e-06
1.400000e+02	1.500000e+02	2.151381e-04	1.243495e-06	1.243495e-06
1.500000e+02	1.600000e+02	1.621023e-04	1.101606e-06	1.101606e-06
1.600000e+02	1.700000e+02	1.234431e-04	9.904011e-07	9.904011e-07
1.700000e+02	1.800000e+02	9.527481e-05	9.001269e-07	9.001269e-07
1.800000e+02	1.900000e+02	7.465563e-05	8.472307e-07	8.472307e-07
1.900000e+02	2.000000e+02	5.739462e-05	7.262078e-07	7.262078e-07
2.000000e+02	2.100000e+02	4.596948e-05	7.933372e-07	7.933372e-07
2.100000e+02	2.200000e+02	3.508940e-05	5.995866e-07	5.995866e-07
2.200000e+02	2.300000e+02	2.806975e-05	5.542161e-07	5.542161e-07
2.300000e+02	2.400000e+02	2.266130e-05	5.133413e-07	5.133413e-07
2.400000e+02	2.500000e+02	1.738506e-05	4.195445e-07	4.195445e-07
2.500000e+02	2.600000e+02	1.503349e-05	4.724708e-07	4.724708e-07
2.600000e+02	2.700000e+02	1.209920e-05	3.910924e-07	3.910924e-07
2.700000e+02	2.800000e+02	9.584926e-06	3.748314e-07	3.748314e-07
2.800000e+02	2.900000e+02	7.701584e-06	2.848955e-07	2.848955e-07
2.900000e+02	3.000000e+02	6.104504e-06	2.976522e-07	2.976522e-07
3.000000e+02	3.100000e+02	5.198105e-06	2.717215e-07	2.717215e-07
3.100000e+02	3.200000e+02	4.302412e-06	2.332060e-07	2.332060e-07
3.200000e+02	3.300000e+02	3.636110e-06	2.239640e-07	2.239640e-07
3.300000e+02	3.400000e+02	3.135050e-06	2.301678e-07	2.301678e-07
3.400000e+02	3.500000e+02	2.340905e-06	1.829921e-07	1.829921e-07
3.500000e+02	3.600000e+02	1.910401e-06	1.945049e-07	1.945049e-07
3.600000e+02	3.700000e+02	1.950180e-06	2.223047e-07	2.223047e-07
3.700000e+02	3.800000e+02	1.535523e-06	1.829496e-07	1.829496e-07
3.800000e+02	3.900000e+02	1.324941e-06	2.931716e-07	2.931716e-07
3.900000e+02	4.000000e+02	8.386158e-07	9.675976e-08	9.675976e-08
4.000000e+02	4.100000e+02	7.287915e-07	9.391119e-08	9.391119e-08
4.100000e+02	4.200000e+02	6.169228e-07	1.501322e-07	1.501322e-07
4.200000e+02	4.300000e+02	5.286077e-07	7.541112e-08	7.541112e-08
4.300000e+02	4.400000e+02	5.315480e-07	9.393145e-08	9.393145e-08
4.400000e+02	4.500000e+02	3.045973e-07	7.467978e-08	7.467978e-08
4.500000e+02	4.600000e+02	2.490672e-07	6.632828e-08	6.632828e-08
4.600000e+02	4.700000e+02	2.128470e-07	4.339332e-08	4.339332e-08
4.700000e+02	4.800000e+02	1.870753e-07	2.956716e-08	2.956716e-08
4.800000e+02	4.900000e+02	1.765176e-07	4.141348e-08	4.141348e-08
4.900000e+02	5.000000e+02	2.104457e-07	5.236294e-08	5.236294e-08
5.000000e+02	5.100000e+02	6.323598e-08	1.447052e-08	1.447052e-08
5.100000e+02	5.200000e+02	9.707229e-08	4.232072e-08	4.232072e-08
5.200000e+02	5.300000e+02	7.551093e-08	2.533251e-08	2.533251e-08
5.300000e+02	5.400000e+02	1.302685e-07	3.991923e-08	3.991923e-08
5.400000e+02	5.500000e+02	1.327742e-07	5.131838e-08	5.131838e-08
5.500000e+02	5.600000e+02	3.836510e-08	1.461308e-08	1.461308e-08
5.600000e+02	5.700000e+02	3.473346e-08	1.875747e-08	1.875747e-08
5.700000e+02	5.800000e+02	6.728687e-08	4.881111e-08	4.881111e-08
5.800000e+02	5.900000e+02	6.883678e-08	2.989669e-08	2.989669e-08
5.900000e+02	6.000000e+02	5.797762e-09	1.544520e-09	1.544520e-09
6.000000e+02	6.100000e+02	1.487013e-08	5.575835e-09	5.575835e-09
6.100000e+02	6.200000e+02	4.275980e-08	2.441974e-08	2.441974e-08
6.200000e+02	6.300000e+02	2.070122e-08	1.144202e-08	1.144202e-08
6.300000e+02	6.400000e+02	1.982498e-08	1.600370e-08	1.600370e-08
6.400000e+02	6.500000e+02	2.871180e-09	1.438940e-09	1.438940e-09
6.500000e+02	6.600000e+02	6.793854e-09	3.438799e-09	3.438799e-09
6.600000e+02	6.700000e+02	2.627209e-08	2.262525e-08	2.262525e-08
6.700000e+02	6.800000e+02	7.553821e-09	4.860328e-09	4.860328e-09
6.800000e+02	6.900000e+02	3.690892e-09	1.816048e-09	1.816048e-09
6.900000e+02	7.000000e+02	1.543095e-09	7.816675e-10	7.816675e-10
7.000000e+02	7.100000e+02	3.207040e-09	1.749274e-09	1.749274e-09
7.100000e+02	7.200000e+02	2.638152e-09	1.498845e-09	1.498845e-09
7.200000e+02	7.300000e+02	1.611650e-09	9.196955e-10	9.196955e-10
7.300000e+02	7.400000e+02	4.829245e-09	4.443772e-09	4.443772e-09
7.400000e+02	7.500000e+02	1.173019e-09	7.409526e-10	7.409526e-10
7.500000e+02	7.600000e+02	1.392785e-09	8.109184e-10	8.109184e-10
7.600000e+02	7.700000e+02	4.773429e-09	3.930880e-09	3.930880e-09
7.700000e+02	7.800000e+02	5.081953e-11	2.662374e-11	2.662374e-11
7.800000e+02	7.900000e+02	1.970184e-09	1.533026e-09	1.533026e-09
7.900000e+02	8.000000e+02	4.812429e-10	2.934598e-10	2.934598e-10
8.000000e+02	8.100000e+02	3.874630e-09	3.633112e-09	3.633112e-09
8.100000e+02	8.200000e+02	2.427337e-11	2.110274e-11	2.110274e-11
8.200000e+02	8.300000e+02	1.769048e-10	1.338825e-10	1.338825e-10
8.300000e+02	8.400000e+02	8.316412e-12	6.811504e-12	6.811504e-12
8.400000e+02	8.500000e+02	2.983701e-11	2.821738e-11	2.821738e-11
8.500000e+02	8.600000e+02	3.655535e-10	3.524202e-10	3.524202e-10
8.600000e+02	8.700000e+02	7.315297e-12	5.567988e-12	5.567988e-12
8.700000e+02	8.800000e+02	1.396113e-11	1.043874e-11	1.043874e-11
8.800000e+02	8.900000e+02	-8.619381e-14	8.619381e-14	8.619381e-14
8.900000e+02	9.000000e+02	-1.783528e-12	1.845519e-12	1.845519e-12
9.000000e+02	9.100000e+02	1.728290e-11	1.351680e-11	1.351680e-11
9.100000e+02	9.200000e+02	2.328026e-11	1.737504e-11	1.737504e-11
9.200000e+02	9.300000e+02	6.976522e-11	4.002193e-11	4.002193e-11
9.300000e+02	9.400000e+02	3.151474e-12	3.143709e-12	3.143709e-12
9.400000e+02	9.500000e+02	8.025260e-13	7.650114e-13	7.650114e-13
9.500000e+02	9.600000e+02	1.577107e-10	1.547995e-10	1.547995e-10
9.600000e+02	9.700000e+02	2.175825e-15	2.175825e-15	2.175825e-15
9.700000e+02	9.800000e+02	3.449227e-13	3.426165e-13	3.426165e-13
9.800000e+02	9.900000e+02	0.000000e+00	0.000000e+00	0.000000e+00
9.900000e+02	1.000000e+03	0.000000e+00	0.000000e+00	0.000000e+00
# END HISTO1D

# BEGIN HISTO1D //itp/scratch/rauch/Projekte/VBFNLO/VBSCAN/VBSComparison/parton-shower/MG5_aMC/run_PY8_10M_NLOPS.yoda/MC_VBSCAN_MCComparison/pT_j3
ErrorBandColor=brown
ErrorBandOpacity=0.3
ErrorBands=1
LineColor=brown
LineStyle=solid
Path=//itp/scratch/rauch/Projekte/VBFNLO/VBSCAN/VBSComparison/parton-shower/MG5_aMC/run_PY8_10M_NLOPS.yoda/MC_VBSCAN_MCComparison/pT_j3
RatioPlotErrorBandColor=brown
ScaledBy=9.99999999999999334e-01
Title=MG5_aMC+Pythia 8
XLabel=
YLabel=
# xlow	 xhigh	 val	 errminus	 errplus
0.000000e+00	1.000000e+01	0.000000e+00	0.000000e+00	0.000000e+00
1.000000e+01	2.000000e+01	0.000000e+00	0.000000e+00	0.000000e+00
2.000000e+01	3.000000e+01	0.000000e+00	0.000000e+00	0.000000e+00
3.000000e+01	4.000000e+01	1.669389e-02	1.350952e-04	1.350952e-04
4.000000e+01	5.000000e+01	1.078608e-02	1.144829e-04	1.144829e-04
5.000000e+01	6.000000e+01	7.195306e-03	9.635826e-05	9.635826e-05
6.000000e+01	7.000000e+01	4.830399e-03	8.057380e-05	8.057380e-05
7.000000e+01	8.000000e+01	3.379841e-03	6.751947e-05	6.751947e-05
8.000000e+01	9.000000e+01	2.368022e-03	5.665280e-05	5.665280e-05
9.000000e+01	1.000000e+02	1.593537e-03	4.753679e-05	4.753679e-05
1.000000e+02	1.100000e+02	1.198412e-03	4.048408e-05	4.048408e-05
1.100000e+02	1.200000e+02	8.772926e-04	3.426278e-05	3.426278e-05
1.200000e+02	1.300000e+02	5.849635e-04	2.936580e-05	2.936580e-05
1.300000e+02	1.400000e+02	4.117396e-04	2.500255e-05	2.500255e-05
1.400000e+02	1.500000e+02	2.947988e-04	2.152541e-05	2.152541e-05
1.500000e+02	1.600000e+02	2.653837e-04	1.835266e-05	1.835266e-05
1.600000e+02	1.700000e+02	1.468708e-04	1.601914e-05	1.601914e-05
1.700000e+02	1.800000e+02	1.466200e-04	1.434263e-05	1.434263e-05
1.800000e+02	1.900000e+02	9.925927e-05	1.217549e-05	1.217549e-05
1.900000e+02	2.000000e+02	8.918643e-05	1.066652e-05	1.066652e-05
2.000000e+02	2.100000e+02	7.115543e-05	9.550996e-06	9.550996e-06
2.100000e+02	2.200000e+02	6.636699e-05	8.422696e-06	8.422696e-06
2.200000e+02	2.300000e+02	2.722290e-05	7.327583e-06	7.327583e-06
2.300000e+02	2.400000e+02	2.858088e-05	6.683634e-06	6.683634e-06
2.400000e+02	2.500000e+02	3.360232e-05	5.910662e-06	5.910662e-06
2.500000e+02	2.600000e+02	1.797886e-05	5.252087e-06	5.252087e-06
2.600000e+02	2.700000e+02	2.170665e-05	4.806225e-06	4.806225e-06
2.700000e+02	2.800000e+02	1.111239e-05	3.907110e-06	3.907110e-06
2.800000e+02	2.900000e+02	1.136424e-05	3.951695e-06	3.951695e-06
2.900000e+02	3.000000e+02	5.289921e-06	3.326331e-06	3.326331e-06
3.000000e+02	3.100000e+02	7.932662e-06	2.993889e-06	2.993889e-06
3.100000e+02	3.200000e+02	8.212246e-06	2.763381e-06	2.763381e-06
3.200000e+02	3.300000e+02	4.231493e-06	2.619818e-06	2.619818e-06
3.300000e+02	3.400000e+02	5.293250e-06	2.213601e-06	2.213601e-06
3.400000e+02	3.500000e+02	5.810262e-06	2.213601e-06	2.213601e-06
3.500000e+02	3.600000e+02	1.320262e-06	1.925991e-06	1.925991e-06
3.600000e+02	3.700000e+02	1.851694e-06	1.852332e-06	1.852332e-06
3.700000e+02	3.800000e+02	2.380908e-06	1.775951e-06	1.775951e-06
3.800000e+02	3.900000e+02	1.060647e-06	1.399752e-06	1.399752e-06
3.900000e+02	4.000000e+02	2.119075e-06	1.399752e-06	1.399752e-06
4.000000e+02	4.100000e+02	5.292140e-07	1.122635e-06	1.122635e-06
4.100000e+02	4.200000e+02	2.662713e-07	1.269592e-06	1.269592e-06
4.200000e+02	4.300000e+02	5.314327e-07	9.169478e-07	9.169478e-07
4.300000e+02	4.400000e+02	-1.109400e-09	8.381647e-07	8.381647e-07
4.400000e+02	4.500000e+02	-5.281045e-07	5.292152e-07	5.292152e-07
4.500000e+02	4.600000e+02	-1.109400e-09	6.472472e-07	6.472472e-07
4.600000e+02	4.700000e+02	5.303235e-07	6.486064e-07	6.486064e-07
4.700000e+02	4.800000e+02	1.322481e-06	5.914325e-07	5.914325e-07
4.800000e+02	4.900000e+02	1.587642e-06	6.481536e-07	6.481536e-07
4.900000e+02	5.000000e+02	5.292140e-07	3.742116e-07	3.742116e-07
5.000000e+02	5.100000e+02	2.651617e-07	4.579934e-07	4.579934e-07
5.100000e+02	5.200000e+02	5.303235e-07	5.292152e-07	5.292152e-07
5.200000e+02	5.300000e+02	0.000000e+00	0.000000e+00	0.000000e+00
5.300000e+02	5.400000e+02	0.000000e+00	3.749953e-07	3.749953e-07
5.400000e+02	5.500000e+02	5.281045e-07	3.734263e-07	3.734263e-07
5.500000e+02	5.600000e+02	0.000000e+00	0.000000e+00	0.000000e+00
5.600000e+02	5.700000e+02	0.000000e+00	0.000000e+00	0.000000e+00
5.700000e+02	5.800000e+02	0.000000e+00	0.000000e+00	0.000000e+00
5.800000e+02	5.900000e+02	-1.109400e-09	3.742116e-07	3.742116e-07
5.900000e+02	6.000000e+02	0.000000e+00	0.000000e+00	0.000000e+00
6.000000e+02	6.100000e+02	2.651617e-07	2.651617e-07	2.651617e-07
6.100000e+02	6.200000e+02	2.651617e-07	2.651617e-07	2.651617e-07
6.200000e+02	6.300000e+02	0.000000e+00	0.000000e+00	0.000000e+00
6.300000e+02	6.400000e+02	0.000000e+00	0.000000e+00	0.000000e+00
6.400000e+02	6.500000e+02	0.000000e+00	0.000000e+00	0.000000e+00
6.500000e+02	6.600000e+02	0.000000e+00	0.000000e+00	0.000000e+00
6.600000e+02	6.700000e+02	0.000000e+00	0.000000e+00	0.000000e+00
6.700000e+02	6.800000e+02	0.000000e+00	0.000000e+00	0.000000e+00
6.800000e+02	6.900000e+02	0.000000e+00	0.000000e+00	0.000000e+00
6.900000e+02	7.000000e+02	0.000000e+00	0.000000e+00	0.000000e+00
7.000000e+02	7.100000e+02	0.000000e+00	0.000000e+00	0.000000e+00
7.100000e+02	7.200000e+02	0.000000e+00	0.000000e+00	0.000000e+00
7.200000e+02	7.300000e+02	0.000000e+00	0.000000e+00	0.000000e+00
7.300000e+02	7.400000e+02	0.000000e+00	0.000000e+00	0.000000e+00
7.400000e+02	7.500000e+02	0.000000e+00	0.000000e+00	0.000000e+00
7.500000e+02	7.600000e+02	0.000000e+00	0.000000e+00	0.000000e+00
7.600000e+02	7.700000e+02	0.000000e+00	0.000000e+00	0.000000e+00
7.700000e+02	7.800000e+02	0.000000e+00	0.000000e+00	0.000000e+00
7.800000e+02	7.900000e+02	0.000000e+00	0.000000e+00	0.000000e+00
7.900000e+02	8.000000e+02	0.000000e+00	0.000000e+00	0.000000e+00
8.000000e+02	8.100000e+02	0.000000e+00	0.000000e+00	0.000000e+00
8.100000e+02	8.200000e+02	0.000000e+00	0.000000e+00	0.000000e+00
8.200000e+02	8.300000e+02	0.000000e+00	0.000000e+00	0.000000e+00
8.300000e+02	8.400000e+02	0.000000e+00	0.000000e+00	0.000000e+00
8.400000e+02	8.500000e+02	0.000000e+00	0.000000e+00	0.000000e+00
8.500000e+02	8.600000e+02	0.000000e+00	0.000000e+00	0.000000e+00
8.600000e+02	8.700000e+02	0.000000e+00	0.000000e+00	0.000000e+00
8.700000e+02	8.800000e+02	0.000000e+00	0.000000e+00	0.000000e+00
8.800000e+02	8.900000e+02	0.000000e+00	0.000000e+00	0.000000e+00
8.900000e+02	9.000000e+02	0.000000e+00	0.000000e+00	0.000000e+00
9.000000e+02	9.100000e+02	0.000000e+00	0.000000e+00	0.000000e+00
9.100000e+02	9.200000e+02	0.000000e+00	0.000000e+00	0.000000e+00
9.200000e+02	9.300000e+02	0.000000e+00	0.000000e+00	0.000000e+00
9.300000e+02	9.400000e+02	0.000000e+00	0.000000e+00	0.000000e+00
9.400000e+02	9.500000e+02	0.000000e+00	0.000000e+00	0.000000e+00
9.500000e+02	9.600000e+02	0.000000e+00	0.000000e+00	0.000000e+00
9.600000e+02	9.700000e+02	0.000000e+00	0.000000e+00	0.000000e+00
9.700000e+02	9.800000e+02	0.000000e+00	0.000000e+00	0.000000e+00
9.800000e+02	9.900000e+02	0.000000e+00	0.000000e+00	0.000000e+00
9.900000e+02	1.000000e+03	0.000000e+00	0.000000e+00	0.000000e+00
# END HISTO1D

# BEGIN HISTO1D //itp/scratch/rauch/Projekte/VBFNLO/VBSCAN/VBSComparison/parton-shower/MG5_aMC/run_HWPP_1M_LOPS.yoda/MC_VBSCAN_MCComparison/pT_j3
ErrorBandColor=magenta
ErrorBandOpacity=0.3
ErrorBands=1
LineColor=magenta
LineStyle=solid
Path=//itp/scratch/rauch/Projekte/VBFNLO/VBSCAN/VBSComparison/parton-shower/MG5_aMC/run_HWPP_1M_LOPS.yoda/MC_VBSCAN_MCComparison/pT_j3
RatioPlotErrorBandColor=magenta
ScaledBy=6.19645389419520692e-06
Title=MG5_aMC+Herwig 2.7.1
XLabel=
YLabel=
# xlow	 xhigh	 val	 errminus	 errplus
0.000000e+00	1.000000e+01	0.000000e+00	0.000000e+00	0.000000e+00
1.000000e+01	2.000000e+01	0.000000e+00	0.000000e+00	0.000000e+00
2.000000e+01	3.000000e+01	0.000000e+00	0.000000e+00	0.000000e+00
3.000000e+01	4.000000e+01	9.826956e-03	7.816625e-05	7.816625e-05
4.000000e+01	5.000000e+01	6.300554e-03	6.262405e-05	6.262405e-05
5.000000e+01	6.000000e+01	4.158440e-03	5.090529e-05	5.090529e-05
6.000000e+01	7.000000e+01	2.776631e-03	4.160862e-05	4.160862e-05
7.000000e+01	8.000000e+01	1.836629e-03	3.386009e-05	3.386009e-05
8.000000e+01	9.000000e+01	1.294439e-03	2.838896e-05	2.838896e-05
9.000000e+01	1.000000e+02	9.313270e-04	2.411846e-05	2.411846e-05
1.000000e+02	1.100000e+02	6.425723e-04	2.001176e-05	2.001176e-05
1.100000e+02	1.200000e+02	4.796056e-04	1.723906e-05	1.723906e-05
1.200000e+02	1.300000e+02	3.581550e-04	1.502560e-05	1.502560e-05
1.300000e+02	1.400000e+02	2.373242e-04	1.215832e-05	1.215832e-05
1.400000e+02	1.500000e+02	1.871329e-04	1.083937e-05	1.083937e-05
1.500000e+02	1.600000e+02	1.443774e-04	9.458476e-06	9.458476e-06
1.600000e+02	1.700000e+02	9.852362e-05	7.813431e-06	7.813431e-06
1.700000e+02	1.800000e+02	7.621639e-05	6.927846e-06	6.927846e-06
1.800000e+02	1.900000e+02	6.134490e-05	6.165394e-06	6.165394e-06
1.900000e+02	2.000000e+02	4.647341e-05	5.366286e-06	5.366286e-06
2.000000e+02	2.100000e+02	3.841802e-05	4.879092e-06	4.879092e-06
2.100000e+02	2.200000e+02	2.850369e-05	4.202640e-06	4.202640e-06
2.200000e+02	2.300000e+02	2.416617e-05	3.869685e-06	3.869685e-06
2.300000e+02	2.400000e+02	2.044830e-05	3.559591e-06	3.559591e-06
2.400000e+02	2.500000e+02	1.425184e-05	2.971715e-06	2.971715e-06
2.500000e+02	2.600000e+02	9.914327e-06	2.478582e-06	2.478582e-06
2.600000e+02	2.700000e+02	9.294681e-06	2.399876e-06	2.399876e-06
2.700000e+02	2.800000e+02	6.816100e-06	2.055131e-06	2.055131e-06
2.800000e+02	2.900000e+02	5.576809e-06	1.858936e-06	1.858936e-06
2.900000e+02	3.000000e+02	4.957163e-06	1.752622e-06	1.752622e-06
3.000000e+02	3.100000e+02	4.337518e-06	1.639428e-06	1.639428e-06
3.100000e+02	3.200000e+02	6.196454e-07	6.196454e-07	6.196454e-07
3.200000e+02	3.300000e+02	3.098227e-06	1.385569e-06	1.385569e-06
3.300000e+02	3.400000e+02	1.239291e-06	8.763109e-07	8.763109e-07
3.400000e+02	3.500000e+02	1.858936e-06	1.073257e-06	1.073257e-06
3.500000e+02	3.600000e+02	2.478582e-06	1.239291e-06	1.239291e-06
3.600000e+02	3.700000e+02	1.858936e-06	1.073257e-06	1.073257e-06
3.700000e+02	3.800000e+02	1.858936e-06	1.073257e-06	1.073257e-06
3.800000e+02	3.900000e+02	1.239291e-06	8.763109e-07	8.763109e-07
3.900000e+02	4.000000e+02	0.000000e+00	0.000000e+00	0.000000e+00
4.000000e+02	4.100000e+02	0.000000e+00	0.000000e+00	0.000000e+00
4.100000e+02	4.200000e+02	0.000000e+00	0.000000e+00	0.000000e+00
4.200000e+02	4.300000e+02	1.858936e-06	1.073257e-06	1.073257e-06
4.300000e+02	4.400000e+02	0.000000e+00	0.000000e+00	0.000000e+00
4.400000e+02	4.500000e+02	1.239291e-06	8.763109e-07	8.763109e-07
4.500000e+02	4.600000e+02	0.000000e+00	0.000000e+00	0.000000e+00
4.600000e+02	4.700000e+02	0.000000e+00	0.000000e+00	0.000000e+00
4.700000e+02	4.800000e+02	0.000000e+00	0.000000e+00	0.000000e+00
4.800000e+02	4.900000e+02	0.000000e+00	0.000000e+00	0.000000e+00
4.900000e+02	5.000000e+02	6.196455e-07	6.196454e-07	6.196454e-07
5.000000e+02	5.100000e+02	0.000000e+00	0.000000e+00	0.000000e+00
5.100000e+02	5.200000e+02	0.000000e+00	0.000000e+00	0.000000e+00
5.200000e+02	5.300000e+02	0.000000e+00	0.000000e+00	0.000000e+00
5.300000e+02	5.400000e+02	0.000000e+00	0.000000e+00	0.000000e+00
5.400000e+02	5.500000e+02	0.000000e+00	0.000000e+00	0.000000e+00
5.500000e+02	5.600000e+02	0.000000e+00	0.000000e+00	0.000000e+00
5.600000e+02	5.700000e+02	0.000000e+00	0.000000e+00	0.000000e+00
5.700000e+02	5.800000e+02	0.000000e+00	0.000000e+00	0.000000e+00
5.800000e+02	5.900000e+02	0.000000e+00	0.000000e+00	0.000000e+00
5.900000e+02	6.000000e+02	0.000000e+00	0.000000e+00	0.000000e+00
6.000000e+02	6.100000e+02	0.000000e+00	0.000000e+00	0.000000e+00
6.100000e+02	6.200000e+02	0.000000e+00	0.000000e+00	0.000000e+00
6.200000e+02	6.300000e+02	0.000000e+00	0.000000e+00	0.000000e+00
6.300000e+02	6.400000e+02	0.000000e+00	0.000000e+00	0.000000e+00
6.400000e+02	6.500000e+02	0.000000e+00	0.000000e+00	0.000000e+00
6.500000e+02	6.600000e+02	0.000000e+00	0.000000e+00	0.000000e+00
6.600000e+02	6.700000e+02	0.000000e+00	0.000000e+00	0.000000e+00
6.700000e+02	6.800000e+02	0.000000e+00	0.000000e+00	0.000000e+00
6.800000e+02	6.900000e+02	0.000000e+00	0.000000e+00	0.000000e+00
6.900000e+02	7.000000e+02	0.000000e+00	0.000000e+00	0.000000e+00
7.000000e+02	7.100000e+02	0.000000e+00	0.000000e+00	0.000000e+00
7.100000e+02	7.200000e+02	0.000000e+00	0.000000e+00	0.000000e+00
7.200000e+02	7.300000e+02	0.000000e+00	0.000000e+00	0.000000e+00
7.300000e+02	7.400000e+02	0.000000e+00	0.000000e+00	0.000000e+00
7.400000e+02	7.500000e+02	0.000000e+00	0.000000e+00	0.000000e+00
7.500000e+02	7.600000e+02	0.000000e+00	0.000000e+00	0.000000e+00
7.600000e+02	7.700000e+02	0.000000e+00	0.000000e+00	0.000000e+00
7.700000e+02	7.800000e+02	0.000000e+00	0.000000e+00	0.000000e+00
7.800000e+02	7.900000e+02	0.000000e+00	0.000000e+00	0.000000e+00
7.900000e+02	8.000000e+02	0.000000e+00	0.000000e+00	0.000000e+00
8.000000e+02	8.100000e+02	0.000000e+00	0.000000e+00	0.000000e+00
8.100000e+02	8.200000e+02	0.000000e+00	0.000000e+00	0.000000e+00
8.200000e+02	8.300000e+02	0.000000e+00	0.000000e+00	0.000000e+00
8.300000e+02	8.400000e+02	0.000000e+00	0.000000e+00	0.000000e+00
8.400000e+02	8.500000e+02	0.000000e+00	0.000000e+00	0.000000e+00
8.500000e+02	8.600000e+02	0.000000e+00	0.000000e+00	0.000000e+00
8.600000e+02	8.700000e+02	0.000000e+00	0.000000e+00	0.000000e+00
8.700000e+02	8.800000e+02	0.000000e+00	0.000000e+00	0.000000e+00
8.800000e+02	8.900000e+02	0.000000e+00	0.000000e+00	0.000000e+00
8.900000e+02	9.000000e+02	0.000000e+00	0.000000e+00	0.000000e+00
9.000000e+02	9.100000e+02	0.000000e+00	0.000000e+00	0.000000e+00
9.100000e+02	9.200000e+02	0.000000e+00	0.000000e+00	0.000000e+00
9.200000e+02	9.300000e+02	0.000000e+00	0.000000e+00	0.000000e+00
9.300000e+02	9.400000e+02	0.000000e+00	0.000000e+00	0.000000e+00
9.400000e+02	9.500000e+02	0.000000e+00	0.000000e+00	0.000000e+00
9.500000e+02	9.600000e+02	0.000000e+00	0.000000e+00	0.000000e+00
9.600000e+02	9.700000e+02	0.000000e+00	0.000000e+00	0.000000e+00
9.700000e+02	9.800000e+02	0.000000e+00	0.000000e+00	0.000000e+00
9.800000e+02	9.900000e+02	0.000000e+00	0.000000e+00	0.000000e+00
9.900000e+02	1.000000e+03	0.000000e+00	0.000000e+00	0.000000e+00
# END HISTO1D

# BEGIN HISTO1D //itp/scratch/rauch/Projekte/VBFNLO/VBSCAN/VBSComparison/parton-shower/PHANTOM/plots_loose_cuts2/phantom_norm-scaled.yoda/MC_VBSCAN_MCComparison/pT_j3
ErrorBandColor=cyan
ErrorBandOpacity=0.3
ErrorBands=1
LineColor=cyan
LineStyle=solid
Path=//itp/scratch/rauch/Projekte/VBFNLO/VBSCAN/VBSComparison/parton-shower/PHANTOM/plots_loose_cuts2/phantom_norm-scaled.yoda/MC_VBSCAN_MCComparison/pT_j3
RatioPlotErrorBandColor=cyan
ScaledBy=2.66577807397533929e-02
Title=PHANTOM+Pythia 8
XLabel=
YLabel=
# xlow	 xhigh	 val	 errminus	 errplus
0.000000e+00	1.000000e+01	0.000000e+00	0.000000e+00	0.000000e+00
1.000000e+01	2.000000e+01	0.000000e+00	0.000000e+00	0.000000e+00
2.000000e+01	3.000000e+01	0.000000e+00	0.000000e+00	0.000000e+00
3.000000e+01	4.000000e+01	1.681013e-02	4.733502e-05	4.733502e-05
4.000000e+01	5.000000e+01	1.237028e-02	4.060568e-05	4.060568e-05
5.000000e+01	6.000000e+01	9.030190e-03	3.469328e-05	3.469328e-05
6.000000e+01	7.000000e+01	6.482639e-03	2.939496e-05	2.939496e-05
7.000000e+01	8.000000e+01	4.628857e-03	2.483899e-05	2.483899e-05
8.000000e+01	9.000000e+01	3.339420e-03	2.109758e-05	2.109758e-05
9.000000e+01	1.000000e+02	2.410130e-03	1.792327e-05	1.792327e-05
1.000000e+02	1.100000e+02	1.749550e-03	1.527074e-05	1.527074e-05
1.100000e+02	1.200000e+02	1.298767e-03	1.315717e-05	1.315717e-05
1.200000e+02	1.300000e+02	9.720760e-04	1.138275e-05	1.138275e-05
1.300000e+02	1.400000e+02	7.121626e-04	9.742863e-06	9.742863e-06
1.400000e+02	1.500000e+02	5.243585e-04	8.360094e-06	8.360094e-06
1.500000e+02	1.600000e+02	4.010663e-04	7.311477e-06	7.311477e-06
1.600000e+02	1.700000e+02	2.987004e-04	6.309790e-06	6.309790e-06
1.700000e+02	1.800000e+02	2.335222e-04	5.579060e-06	5.579060e-06
1.800000e+02	1.900000e+02	1.778074e-04	4.868239e-06	4.868239e-06
1.900000e+02	2.000000e+02	1.367544e-04	4.269409e-06	4.269409e-06
2.000000e+02	2.100000e+02	1.099633e-04	3.828432e-06	3.828432e-06
2.100000e+02	2.200000e+02	9.583472e-05	3.574031e-06	3.574031e-06
2.200000e+02	2.300000e+02	6.411196e-05	2.923254e-06	2.923254e-06
2.300000e+02	2.400000e+02	5.158281e-05	2.622101e-06	2.622101e-06
2.400000e+02	2.500000e+02	3.998667e-05	2.308632e-06	2.308632e-06
2.500000e+02	2.600000e+02	3.678774e-05	2.214362e-06	2.214362e-06
2.600000e+02	2.700000e+02	2.759080e-05	1.917693e-06	1.917693e-06
2.700000e+02	2.800000e+02	2.492502e-05	1.822698e-06	1.822698e-06
2.800000e+02	2.900000e+02	1.852716e-05	1.571453e-06	1.571453e-06
2.900000e+02	3.000000e+02	1.639454e-05	1.478246e-06	1.478246e-06
3.000000e+02	3.100000e+02	1.092969e-05	1.206982e-06	1.206982e-06
3.100000e+02	3.200000e+02	8.663779e-06	1.074610e-06	1.074610e-06
3.200000e+02	3.300000e+02	6.264578e-06	9.137827e-07	9.137827e-07
3.300000e+02	3.400000e+02	5.598134e-06	8.638108e-07	8.638108e-07
3.400000e+02	3.500000e+02	4.931689e-06	8.107648e-07	8.107648e-07
3.500000e+02	3.600000e+02	4.531823e-06	7.772012e-07	7.772012e-07
3.600000e+02	3.700000e+02	3.732089e-06	7.052986e-07	7.052986e-07
3.700000e+02	3.800000e+02	2.265911e-06	5.495642e-07	5.495642e-07
3.800000e+02	3.900000e+02	2.399200e-06	5.654969e-07	5.654969e-07
3.900000e+02	4.000000e+02	3.065645e-06	6.392311e-07	6.392311e-07
4.000000e+02	4.100000e+02	1.732756e-06	4.805800e-07	4.805800e-07
4.100000e+02	4.200000e+02	2.132622e-06	5.331556e-07	5.331556e-07
4.200000e+02	4.300000e+02	1.732756e-06	4.805800e-07	4.805800e-07
4.300000e+02	4.400000e+02	7.997334e-07	3.264898e-07	3.264898e-07
4.400000e+02	4.500000e+02	1.466178e-06	4.420693e-07	4.420693e-07
4.500000e+02	4.600000e+02	1.066311e-06	3.769980e-07	3.769980e-07
4.600000e+02	4.700000e+02	1.199600e-06	3.998667e-07	3.998667e-07
4.700000e+02	4.800000e+02	5.331556e-07	2.665778e-07	2.665778e-07
4.800000e+02	4.900000e+02	1.332889e-07	1.332889e-07	1.332889e-07
4.900000e+02	5.000000e+02	2.665778e-07	1.884990e-07	1.884990e-07
5.000000e+02	5.100000e+02	1.332889e-07	1.332889e-07	1.332889e-07
5.100000e+02	5.200000e+02	1.332889e-07	1.332889e-07	1.332889e-07
5.200000e+02	5.300000e+02	2.665778e-07	1.884990e-07	1.884990e-07
5.300000e+02	5.400000e+02	1.332889e-07	1.332889e-07	1.332889e-07
5.400000e+02	5.500000e+02	3.998667e-07	2.308632e-07	2.308632e-07
5.500000e+02	5.600000e+02	2.665778e-07	1.884990e-07	1.884990e-07
5.600000e+02	5.700000e+02	2.665778e-07	1.884990e-07	1.884990e-07
5.700000e+02	5.800000e+02	2.665778e-07	1.884990e-07	1.884990e-07
5.800000e+02	5.900000e+02	0.000000e+00	0.000000e+00	0.000000e+00
5.900000e+02	6.000000e+02	0.000000e+00	0.000000e+00	0.000000e+00
6.000000e+02	6.100000e+02	2.665778e-07	1.884990e-07	1.884990e-07
6.100000e+02	6.200000e+02	1.332889e-07	1.332889e-07	1.332889e-07
6.200000e+02	6.300000e+02	0.000000e+00	0.000000e+00	0.000000e+00
6.300000e+02	6.400000e+02	0.000000e+00	0.000000e+00	0.000000e+00
6.400000e+02	6.500000e+02	0.000000e+00	0.000000e+00	0.000000e+00
6.500000e+02	6.600000e+02	0.000000e+00	0.000000e+00	0.000000e+00
6.600000e+02	6.700000e+02	0.000000e+00	0.000000e+00	0.000000e+00
6.700000e+02	6.800000e+02	0.000000e+00	0.000000e+00	0.000000e+00
6.800000e+02	6.900000e+02	1.332889e-07	1.332889e-07	1.332889e-07
6.900000e+02	7.000000e+02	0.000000e+00	0.000000e+00	0.000000e+00
7.000000e+02	7.100000e+02	0.000000e+00	0.000000e+00	0.000000e+00
7.100000e+02	7.200000e+02	0.000000e+00	0.000000e+00	0.000000e+00
7.200000e+02	7.300000e+02	0.000000e+00	0.000000e+00	0.000000e+00
7.300000e+02	7.400000e+02	0.000000e+00	0.000000e+00	0.000000e+00
7.400000e+02	7.500000e+02	0.000000e+00	0.000000e+00	0.000000e+00
7.500000e+02	7.600000e+02	0.000000e+00	0.000000e+00	0.000000e+00
7.600000e+02	7.700000e+02	0.000000e+00	0.000000e+00	0.000000e+00
7.700000e+02	7.800000e+02	0.000000e+00	0.000000e+00	0.000000e+00
7.800000e+02	7.900000e+02	0.000000e+00	0.000000e+00	0.000000e+00
7.900000e+02	8.000000e+02	0.000000e+00	0.000000e+00	0.000000e+00
8.000000e+02	8.100000e+02	0.000000e+00	0.000000e+00	0.000000e+00
8.100000e+02	8.200000e+02	0.000000e+00	0.000000e+00	0.000000e+00
8.200000e+02	8.300000e+02	0.000000e+00	0.000000e+00	0.000000e+00
8.300000e+02	8.400000e+02	0.000000e+00	0.000000e+00	0.000000e+00
8.400000e+02	8.500000e+02	0.000000e+00	0.000000e+00	0.000000e+00
8.500000e+02	8.600000e+02	0.000000e+00	0.000000e+00	0.000000e+00
8.600000e+02	8.700000e+02	0.000000e+00	0.000000e+00	0.000000e+00
8.700000e+02	8.800000e+02	0.000000e+00	0.000000e+00	0.000000e+00
8.800000e+02	8.900000e+02	0.000000e+00	0.000000e+00	0.000000e+00
8.900000e+02	9.000000e+02	0.000000e+00	0.000000e+00	0.000000e+00
9.000000e+02	9.100000e+02	0.000000e+00	0.000000e+00	0.000000e+00
9.100000e+02	9.200000e+02	0.000000e+00	0.000000e+00	0.000000e+00
9.200000e+02	9.300000e+02	0.000000e+00	0.000000e+00	0.000000e+00
9.300000e+02	9.400000e+02	0.000000e+00	0.000000e+00	0.000000e+00
9.400000e+02	9.500000e+02	0.000000e+00	0.000000e+00	0.000000e+00
9.500000e+02	9.600000e+02	0.000000e+00	0.000000e+00	0.000000e+00
9.600000e+02	9.700000e+02	0.000000e+00	0.000000e+00	0.000000e+00
9.700000e+02	9.800000e+02	0.000000e+00	0.000000e+00	0.000000e+00
9.800000e+02	9.900000e+02	0.000000e+00	0.000000e+00	0.000000e+00
9.900000e+02	1.000000e+03	0.000000e+00	0.000000e+00	0.000000e+00
# END HISTO1D

