# BEGIN PLOT
LegendOnly=//itp/scratch/rauch/Projekte/VBFNLO/VBSCAN/VBSComparison/parton-shower/VBFNLO/VBFNLO-NLO.yoda/MC_VBSCAN_MCComparison/z_e //itp/scratch/rauch/Projekte/VBFNLO/VBSCAN/VBSComparison/parton-shower/VBFNLO/Herwig-MCatLO-DipoleShower.yoda/MC_VBSCAN_MCComparison/z_e //itp/scratch/rauch/Projekte/VBFNLO/VBSCAN/VBSComparison/parton-shower/MG5_aMC/run_PY8_10M_NLOPS.yoda/MC_VBSCAN_MCComparison/z_e //itp/scratch/rauch/Projekte/VBFNLO/VBSCAN/VBSComparison/parton-shower/PHANTOM/plots_loose_cuts2/phantom_norm.yoda/MC_VBSCAN_MCComparison/z_e
DrawOnly=//itp/scratch/rauch/Projekte/VBFNLO/VBSCAN/VBSComparison/parton-shower/VBFNLO/VBFNLO-NLO.yoda/MC_VBSCAN_MCComparison/z_e //itp/scratch/rauch/Projekte/VBFNLO/VBSCAN/VBSComparison/parton-shower/VBFNLO/Herwig-MCatLO-DipoleShower.yoda/MC_VBSCAN_MCComparison/z_e //itp/scratch/rauch/Projekte/VBFNLO/VBSCAN/VBSComparison/parton-shower/MG5_aMC/run_PY8_10M_NLOPS.yoda/MC_VBSCAN_MCComparison/z_e //itp/scratch/rauch/Projekte/VBFNLO/VBSCAN/VBSComparison/parton-shower/PHANTOM/plots_loose_cuts2/phantom_norm.yoda/MC_VBSCAN_MCComparison/z_e
Title=Normalized average rapidity of the electron
RatioPlot=1
LogY=0
RatioPlotYLabel=Ratio
RatioPlotSameStyle=1
RatioPlotReference=//itp/scratch/rauch/Projekte/VBFNLO/VBSCAN/VBSComparison/parton-shower/VBFNLO/VBFNLO-NLO.yoda/MC_VBSCAN_MCComparison/z_e
XLabel=$z_{e}$
YLabel=$d~\sigma_{WW\to e^+\nu \mu^+\nu}/d~z_{e}$~[fb]
Legend=1
# END PLOT

# BEGIN HISTO1D //itp/scratch/rauch/Projekte/VBFNLO/VBSCAN/VBSComparison/parton-shower/VBFNLO/VBFNLO-NLO.yoda/MC_VBSCAN_MCComparison/z_e
ErrorBandColor=red
ErrorBandOpacity=0.3
ErrorBands=1
LineColor=red
LineStyle=solid
Path=//itp/scratch/rauch/Projekte/VBFNLO/VBSCAN/VBSComparison/parton-shower/VBFNLO/VBFNLO-NLO.yoda/MC_VBSCAN_MCComparison/z_e
RatioPlotErrorBandColor=red
ScaledBy=1
Title=NLO
XLabel=
YLabel=
# xlow	 xhigh	 val	 errminus	 errplus
0.000000e+00	5.000000e-02	3.738637e+00	1.016100e-03	1.016100e-03
5.000000e-02	1.000000e-01	3.652241e+00	1.061117e-03	1.061117e-03
1.000000e-01	1.500000e-01	3.488830e+00	1.056746e-03	1.056746e-03
1.500000e-01	2.000000e-01	3.239575e+00	9.553025e-04	9.553025e-04
2.000000e-01	2.500000e-01	2.916092e+00	8.995069e-04	8.995069e-04
2.500000e-01	3.000000e-01	2.519764e+00	8.782900e-04	8.782900e-04
3.000000e-01	3.500000e-01	2.084516e+00	9.185636e-04	9.185636e-04
3.500000e-01	4.000000e-01	1.648856e+00	9.574794e-04	9.574794e-04
4.000000e-01	4.500000e-01	1.230904e+00	6.738391e-04	6.738391e-04
4.500000e-01	5.000000e-01	8.445736e-01	7.059269e-04	7.059269e-04
5.000000e-01	5.500000e-01	5.983851e-01	4.775297e-04	4.775297e-04
5.500000e-01	6.000000e-01	4.401004e-01	4.857784e-04	4.857784e-04
6.000000e-01	6.500000e-01	3.107671e-01	4.471852e-04	4.471852e-04
6.500000e-01	7.000000e-01	2.129825e-01	5.512067e-04	5.512067e-04
7.000000e-01	7.500000e-01	1.465673e-01	5.106118e-04	5.106118e-04
7.500000e-01	8.000000e-01	1.015736e-01	2.470593e-04	2.470593e-04
8.000000e-01	8.500000e-01	7.084742e-02	2.336501e-04	2.336501e-04
8.500000e-01	9.000000e-01	4.870915e-02	2.251995e-04	2.251995e-04
9.000000e-01	9.500000e-01	3.396823e-02	2.067660e-04	2.067660e-04
9.500000e-01	1.000000e+00	2.411381e-02	1.754318e-04	1.754318e-04
1.000000e+00	1.050000e+00	1.663989e-02	1.348415e-04	1.348415e-04
1.050000e+00	1.100000e+00	1.162392e-02	1.233170e-04	1.233170e-04
1.100000e+00	1.150000e+00	8.082789e-03	1.183900e-04	1.183900e-04
1.150000e+00	1.200000e+00	5.738458e-03	1.145325e-04	1.145325e-04
1.200000e+00	1.250000e+00	4.111099e-03	1.011139e-04	1.011139e-04
1.250000e+00	1.300000e+00	2.706457e-03	9.224105e-05	9.224105e-05
1.300000e+00	1.350000e+00	1.785043e-03	1.139099e-04	1.139099e-04
1.350000e+00	1.400000e+00	1.365693e-03	9.180582e-05	9.180582e-05
1.400000e+00	1.450000e+00	9.072068e-04	6.103974e-05	6.103974e-05
1.450000e+00	1.500000e+00	5.330378e-04	1.437835e-04	1.437835e-04
# END HISTO1D

# BEGIN HISTO1D //itp/scratch/rauch/Projekte/VBFNLO/VBSCAN/VBSComparison/parton-shower/VBFNLO/Herwig-MCatLO-DipoleShower.yoda/MC_VBSCAN_MCComparison/z_e
ErrorBandColor=blue
ErrorBandOpacity=0.3
ErrorBands=1
LineColor=blue
LineStyle=solid
Path=//itp/scratch/rauch/Projekte/VBFNLO/VBSCAN/VBSComparison/parton-shower/VBFNLO/Herwig-MCatLO-DipoleShower.yoda/MC_VBSCAN_MCComparison/z_e
RatioPlotErrorBandColor=blue
ScaledBy=6.19466512584469066e-06
Title=VBFNLO 3+Herwig 7
XLabel=
YLabel=
# xlow	 xhigh	 val	 errminus	 errplus
0.000000e+00	5.000000e-02	3.568624e+00	1.765799e-03	1.765799e-03
5.000000e-02	1.000000e-01	3.490462e+00	1.751975e-03	1.751975e-03
1.000000e-01	1.500000e-01	3.328688e+00	1.709712e-03	1.709712e-03
1.500000e-01	2.000000e-01	3.087642e+00	1.653073e-03	1.653073e-03
2.000000e-01	2.500000e-01	2.774440e+00	1.576638e-03	1.576638e-03
2.500000e-01	3.000000e-01	2.400680e+00	1.477099e-03	1.477099e-03
3.000000e-01	3.500000e-01	1.982557e+00	1.343846e-03	1.343846e-03
3.500000e-01	4.000000e-01	1.561420e+00	1.190925e-03	1.190925e-03
4.000000e-01	4.500000e-01	1.151297e+00	1.006464e-03	1.006464e-03
4.500000e-01	5.000000e-01	7.911304e-01	8.227009e-04	8.227009e-04
5.000000e-01	5.500000e-01	5.589544e-01	6.918933e-04	6.918933e-04
5.500000e-01	6.000000e-01	4.083454e-01	5.901704e-04	5.901704e-04
6.000000e-01	6.500000e-01	2.887896e-01	4.939621e-04	4.939621e-04
6.500000e-01	7.000000e-01	1.982822e-01	4.804669e-04	4.804669e-04
7.000000e-01	7.500000e-01	1.347367e-01	3.368385e-04	3.368385e-04
7.500000e-01	8.000000e-01	9.282174e-02	2.852069e-04	2.852069e-04
8.000000e-01	8.500000e-01	6.341648e-02	2.468340e-04	2.468340e-04
8.500000e-01	9.000000e-01	4.399004e-02	2.059659e-04	2.059659e-04
9.000000e-01	9.500000e-01	3.038114e-02	1.966402e-04	1.966402e-04
9.500000e-01	1.000000e+00	2.048934e-02	1.395194e-04	1.395194e-04
1.000000e+00	1.050000e+00	1.394498e-02	1.166911e-04	1.166911e-04
1.050000e+00	1.100000e+00	9.649196e-03	1.405811e-04	1.405811e-04
1.100000e+00	1.150000e+00	6.508694e-03	8.305750e-05	8.305750e-05
1.150000e+00	1.200000e+00	4.308020e-03	6.912779e-05	6.912779e-05
1.200000e+00	1.250000e+00	2.831266e-03	5.541925e-05	5.541925e-05
1.250000e+00	1.300000e+00	1.905323e-03	4.739388e-05	4.739388e-05
1.300000e+00	1.350000e+00	1.228485e-03	4.203657e-05	4.203657e-05
1.350000e+00	1.400000e+00	8.061418e-04	3.184415e-05	3.184415e-05
1.400000e+00	1.450000e+00	4.983800e-04	2.157566e-05	2.157566e-05
1.450000e+00	1.500000e+00	3.059120e-04	1.681712e-05	1.681712e-05
# END HISTO1D

# BEGIN HISTO1D //itp/scratch/rauch/Projekte/VBFNLO/VBSCAN/VBSComparison/parton-shower/MG5_aMC/run_PY8_10M_NLOPS.yoda/MC_VBSCAN_MCComparison/z_e
ErrorBandColor=brown
ErrorBandOpacity=0.3
ErrorBands=1
LineColor=brown
LineStyle=solid
Path=//itp/scratch/rauch/Projekte/VBFNLO/VBSCAN/VBSComparison/parton-shower/MG5_aMC/run_PY8_10M_NLOPS.yoda/MC_VBSCAN_MCComparison/z_e
RatioPlotErrorBandColor=brown
ScaledBy=9.99999999999999334e-01
Title=MG5_aMC+Pythia 8
XLabel=
YLabel=
# xlow	 xhigh	 val	 errminus	 errplus
0.000000e+00	5.000000e-02	3.975242e+00	2.648557e-02	2.648557e-02
5.000000e-02	1.000000e-01	3.820362e+00	2.616699e-02	2.616699e-02
1.000000e-01	1.500000e-01	3.688940e+00	2.559303e-02	2.559303e-02
1.500000e-01	2.000000e-01	3.424756e+00	2.462184e-02	2.462184e-02
2.000000e-01	2.500000e-01	3.118174e+00	2.337342e-02	2.337342e-02
2.500000e-01	3.000000e-01	2.627264e+00	2.171220e-02	2.171220e-02
3.000000e-01	3.500000e-01	2.214138e+00	1.983312e-02	1.983312e-02
3.500000e-01	4.000000e-01	1.748976e+00	1.767012e-02	1.767012e-02
4.000000e-01	4.500000e-01	1.297819e+00	1.527049e-02	1.527049e-02
4.500000e-01	5.000000e-01	8.818514e-01	1.265187e-02	1.265187e-02
5.000000e-01	5.500000e-01	6.415008e-01	1.069681e-02	1.069681e-02
5.500000e-01	6.000000e-01	4.649636e-01	9.155014e-03	9.155014e-03
6.000000e-01	6.500000e-01	3.418996e-01	7.739499e-03	7.739499e-03
6.500000e-01	7.000000e-01	2.355980e-01	6.421729e-03	6.421729e-03
7.000000e-01	7.500000e-01	1.635806e-01	5.308868e-03	5.308868e-03
7.500000e-01	8.000000e-01	1.071167e-01	4.393973e-03	4.393973e-03
8.000000e-01	8.500000e-01	7.112524e-02	3.628752e-03	3.628752e-03
8.500000e-01	9.000000e-01	5.762510e-02	2.944242e-03	2.944242e-03
9.000000e-01	9.500000e-01	3.800156e-02	2.493727e-03	2.493727e-03
9.500000e-01	1.000000e+00	2.116412e-02	2.060613e-03	2.060613e-03
1.000000e+00	1.050000e+00	1.958291e-02	1.716458e-03	1.716458e-03
1.050000e+00	1.100000e+00	9.785246e-03	1.376998e-03	1.376998e-03
1.100000e+00	1.150000e+00	8.040726e-03	1.147188e-03	1.147188e-03
1.150000e+00	1.200000e+00	5.347170e-03	8.902844e-04	8.902844e-04
1.200000e+00	1.250000e+00	3.386304e-03	7.484389e-04	7.484389e-04
1.250000e+00	1.300000e+00	3.228094e-03	6.239073e-04	6.239073e-04
1.300000e+00	1.350000e+00	2.593482e-03	4.878520e-04	4.878520e-04
1.350000e+00	1.400000e+00	8.999966e-04	3.219637e-04	3.219637e-04
1.400000e+00	1.450000e+00	2.125732e-04	3.085448e-04	3.085448e-04
1.450000e+00	1.500000e+00	5.294358e-04	2.366722e-04	2.366722e-04
# END HISTO1D

# BEGIN HISTO1D //itp/scratch/rauch/Projekte/VBFNLO/VBSCAN/VBSComparison/parton-shower/PHANTOM/plots_loose_cuts2/phantom_norm.yoda/MC_VBSCAN_MCComparison/z_e
ErrorBandColor=cyan
ErrorBandOpacity=0.3
ErrorBands=1
LineColor=cyan
LineStyle=solid
Path=//itp/scratch/rauch/Projekte/VBFNLO/VBSCAN/VBSComparison/parton-shower/PHANTOM/plots_loose_cuts2/phantom_norm.yoda/MC_VBSCAN_MCComparison/z_e
RatioPlotErrorBandColor=cyan
ScaledBy=2.66577807397533929e-02
Title=PHANTOM+???
XLabel=
YLabel=
# xlow	 xhigh	 val	 errminus	 errplus
0.000000e+00	5.000000e-02	1.646385e+00	6.624874e-03	6.624874e-03
5.000000e-02	1.000000e-01	1.604985e+00	6.541049e-03	6.541049e-03
1.000000e-01	1.500000e-01	1.538687e+00	6.404530e-03	6.404530e-03
1.500000e-01	2.000000e-01	1.436614e+00	6.188453e-03	6.188453e-03
2.000000e-01	2.500000e-01	1.299940e+00	5.886724e-03	5.886724e-03
2.500000e-01	3.000000e-01	1.130770e+00	5.490338e-03	5.490338e-03
3.000000e-01	3.500000e-01	9.546152e-01	5.044593e-03	5.044593e-03
3.500000e-01	4.000000e-01	7.534822e-01	4.481759e-03	4.481759e-03
4.000000e-01	4.500000e-01	5.673576e-01	3.889022e-03	3.889022e-03
4.500000e-01	5.000000e-01	3.928290e-01	3.236040e-03	3.236040e-03
5.000000e-01	5.500000e-01	2.869176e-01	2.765608e-03	2.765608e-03
5.500000e-01	6.000000e-01	2.123826e-01	2.379422e-03	2.379422e-03
6.000000e-01	6.500000e-01	1.542952e-01	2.028095e-03	2.028095e-03
6.500000e-01	7.000000e-01	1.063379e-01	1.683666e-03	1.683666e-03
7.000000e-01	7.500000e-01	7.562812e-02	1.419887e-03	1.419887e-03
7.500000e-01	8.000000e-01	5.224926e-02	1.180190e-03	1.180190e-03
8.000000e-01	8.500000e-01	3.876042e-02	1.016497e-03	1.016497e-03
8.500000e-01	9.000000e-01	2.628458e-02	8.370713e-04	8.370713e-04
9.000000e-01	9.500000e-01	1.634122e-02	6.600158e-04	6.600158e-04
9.500000e-01	1.000000e+00	1.170277e-02	5.585425e-04	5.585425e-04
1.000000e+00	1.050000e+00	7.464178e-03	4.460700e-04	4.460700e-04
1.050000e+00	1.100000e+00	5.384872e-03	3.788782e-04	3.788782e-04
1.100000e+00	1.150000e+00	3.918694e-03	3.232084e-04	3.232084e-04
1.150000e+00	1.200000e+00	2.585804e-03	2.625487e-04	2.625487e-04
1.200000e+00	1.250000e+00	1.679440e-03	2.115896e-04	2.115896e-04
1.250000e+00	1.300000e+00	1.039653e-03	1.664778e-04	1.664778e-04
1.300000e+00	1.350000e+00	1.066311e-03	1.685986e-04	1.685986e-04
1.350000e+00	1.400000e+00	3.465512e-04	9.611599e-05	9.611599e-05
1.400000e+00	1.450000e+00	3.732090e-04	9.974427e-05	9.974427e-05
1.450000e+00	1.500000e+00	2.399200e-04	7.997335e-05	7.997335e-05
# END HISTO1D

