# BEGIN PLOT
LegendOnly=//itp/scratch/rauch/Projekte/VBFNLO/VBSCAN/VBSComparison/parton-shower/VBFNLO/VBFNLO-NLO.yoda/MC_VBSCAN_MCComparison/z_j3 //itp/scratch/rauch/Projekte/VBFNLO/VBSCAN/VBSComparison/parton-shower/VBFNLO/Herwig-MCatLO-DipoleShower.yoda/MC_VBSCAN_MCComparison/z_j3 //itp/scratch/rauch/Projekte/VBFNLO/VBSCAN/VBSComparison/parton-shower/MG5_aMC/run_PY8_10M_NLOPS.yoda/MC_VBSCAN_MCComparison/z_j3 //itp/scratch/rauch/Projekte/VBFNLO/VBSCAN/VBSComparison/parton-shower/MG5_aMC/run_HWPP_1M_LOPS.yoda/MC_VBSCAN_MCComparison/z_j3 //itp/scratch/rauch/Projekte/VBFNLO/VBSCAN/VBSComparison/parton-shower/PHANTOM/plots_loose_cuts2/phantom_norm-scaled.yoda/MC_VBSCAN_MCComparison/z_j3
DrawOnly=//itp/scratch/rauch/Projekte/VBFNLO/VBSCAN/VBSComparison/parton-shower/VBFNLO/VBFNLO-NLO.yoda/MC_VBSCAN_MCComparison/z_j3 //itp/scratch/rauch/Projekte/VBFNLO/VBSCAN/VBSComparison/parton-shower/VBFNLO/Herwig-MCatLO-DipoleShower.yoda/MC_VBSCAN_MCComparison/z_j3 //itp/scratch/rauch/Projekte/VBFNLO/VBSCAN/VBSComparison/parton-shower/MG5_aMC/run_PY8_10M_NLOPS.yoda/MC_VBSCAN_MCComparison/z_j3 //itp/scratch/rauch/Projekte/VBFNLO/VBSCAN/VBSComparison/parton-shower/MG5_aMC/run_HWPP_1M_LOPS.yoda/MC_VBSCAN_MCComparison/z_j3 //itp/scratch/rauch/Projekte/VBFNLO/VBSCAN/VBSComparison/parton-shower/PHANTOM/plots_loose_cuts2/phantom_norm-scaled.yoda/MC_VBSCAN_MCComparison/z_j3
Title=Normalized average rapidity of the third jet
RatioPlot=1
LogY=0
RatioPlotYLabel=Ratio
RatioPlotSameStyle=1
RatioPlotReference=//itp/scratch/rauch/Projekte/VBFNLO/VBSCAN/VBSComparison/parton-shower/VBFNLO/VBFNLO-NLO.yoda/MC_VBSCAN_MCComparison/z_j3
XLabel=$z_{j3}$
YLabel=$d~\sigma_{WW\to e^+\nu \mu^+\nu}/d~z_{j3}$~[fb]
Legend=1
# END PLOT

# BEGIN HISTO1D //itp/scratch/rauch/Projekte/VBFNLO/VBSCAN/VBSComparison/parton-shower/VBFNLO/VBFNLO-NLO.yoda/MC_VBSCAN_MCComparison/z_j3
ErrorBandColor=red
ErrorBandOpacity=0.3
ErrorBands=1
LineColor=red
LineStyle=solid
Path=//itp/scratch/rauch/Projekte/VBFNLO/VBSCAN/VBSComparison/parton-shower/VBFNLO/VBFNLO-NLO.yoda/MC_VBSCAN_MCComparison/z_j3
RatioPlotErrorBandColor=red
ScaledBy=1
Title=NLO
XLabel=
YLabel=
# xlow	 xhigh	 val	 errminus	 errplus
0.000000e+00	5.000000e-02	9.016075e-02	4.956357e-05	4.956357e-05
5.000000e-02	1.000000e-01	9.974904e-02	5.375040e-05	5.375040e-05
1.000000e-01	1.500000e-01	1.198454e-01	6.033096e-05	6.033096e-05
1.500000e-01	2.000000e-01	1.535806e-01	7.197108e-05	7.197108e-05
2.000000e-01	2.500000e-01	2.056394e-01	9.005510e-05	9.005510e-05
2.500000e-01	3.000000e-01	2.870147e-01	1.279172e-04	1.279172e-04
3.000000e-01	3.500000e-01	4.188700e-01	1.688550e-04	1.688550e-04
3.500000e-01	4.000000e-01	6.171507e-01	2.402636e-04	2.402636e-04
4.000000e-01	4.500000e-01	7.293925e-01	2.787129e-04	2.787129e-04
4.500000e-01	5.000000e-01	6.683700e-01	2.801826e-04	2.801826e-04
5.000000e-01	5.500000e-01	6.982852e-01	2.933674e-04	2.933674e-04
5.500000e-01	6.000000e-01	8.303157e-01	3.350190e-04	3.350190e-04
6.000000e-01	6.500000e-01	7.909873e-01	3.403526e-04	3.403526e-04
6.500000e-01	7.000000e-01	5.931706e-01	2.499560e-04	2.499560e-04
7.000000e-01	7.500000e-01	4.420962e-01	2.028128e-04	2.028128e-04
7.500000e-01	8.000000e-01	3.402600e-01	1.524491e-04	1.524491e-04
8.000000e-01	8.500000e-01	2.656766e-01	1.244350e-04	1.244350e-04
8.500000e-01	9.000000e-01	2.093926e-01	1.048782e-04	1.048782e-04
9.000000e-01	9.500000e-01	1.656124e-01	9.124183e-05	9.124183e-05
9.500000e-01	1.000000e+00	1.312274e-01	7.669036e-05	7.669036e-05
1.000000e+00	1.050000e+00	1.039976e-01	6.650724e-05	6.650724e-05
1.050000e+00	1.100000e+00	8.255713e-02	5.986954e-05	5.986954e-05
1.100000e+00	1.150000e+00	6.529854e-02	5.399064e-05	5.399064e-05
1.150000e+00	1.200000e+00	5.156570e-02	4.356213e-05	4.356213e-05
1.200000e+00	1.250000e+00	4.071818e-02	3.746579e-05	3.746579e-05
1.250000e+00	1.300000e+00	3.207584e-02	3.250065e-05	3.250065e-05
1.300000e+00	1.350000e+00	2.513921e-02	3.029995e-05	3.029995e-05
1.350000e+00	1.400000e+00	1.973718e-02	2.370285e-05	2.370285e-05
1.400000e+00	1.450000e+00	1.535444e-02	2.113001e-05	2.113001e-05
1.450000e+00	1.500000e+00	1.194272e-02	1.814977e-05	1.814977e-05
# END HISTO1D

# BEGIN HISTO1D //itp/scratch/rauch/Projekte/VBFNLO/VBSCAN/VBSComparison/parton-shower/VBFNLO/Herwig-MCatLO-DipoleShower.yoda/MC_VBSCAN_MCComparison/z_j3
ErrorBandColor=blue
ErrorBandOpacity=0.3
ErrorBands=1
LineColor=blue
LineStyle=solid
Path=//itp/scratch/rauch/Projekte/VBFNLO/VBSCAN/VBSComparison/parton-shower/VBFNLO/Herwig-MCatLO-DipoleShower.yoda/MC_VBSCAN_MCComparison/z_j3
RatioPlotErrorBandColor=blue
ScaledBy=6.19466512584469066e-06
Title=VBFNLO 3+Herwig 7
XLabel=
YLabel=
# xlow	 xhigh	 val	 errminus	 errplus
0.000000e+00	5.000000e-02	3.774370e-02	1.995758e-04	1.995758e-04
5.000000e-02	1.000000e-01	4.323160e-02	2.076918e-04	2.076918e-04
1.000000e-01	1.500000e-01	5.608922e-02	2.377372e-04	2.377372e-04
1.500000e-01	2.000000e-01	7.804300e-02	2.821247e-04	2.821247e-04
2.000000e-01	2.500000e-01	1.145714e-01	3.396751e-04	3.396751e-04
2.500000e-01	3.000000e-01	1.751073e-01	4.208419e-04	4.208419e-04
3.000000e-01	3.500000e-01	2.821616e-01	5.391685e-04	5.391685e-04
3.500000e-01	4.000000e-01	4.476010e-01	6.577218e-04	6.577218e-04
4.000000e-01	4.500000e-01	5.359658e-01	7.123314e-04	7.123314e-04
4.500000e-01	5.000000e-01	4.897522e-01	6.788841e-04	6.788841e-04
5.000000e-01	5.500000e-01	5.258728e-01	7.052157e-04	7.052157e-04
5.500000e-01	6.000000e-01	6.549508e-01	7.845863e-04	7.845863e-04
6.000000e-01	6.500000e-01	6.675550e-01	7.934835e-04	7.934835e-04
6.500000e-01	7.000000e-01	5.051466e-01	6.999543e-04	6.999543e-04
7.000000e-01	7.500000e-01	3.619756e-01	5.932974e-04	5.932974e-04
7.500000e-01	8.000000e-01	2.667266e-01	5.123072e-04	5.123072e-04
8.000000e-01	8.500000e-01	2.023260e-01	4.443462e-04	4.443462e-04
8.500000e-01	9.000000e-01	1.547690e-01	3.863745e-04	3.863745e-04
9.000000e-01	9.500000e-01	1.207073e-01	3.413448e-04	3.413448e-04
9.500000e-01	1.000000e+00	9.357146e-02	3.124205e-04	3.124205e-04
1.000000e+00	1.050000e+00	7.309498e-02	2.630880e-04	2.630880e-04
1.050000e+00	1.100000e+00	5.742330e-02	2.385643e-04	2.385643e-04
1.100000e+00	1.150000e+00	4.496584e-02	2.044623e-04	2.044623e-04
1.150000e+00	1.200000e+00	3.455794e-02	1.847115e-04	1.847115e-04
1.200000e+00	1.250000e+00	2.720782e-02	1.648580e-04	1.648580e-04
1.250000e+00	1.300000e+00	2.114842e-02	1.425365e-04	1.425365e-04
1.300000e+00	1.350000e+00	1.638860e-02	1.253667e-04	1.253667e-04
1.350000e+00	1.400000e+00	1.263431e-02	1.092219e-04	1.092219e-04
1.400000e+00	1.450000e+00	9.812276e-03	9.970633e-05	9.970633e-05
1.450000e+00	1.500000e+00	7.575218e-03	9.126375e-05	9.126375e-05
# END HISTO1D

# BEGIN HISTO1D //itp/scratch/rauch/Projekte/VBFNLO/VBSCAN/VBSComparison/parton-shower/MG5_aMC/run_PY8_10M_NLOPS.yoda/MC_VBSCAN_MCComparison/z_j3
ErrorBandColor=brown
ErrorBandOpacity=0.3
ErrorBands=1
LineColor=brown
LineStyle=solid
Path=//itp/scratch/rauch/Projekte/VBFNLO/VBSCAN/VBSComparison/parton-shower/MG5_aMC/run_PY8_10M_NLOPS.yoda/MC_VBSCAN_MCComparison/z_j3
RatioPlotErrorBandColor=brown
ScaledBy=9.99999999999999334e-01
Title=MG5_aMC+Pythia 8
XLabel=
YLabel=
# xlow	 xhigh	 val	 errminus	 errplus
0.000000e+00	5.000000e-02	4.061080e-01	1.042174e-02	1.042174e-02
5.000000e-02	1.000000e-01	4.423252e-01	1.093285e-02	1.093285e-02
1.000000e-01	1.500000e-01	4.490528e-01	1.164576e-02	1.164576e-02
1.500000e-01	2.000000e-01	4.932428e-01	1.251094e-02	1.251094e-02
2.000000e-01	2.500000e-01	5.356462e-01	1.339131e-02	1.339131e-02
2.500000e-01	3.000000e-01	5.894106e-01	1.406321e-02	1.406321e-02
3.000000e-01	3.500000e-01	6.434652e-01	1.471987e-02	1.471987e-02
3.500000e-01	4.000000e-01	7.489608e-01	1.517163e-02	1.517163e-02
4.000000e-01	4.500000e-01	7.414074e-01	1.438825e-02	1.438825e-02
4.500000e-01	5.000000e-01	6.389124e-01	1.280606e-02	1.280606e-02
5.000000e-01	5.500000e-01	6.493740e-01	1.190978e-02	1.190978e-02
5.500000e-01	6.000000e-01	7.530602e-01	1.181072e-02	1.181072e-02
6.000000e-01	6.500000e-01	7.601624e-01	1.134789e-02	1.134789e-02
6.500000e-01	7.000000e-01	5.884572e-01	9.954103e-03	9.954103e-03
7.000000e-01	7.500000e-01	4.151726e-01	8.519653e-03	8.519653e-03
7.500000e-01	8.000000e-01	3.199568e-01	7.409769e-03	7.409769e-03
8.000000e-01	8.500000e-01	2.397824e-01	6.411415e-03	6.411415e-03
8.500000e-01	9.000000e-01	1.786187e-01	5.734264e-03	5.734264e-03
9.000000e-01	9.500000e-01	1.540636e-01	5.034293e-03	5.034293e-03
9.500000e-01	1.000000e+00	1.124619e-01	4.483119e-03	4.483119e-03
1.000000e+00	1.050000e+00	9.160616e-02	3.890094e-03	3.890094e-03
1.050000e+00	1.100000e+00	6.821046e-02	3.449419e-03	3.449419e-03
1.100000e+00	1.150000e+00	5.487318e-02	3.045990e-03	3.045990e-03
1.150000e+00	1.200000e+00	4.233112e-02	2.641772e-03	2.641772e-03
1.200000e+00	1.250000e+00	3.090654e-02	2.327349e-03	2.327349e-03
1.250000e+00	1.300000e+00	2.138292e-02	2.037278e-03	2.037278e-03
1.300000e+00	1.350000e+00	2.116944e-02	1.735820e-03	1.735820e-03
1.350000e+00	1.400000e+00	1.661444e-02	1.580351e-03	1.580351e-03
1.400000e+00	1.450000e+00	1.567006e-02	1.414146e-03	1.414146e-03
1.450000e+00	1.500000e+00	8.998414e-03	1.169165e-03	1.169165e-03
# END HISTO1D

# BEGIN HISTO1D //itp/scratch/rauch/Projekte/VBFNLO/VBSCAN/VBSComparison/parton-shower/MG5_aMC/run_HWPP_1M_LOPS.yoda/MC_VBSCAN_MCComparison/z_j3
ErrorBandColor=magenta
ErrorBandOpacity=0.3
ErrorBands=1
LineColor=magenta
LineStyle=solid
Path=//itp/scratch/rauch/Projekte/VBFNLO/VBSCAN/VBSComparison/parton-shower/MG5_aMC/run_HWPP_1M_LOPS.yoda/MC_VBSCAN_MCComparison/z_j3
RatioPlotErrorBandColor=magenta
ScaledBy=6.19645389419520692e-06
Title=MG5_aMC+Herwig 2.7.1
XLabel=
YLabel=
# xlow	 xhigh	 val	 errminus	 errplus
0.000000e+00	5.000000e-02	1.499542e-02	1.363220e-03	1.363220e-03
5.000000e-02	1.000000e-01	1.784579e-02	1.487149e-03	1.487149e-03
1.000000e-01	1.500000e-01	2.342260e-02	1.703743e-03	1.703743e-03
1.500000e-01	2.000000e-01	3.953338e-02	2.227278e-03	2.227278e-03
2.000000e-01	2.500000e-01	6.531062e-02	2.850368e-03	2.850368e-03
2.500000e-01	3.000000e-01	1.374374e-01	4.138192e-03	4.138192e-03
3.000000e-01	3.500000e-01	2.617382e-01	5.700737e-03	5.700737e-03
3.500000e-01	4.000000e-01	4.774988e-01	7.708549e-03	7.708549e-03
4.000000e-01	4.500000e-01	5.172800e-01	8.029610e-03	8.029610e-03
4.500000e-01	5.000000e-01	4.344954e-01	7.356836e-03	7.356836e-03
5.000000e-01	5.500000e-01	4.592812e-01	7.558659e-03	7.558659e-03
5.500000e-01	6.000000e-01	6.176626e-01	8.778868e-03	8.778868e-03
6.000000e-01	6.500000e-01	6.699606e-01	9.153989e-03	9.153989e-03
6.500000e-01	7.000000e-01	4.871652e-01	7.783891e-03	7.783891e-03
7.000000e-01	7.500000e-01	3.284120e-01	6.401269e-03	6.401269e-03
7.500000e-01	8.000000e-01	2.461232e-01	5.533957e-03	5.533957e-03
8.000000e-01	8.500000e-01	2.100598e-01	5.105216e-03	5.105216e-03
8.500000e-01	9.000000e-01	1.853979e-01	4.802951e-03	4.802951e-03
9.000000e-01	9.500000e-01	1.536721e-01	4.367511e-03	4.367511e-03
9.500000e-01	1.000000e+00	1.306213e-01	4.027218e-03	4.027218e-03
1.000000e+00	1.050000e+00	9.629290e-02	3.458931e-03	3.458931e-03
1.050000e+00	1.100000e+00	7.857104e-02	3.125372e-03	3.125372e-03
1.100000e+00	1.150000e+00	6.171668e-02	2.771138e-03	2.771138e-03
1.150000e+00	1.200000e+00	5.167842e-02	2.536765e-03	2.536765e-03
1.200000e+00	1.250000e+00	3.779838e-02	2.171412e-03	2.171412e-03
1.250000e+00	1.300000e+00	2.714046e-02	1.833983e-03	1.833983e-03
1.300000e+00	1.350000e+00	2.193544e-02	1.648769e-03	1.648769e-03
1.350000e+00	1.400000e+00	1.747400e-02	1.471576e-03	1.471576e-03
1.400000e+00	1.450000e+00	1.350827e-02	1.293857e-03	1.293857e-03
1.450000e+00	1.500000e+00	1.127755e-02	1.182208e-03	1.182208e-03
# END HISTO1D

# BEGIN HISTO1D //itp/scratch/rauch/Projekte/VBFNLO/VBSCAN/VBSComparison/parton-shower/PHANTOM/plots_loose_cuts2/phantom_norm-scaled.yoda/MC_VBSCAN_MCComparison/z_j3
ErrorBandColor=cyan
ErrorBandOpacity=0.3
ErrorBands=1
LineColor=cyan
LineStyle=solid
Path=//itp/scratch/rauch/Projekte/VBFNLO/VBSCAN/VBSComparison/parton-shower/PHANTOM/plots_loose_cuts2/phantom_norm-scaled.yoda/MC_VBSCAN_MCComparison/z_j3
RatioPlotErrorBandColor=cyan
ScaledBy=5.33155614795067859e-02
Title=PHANTOM+Pythia 8
XLabel=
YLabel=
# xlow	 xhigh	 val	 errminus	 errplus
0.000000e+00	5.000000e-02	6.025192e-01	5.667773e-03	5.667773e-03
5.000000e-02	1.000000e-01	6.306164e-01	5.798419e-03	5.798419e-03
1.000000e-01	1.500000e-01	6.915028e-01	6.071891e-03	6.071891e-03
1.500000e-01	2.000000e-01	7.854448e-01	6.471201e-03	6.471201e-03
2.000000e-01	2.500000e-01	8.536356e-01	6.746261e-03	6.746261e-03
2.500000e-01	3.000000e-01	9.071108e-01	6.954360e-03	6.954360e-03
3.000000e-01	3.500000e-01	1.001160e+00	7.305984e-03	7.305984e-03
3.500000e-01	4.000000e-01	1.050530e+00	7.483956e-03	7.483956e-03
4.000000e-01	4.500000e-01	9.519492e-01	7.124165e-03	7.124165e-03
4.500000e-01	5.000000e-01	7.712628e-01	6.412513e-03	6.412513e-03
5.000000e-01	5.500000e-01	6.950216e-01	6.087321e-03	6.087321e-03
5.500000e-01	6.000000e-01	6.734820e-01	5.992252e-03	5.992252e-03
6.000000e-01	6.500000e-01	6.395736e-01	5.839453e-03	5.839453e-03
6.500000e-01	7.000000e-01	4.973276e-01	5.149301e-03	5.149301e-03
7.000000e-01	7.500000e-01	3.713428e-01	4.449534e-03	4.449534e-03
7.500000e-01	8.000000e-01	2.792136e-01	3.858294e-03	3.858294e-03
8.000000e-01	8.500000e-01	2.184338e-01	3.412612e-03	3.412612e-03
8.500000e-01	9.000000e-01	1.760480e-01	3.063674e-03	3.063674e-03
9.000000e-01	9.500000e-01	1.363812e-01	2.696524e-03	2.696524e-03
9.500000e-01	1.000000e+00	1.078574e-01	2.398015e-03	2.398015e-03
1.000000e+00	1.050000e+00	8.722424e-02	2.156480e-03	2.156480e-03
1.050000e+00	1.100000e+00	6.797736e-02	1.903746e-03	1.903746e-03
1.100000e+00	1.150000e+00	5.064980e-02	1.643296e-03	1.643296e-03
1.150000e+00	1.200000e+00	4.233256e-02	1.502326e-03	1.502326e-03
1.200000e+00	1.250000e+00	3.108298e-02	1.287325e-03	1.287325e-03
1.250000e+00	1.300000e+00	2.452516e-02	1.143491e-03	1.143491e-03
1.300000e+00	1.350000e+00	1.951350e-02	1.019987e-03	1.019987e-03
1.350000e+00	1.400000e+00	1.359547e-02	8.513812e-04	8.513812e-04
1.400000e+00	1.450000e+00	1.194268e-02	7.979544e-04	7.979544e-04
1.450000e+00	1.500000e+00	9.703432e-03	7.192663e-04	7.192663e-04
# END HISTO1D

